STATE_CODE,SHRP_ID,CONSTRUCTION_NO,YEAR_VISITED,VISIT_DATE,MRI,PRECIPITATION,TEMP_MEAN_AVG,FREEZE_INDEX,FREEZE_THAW,REL_HUM_AVG_AVG,AADTT,AGE,H_AC,Eng_Fab,Treated_Base,Treated_Subbase,H_TOT,Days_since_last_MRI
1,0101,1,1995,1995-10-30,0.6573000073432922,1258.24,17.899999618530273,7.0,54.0,75,2259,5,188.0,False,False,False,388.7,0.0
1,0101,1,1996,1996-06-02,0.6812250018119812,1201.48,17.200000762939453,27.0,54.0,76,3057,6,188.0,False,False,False,388.7,216.0
1,0101,1,1997,1997-08-24,0.6946000009775162,1475.31,17.399999618530273,5.0,31.0,78,3879,7,188.0,False,False,False,388.7,448.0
1,0101,1,1998,1998-06-23,0.7382250025868415,1396.67,18.799999237060547,0.0,23.0,76,4726,8,188.0,False,False,False,388.7,303.0
1,0101,1,1999,1999-09-28,0.713699996471405,1145.22,18.5,6.0,35.0,71,5598,9,188.0,False,False,False,388.7,462.0
1,0101,1,2001,2001-03-14,0.7429999947547913,1167.22,17.899999618530273,3.0,33.0,74,7422,11,188.0,False,False,False,388.7,533.0
1,0101,1,2002,2002-03-10,0.7057999968528748,1117.79,18.39999961853028,3.0,46.0,74,8375,12,188.0,False,False,False,388.7,361.0
1,0101,1,2003,2003-01-29,0.73160001039505,1593.82,17.5,6.0,50.0,79,9357,13,188.0,False,False,False,388.7,325.0
1,0101,1,2004,2004-04-27,0.7754999935626984,1378.56,18.100000381469727,2.0,39.0,75,10368,14,188.0,False,False,False,388.7,454.0
1,0101,1,2005,2005-05-04,0.785700011253357,1847.56,17.799999237060547,2.0,38.0,77,11410,15,188.0,False,False,False,388.7,372.0
1,0102,1,1994,1994-08-25,0.9469000041484832,1845.33,17.200000762939453,10.0,34.0,81,1484,4,106.7,False,False,False,411.5,0.0
1,0102,1,1995,1995-10-30,0.8974999964237214,1258.24,17.899999618530273,7.0,54.0,75,2259,5,106.7,False,False,False,411.5,431.0
1,0102,1,1996,1996-06-02,0.9103750005364418,1201.48,17.200000762939453,27.0,54.0,76,3057,6,106.7,False,False,False,411.5,216.0
1,0102,1,1997,1997-08-24,0.920349994301796,1475.31,17.399999618530273,5.0,31.0,78,3879,7,106.7,False,False,False,411.5,448.0
1,0102,1,1998,1998-06-23,1.068174993991852,1396.67,18.799999237060547,0.0,23.0,76,4726,8,106.7,False,False,False,411.5,303.0
1,0102,1,1999,1999-09-28,1.1853999972343443,1145.22,18.5,6.0,35.0,71,5598,9,106.7,False,False,False,411.5,462.0
1,0102,1,2001,2001-03-14,1.3729000210762023,1167.22,17.899999618530273,3.0,33.0,74,7422,11,106.7,False,False,False,411.5,533.0
1,0102,1,2002,2002-03-10,1.7075999855995176,1117.79,18.39999961853028,3.0,46.0,74,8375,12,106.7,False,False,False,411.5,361.0
1,0102,1,2003,2003-01-29,2.183399999141693,1593.82,17.5,6.0,50.0,79,9357,13,106.7,False,False,False,411.5,325.0
1,0102,2,2004,2004-04-27,2.9682000160217283,1378.56,18.100000381469727,2.0,39.0,75,10368,14,106.7,False,False,False,411.5,454.0
1,0102,2,2005,2005-05-04,3.0984999895095826,1847.56,17.799999237060547,2.0,38.0,77,11410,15,106.7,False,False,False,411.5,372.0
1,0103,1,1996,1996-01-10,0.7936000108718873,1201.48,17.200000762939453,27.0,54.0,76,3057,6,106.7,False,True,False,294.7,0.0
1,0103,1,1997,1997-07-03,0.7594000041484832,1475.31,17.399999618530273,5.0,31.0,78,3879,7,106.7,False,True,False,294.7,540.0
1,0103,1,1998,1998-01-27,0.7979999899864196,1396.67,18.799999237060547,0.0,23.0,76,4726,8,106.7,False,True,False,294.7,208.0
1,0103,1,1999,1999-09-28,0.831199997663498,1145.22,18.5,6.0,35.0,71,5598,9,106.7,False,True,False,294.7,609.0
1,0103,1,2001,2001-03-14,0.826200008392334,1167.22,17.899999618530273,3.0,33.0,74,7422,11,106.7,False,True,False,294.7,533.0
1,0103,1,2002,2002-03-10,0.7747000098228455,1117.79,18.39999961853028,3.0,46.0,74,8375,12,106.7,False,True,False,294.7,361.0
1,0103,1,2003,2003-01-29,0.8045000016689301,1593.82,17.5,6.0,50.0,79,9357,13,106.7,False,True,False,294.7,325.0
1,0103,1,2004,2004-04-27,0.8012999951839448,1378.56,18.100000381469727,2.0,39.0,75,10368,14,106.7,False,True,False,294.7,454.0
1,0103,1,2005,2005-05-04,0.834500002861023,1847.56,17.799999237060547,2.0,38.0,77,11410,15,106.7,False,True,False,294.7,372.0
1,0104,1,1996,1996-01-10,0.5942000150680542,1201.48,17.200000762939453,27.0,54.0,76,3057,6,160.1,False,True,False,470.0,0.0
1,0104,1,1997,1997-07-03,0.6427999973297118,1475.31,17.399999618530273,5.0,31.0,78,3879,7,160.1,False,True,False,470.0,540.0
1,0104,1,1998,1998-03-11,0.6550499945878983,1396.67,18.799999237060547,0.0,23.0,76,4726,8,160.1,False,True,False,470.0,251.0
1,0104,1,1999,1999-09-28,0.6314000010490417,1145.22,18.5,6.0,35.0,71,5598,9,160.1,False,True,False,470.0,566.0
1,0104,1,2001,2001-03-14,0.6477000057697296,1167.22,17.899999618530273,3.0,33.0,74,7422,11,160.1,False,True,False,470.0,533.0
1,0104,1,2002,2002-03-10,0.6155999958515168,1117.79,18.39999961853028,3.0,46.0,74,8375,12,160.1,False,True,False,470.0,361.0
1,0104,1,2003,2003-01-29,0.6597000002861022,1593.82,17.5,6.0,50.0,79,9357,13,160.1,False,True,False,470.0,325.0
1,0104,1,2004,2004-04-27,0.6559000015258789,1378.56,18.100000381469727,2.0,39.0,75,10368,14,160.1,False,True,False,470.0,454.0
1,0104,1,2005,2005-05-04,0.6840999960899352,1847.56,17.799999237060547,2.0,38.0,77,11410,15,160.1,False,True,False,470.0,372.0
1,0105,1,1996,1996-01-10,0.6142999947071075,1201.48,17.200000762939453,27.0,54.0,76,3057,6,104.1,False,True,False,309.79999999999995,0.0
1,0105,1,1997,1997-07-03,0.6428000092506408,1475.31,17.399999618530273,5.0,31.0,78,3879,7,104.1,False,True,False,309.79999999999995,540.0
1,0105,1,1998,1998-01-27,0.6342000007629395,1396.67,18.799999237060547,0.0,23.0,76,4726,8,104.1,False,True,False,309.79999999999995,208.0
1,0105,1,1999,1999-09-28,0.647900003194809,1145.22,18.5,6.0,35.0,71,5598,9,104.1,False,True,False,309.79999999999995,609.0
1,0105,1,2001,2001-03-14,0.6370000064373016,1167.22,17.899999618530273,3.0,33.0,74,7422,11,104.1,False,True,False,309.79999999999995,533.0
1,0105,1,2002,2002-03-10,0.6196000039577484,1117.79,18.39999961853028,3.0,46.0,74,8375,12,104.1,False,True,False,309.79999999999995,361.0
1,0105,1,2003,2003-01-29,0.6546999990940094,1593.82,17.5,6.0,50.0,79,9357,13,104.1,False,True,False,309.79999999999995,325.0
1,0105,1,2004,2004-04-27,0.6837000131607056,1378.56,18.100000381469727,2.0,39.0,75,10368,14,104.1,False,True,False,309.79999999999995,454.0
1,0105,1,2005,2005-05-04,0.6940000057220459,1847.56,17.799999237060547,2.0,38.0,77,11410,15,104.1,False,True,False,309.79999999999995,372.0
1,0106,1,1994,1994-08-25,0.7470000028610229,1845.33,17.200000762939453,10.0,34.0,81,1484,4,175.29999999999998,False,True,False,591.9,0.0
1,0106,1,1996,1996-01-10,0.5817999958992004,1201.48,17.200000762939453,27.0,54.0,76,3057,6,175.29999999999998,False,True,False,591.9,503.0
1,0106,1,1997,1997-07-03,0.6130999982357026,1475.31,17.399999618530273,5.0,31.0,78,3879,7,175.29999999999998,False,True,False,591.9,540.0
1,0106,1,1998,1998-01-27,0.6544999957084656,1396.67,18.799999237060547,0.0,23.0,76,4726,8,175.29999999999998,False,True,False,591.9,208.0
1,0106,1,1999,1999-09-28,0.6949999988079071,1145.22,18.5,6.0,35.0,71,5598,9,175.29999999999998,False,True,False,591.9,609.0
1,0106,1,2001,2001-03-14,0.6889999985694886,1167.22,17.899999618530273,3.0,33.0,74,7422,11,175.29999999999998,False,True,False,591.9,533.0
1,0106,1,2002,2002-03-10,0.6597999930381775,1117.79,18.39999961853028,3.0,46.0,74,8375,12,175.29999999999998,False,True,False,591.9,361.0
1,0106,1,2003,2003-01-29,0.7324999928474427,1593.82,17.5,6.0,50.0,79,9357,13,175.29999999999998,False,True,False,591.9,325.0
1,0106,1,2004,2004-04-27,0.7429999947547912,1378.56,18.100000381469727,2.0,39.0,75,10368,14,175.29999999999998,False,True,False,591.9,454.0
1,0106,1,2005,2005-05-04,0.7639999985694885,1847.56,17.799999237060547,2.0,38.0,77,11410,15,175.29999999999998,False,True,False,591.9,372.0
1,0107,1,1994,1994-08-24,0.811900007724762,1845.33,17.200000762939453,10.0,34.0,81,1484,4,116.9,False,True,False,320.1,0.0
1,0107,1,1996,1996-01-10,0.6560999929904938,1201.48,17.200000762939453,27.0,54.0,76,3057,6,116.9,False,True,False,320.1,504.0
1,0107,1,1997,1997-07-03,0.627400004863739,1475.31,17.399999618530273,5.0,31.0,78,3879,7,116.9,False,True,False,320.1,540.0
1,0107,1,1998,1998-01-27,0.6661000072956085,1396.67,18.799999237060547,0.0,23.0,76,4726,8,116.9,False,True,False,320.1,208.0
1,0107,1,1999,1999-09-28,0.7568000078201294,1145.22,18.5,6.0,35.0,71,5598,9,116.9,False,True,False,320.1,609.0
1,0107,2,2001,2001-03-14,0.9627000153064728,1167.22,17.899999618530273,3.0,33.0,74,7422,11,116.9,False,True,False,320.1,533.0
1,0108,1,1994,1994-08-24,0.875,1845.33,17.200000762939453,10.0,34.0,81,1484,4,182.8,False,True,False,492.7,0.0
1,0108,1,1996,1996-01-10,0.7599999964237213,1201.48,17.200000762939453,27.0,54.0,76,3057,6,182.8,False,True,False,492.7,504.0
1,0108,1,1997,1997-07-03,0.7427999973297119,1475.31,17.399999618530273,5.0,31.0,78,3879,7,182.8,False,True,False,492.7,540.0
1,0108,1,1998,1998-03-11,0.7653500020503998,1396.67,18.799999237060547,0.0,23.0,76,4726,8,182.8,False,True,False,492.7,251.0
1,0108,1,1999,1999-09-28,0.7313000082969665,1145.22,18.5,6.0,35.0,71,5598,9,182.8,False,True,False,492.7,566.0
1,0108,1,2001,2001-03-14,0.7432000100612641,1167.22,17.899999618530273,3.0,33.0,74,7422,11,182.8,False,True,False,492.7,533.0
1,0108,1,2002,2002-03-10,0.7502000033855438,1117.79,18.39999961853028,3.0,46.0,74,8375,12,182.8,False,True,False,492.7,361.0
1,0108,1,2003,2003-01-29,0.731199997663498,1593.82,17.5,6.0,50.0,79,9357,13,182.8,False,True,False,492.7,325.0
1,0108,1,2004,2004-04-27,0.7627000033855438,1378.56,18.100000381469727,2.0,39.0,75,10368,14,182.8,False,True,False,492.7,454.0
1,0108,1,2005,2005-05-04,0.7932000041007996,1847.56,17.799999237060547,2.0,38.0,77,11410,15,182.8,False,True,False,492.7,372.0
1,0109,1,1996,1996-01-10,0.7311999917030334,1201.48,17.200000762939453,27.0,54.0,76,3057,6,180.4,False,True,False,594.4,0.0
1,0109,1,1997,1997-07-03,0.7091000080108643,1475.31,17.399999618530273,5.0,31.0,78,3879,7,180.4,False,True,False,594.4,540.0
1,0109,1,1998,1998-01-27,0.6793000102043152,1396.67,18.799999237060547,0.0,23.0,76,4726,8,180.4,False,True,False,594.4,208.0
1,0109,1,1999,1999-09-28,0.7440000057220459,1145.22,18.5,6.0,35.0,71,5598,9,180.4,False,True,False,594.4,609.0
1,0109,1,2001,2001-03-14,0.7499999940395354,1167.22,17.899999618530273,3.0,33.0,74,7422,11,180.4,False,True,False,594.4,533.0
1,0109,1,2002,2002-03-10,0.7542000055313111,1117.79,18.39999961853028,3.0,46.0,74,8375,12,180.4,False,True,False,594.4,361.0
1,0109,1,2003,2003-01-29,0.7209000051021577,1593.82,17.5,6.0,50.0,79,9357,13,180.4,False,True,False,594.4,325.0
1,0109,1,2004,2004-04-27,0.7587000012397767,1378.56,18.100000381469727,2.0,39.0,75,10368,14,180.4,False,True,False,594.4,454.0
1,0109,1,2005,2005-05-04,0.7748999953269958,1847.56,17.799999237060547,2.0,38.0,77,11410,15,180.4,False,True,False,594.4,372.0
1,0110,1,1996,1996-01-10,0.6866000056266784,1201.48,17.200000762939453,27.0,54.0,76,3057,6,188.0,True,True,False,386.1,0.0
1,0110,1,1997,1997-07-03,0.680100005865097,1475.31,17.399999618530273,5.0,31.0,78,3879,7,188.0,True,True,False,386.1,540.0
1,0110,1,1998,1998-03-11,0.7588499993085862,1396.67,18.799999237060547,0.0,23.0,76,4726,8,188.0,True,True,False,386.1,251.0
1,0110,1,1999,1999-09-28,0.6867000043392182,1145.22,18.5,6.0,35.0,71,5598,9,188.0,True,True,False,386.1,566.0
1,0110,1,2001,2001-03-14,0.6891999959945678,1167.22,17.899999618530273,3.0,33.0,74,7422,11,188.0,True,True,False,386.1,533.0
1,0110,1,2002,2002-03-10,0.682399994134903,1117.79,18.39999961853028,3.0,46.0,74,8375,12,188.0,True,True,False,386.1,361.0
1,0110,1,2003,2003-01-29,0.6719000101089478,1593.82,17.5,6.0,50.0,79,9357,13,188.0,True,True,False,386.1,325.0
1,0110,1,2004,2004-04-27,0.6932999908924102,1378.56,18.100000381469727,2.0,39.0,75,10368,14,188.0,True,True,False,386.1,454.0
1,0110,1,2005,2005-05-04,0.7395000040531159,1847.56,17.799999237060547,2.0,38.0,77,11410,15,188.0,True,True,False,386.1,372.0
1,0111,1,1996,1996-01-10,0.5679000079631806,1201.48,17.200000762939453,27.0,54.0,76,3057,6,91.4,True,True,False,393.6,0.0
1,0111,1,1997,1997-07-03,0.5655999958515168,1475.31,17.399999618530273,5.0,31.0,78,3879,7,91.4,True,True,False,393.6,540.0
1,0111,1,1998,1998-01-27,0.5695999979972839,1396.67,18.799999237060547,0.0,23.0,76,4726,8,91.4,True,True,False,393.6,208.0
1,0111,1,1999,1999-09-28,0.586300003528595,1145.22,18.5,6.0,35.0,71,5598,9,91.4,True,True,False,393.6,609.0
1,0111,1,2001,2001-03-14,0.5947999954223633,1167.22,17.899999618530273,3.0,33.0,74,7422,11,91.4,True,True,False,393.6,533.0
1,0111,1,2002,2002-03-10,0.5846000015735626,1117.79,18.39999961853028,3.0,46.0,74,8375,12,91.4,True,True,False,393.6,361.0
1,0111,1,2003,2003-01-29,0.5981000006198883,1593.82,17.5,6.0,50.0,79,9357,13,91.4,True,True,False,393.6,325.0
1,0111,1,2005,2005-05-04,0.6287999987602234,1847.56,17.799999237060547,2.0,38.0,77,11410,15,91.4,True,True,False,393.6,826.0
1,0112,1,1994,1994-08-25,0.8053000152111054,1845.33,17.200000762939453,10.0,34.0,81,1484,4,83.8,True,True,False,487.7,0.0
1,0112,1,1996,1996-01-10,0.6716000020503998,1201.48,17.200000762939453,27.0,54.0,76,3057,6,83.8,True,True,False,487.7,503.0
1,0112,1,1997,1997-07-03,0.6745000064373017,1475.31,17.399999618530273,5.0,31.0,78,3879,7,83.8,True,True,False,487.7,540.0
1,0112,1,1998,1998-01-27,0.7248999893665313,1396.67,18.799999237060547,0.0,23.0,76,4726,8,83.8,True,True,False,487.7,208.0
1,0112,1,1999,1999-09-28,0.6933000028133391,1145.22,18.5,6.0,35.0,71,5598,9,83.8,True,True,False,487.7,609.0
1,0112,1,2001,2001-03-14,0.729700005054474,1167.22,17.899999618530273,3.0,33.0,74,7422,11,83.8,True,True,False,487.7,533.0
1,0112,1,2002,2002-03-10,0.7014000058174132,1117.79,18.39999961853028,3.0,46.0,74,8375,12,83.8,True,True,False,487.7,361.0
1,0112,1,2003,2003-01-29,0.7287000000476838,1593.82,17.5,6.0,50.0,79,9357,13,83.8,True,True,False,487.7,325.0
1,0112,1,2004,2004-04-27,0.7359000027179718,1378.56,18.100000381469727,2.0,39.0,75,10368,14,83.8,True,True,False,487.7,454.0
1,0112,1,2005,2005-05-04,0.7648000001907349,1847.56,17.799999237060547,2.0,38.0,77,11410,15,83.8,True,True,False,487.7,372.0
1,0161,1,1996,1996-01-10,0.6617999970912933,1201.48,17.200000762939453,27.0,54.0,76,3057,6,104.2,False,True,False,401.4,0.0
1,0161,1,1997,1997-07-03,0.6646000027656556,1475.31,17.399999618530273,5.0,31.0,78,3879,7,104.2,False,True,False,401.4,540.0
1,0161,1,1998,1998-01-27,0.7620999932289123,1396.67,18.799999237060547,0.0,23.0,76,4726,8,104.2,False,True,False,401.4,208.0
1,0161,1,1999,1999-09-28,0.7198000013828277,1145.22,18.5,6.0,35.0,71,5598,9,104.2,False,True,False,401.4,609.0
1,0161,1,2001,2001-03-14,0.7140999972820282,1167.22,17.899999618530273,3.0,33.0,74,7422,11,104.2,False,True,False,401.4,533.0
1,0161,1,2002,2002-03-10,0.7403000056743623,1117.79,18.39999961853028,3.0,46.0,74,8375,12,104.2,False,True,False,401.4,361.0
1,0161,1,2003,2003-01-29,0.748199999332428,1593.82,17.5,6.0,50.0,79,9357,13,104.2,False,True,False,401.4,325.0
1,0161,1,2004,2004-04-27,0.7495000004768371,1378.56,18.100000381469727,2.0,39.0,75,10368,14,104.2,False,True,False,401.4,454.0
1,0161,1,2005,2005-05-04,0.7678999960422516,1847.56,17.799999237060547,2.0,38.0,77,11410,15,104.2,False,True,False,401.4,372.0
1,0162,1,1994,1994-08-25,0.8923000037670136,1845.33,17.200000762939453,10.0,34.0,81,1484,4,99.0,False,True,False,350.5,0.0
1,0162,1,1996,1996-01-10,0.7155999958515167,1201.48,17.200000762939453,27.0,54.0,76,3057,6,99.0,False,True,False,350.5,503.0
1,0162,1,1997,1997-07-03,0.7350999891757966,1475.31,17.399999618530273,5.0,31.0,78,3879,7,99.0,False,True,False,350.5,540.0
1,0162,1,1998,1998-01-27,0.775600004196167,1396.67,18.799999237060547,0.0,23.0,76,4726,8,99.0,False,True,False,350.5,208.0
1,0162,1,1999,1999-09-28,0.798499995470047,1145.22,18.5,6.0,35.0,71,5598,9,99.0,False,True,False,350.5,609.0
1,0162,1,2001,2001-03-14,0.8012000024318695,1167.22,17.899999618530273,3.0,33.0,74,7422,11,99.0,False,True,False,350.5,533.0
1,0162,1,2002,2002-03-10,0.7879000008106232,1117.79,18.39999961853028,3.0,46.0,74,8375,12,99.0,False,True,False,350.5,361.0
1,0162,1,2003,2003-01-29,0.8294000029563904,1593.82,17.5,6.0,50.0,79,9357,13,99.0,False,True,False,350.5,325.0
1,0162,1,2004,2004-04-27,0.8672000050544739,1378.56,18.100000381469727,2.0,39.0,75,10368,14,99.0,False,True,False,350.5,454.0
1,0162,1,2005,2005-05-04,0.8612999975681306,1847.56,17.799999237060547,2.0,38.0,77,11410,15,99.0,False,True,False,350.5,372.0
1,0163,1,1993,1993-08-11,0.8216000080108643,1280.38,17.399999618530273,4.0,40.0,75,731,3,106.7,True,True,False,523.2,0.0
1,0163,1,1996,1996-01-10,0.7800999999046325,1201.48,17.200000762939453,27.0,54.0,76,3057,6,106.7,True,True,False,523.2,882.0
1,0163,1,1997,1997-07-03,0.7821000039577484,1475.31,17.399999618530273,5.0,31.0,78,3879,7,106.7,True,True,False,523.2,540.0
1,0163,1,1998,1998-01-27,0.8237999856472016,1396.67,18.799999237060547,0.0,23.0,76,4726,8,106.7,True,True,False,523.2,208.0
1,0163,1,1999,1999-09-28,0.8428999960422516,1145.22,18.5,6.0,35.0,71,5598,9,106.7,True,True,False,523.2,609.0
1,0163,1,2001,2001-03-14,0.8541999995708466,1167.22,17.899999618530273,3.0,33.0,74,7422,11,106.7,True,True,False,523.2,533.0
1,0163,1,2002,2002-03-10,0.8371999979019165,1117.79,18.39999961853028,3.0,46.0,74,8375,12,106.7,True,True,False,523.2,361.0
1,0163,1,2003,2003-01-29,0.8833999931812286,1593.82,17.5,6.0,50.0,79,9357,13,106.7,True,True,False,523.2,325.0
1,0163,1,2004,2004-04-27,0.8760999977588654,1378.56,18.100000381469727,2.0,39.0,75,10368,14,106.7,True,True,False,523.2,454.0
1,0163,1,2005,2005-05-04,0.8917000114917755,1847.56,17.799999237060547,2.0,38.0,77,11410,15,106.7,True,True,False,523.2,372.0
1,0502,1,1991,1991-07-08,1.0360000014305115,1523.57,18.799999237060547,0.0,20.0,82,5434,16,88.89999999999999,False,False,False,505.5,0.0
1,0502,2,1992,1992-04-01,0.7744999974966049,1439.14,18.100000381469727,0.0,17.0,82,5849,17,137.2,False,False,False,553.8000000000001,268.0
1,0502,2,1994,1994-08-10,0.8539999961853026,1675.69,18.39999961853028,1.0,24.0,84,6517,19,137.2,False,False,False,553.8000000000001,861.0
1,0502,2,1996,1996-04-11,0.819299989938736,1393.61,18.0,15.0,37.0,80,7437,21,137.2,False,False,False,553.8000000000001,610.0
1,0502,2,1999,1999-09-29,0.814300000667572,912.17,19.5,4.0,23.0,75,8923,24,137.2,False,False,False,553.8000000000001,1266.0
1,0502,2,2001,2001-03-13,0.8376999974250794,1061.33,19.200000762939453,1.0,21.0,75,9937,26,137.2,False,False,False,553.8000000000001,531.0
1,0502,2,2002,2002-03-08,0.8421999990940094,1282.49,19.600000381469727,0.0,25.0,76,10460,27,137.2,False,False,False,553.8000000000001,360.0
1,0502,2,2003,2003-01-29,0.8876999974250794,1449.87,18.39999961853028,2.0,40.0,82,10993,28,137.2,False,False,False,553.8000000000001,327.0
1,0502,2,2004,2004-04-23,0.954500013589859,1167.64,19.100000381469727,0.0,23.0,78,11536,29,137.2,False,False,False,553.8000000000001,450.0
1,0502,2,2005,2005-05-05,1.010500007867813,1690.03,19.0,0.0,17.0,79,12090,30,137.2,False,False,False,553.8000000000001,377.0
1,0502,2,2006,2006-08-03,1.0141000032424925,588.59,20.100000381469727,0.0,17.0,71,12654,31,137.2,False,False,False,553.8000000000001,455.0
1,0502,2,2008,2008-09-28,1.109599995613098,1317.44,18.700000762939453,2.0,33.0,78,13814,33,137.2,False,False,False,553.8000000000001,787.0
1,0502,2,2009,2009-03-30,1.0688999950885774,1569.84,18.5,1.0,28.0,83,14409,34,137.2,False,False,False,553.8000000000001,183.0
1,0502,2,2013,2013-10-30,1.223199999332428,1526.63,18.799999237060547,0.0,21.0,81,16895,38,137.2,False,False,False,553.8000000000001,1675.0
1,0502,2,2014,2014-10-12,1.3601000189781187,1582.78,18.39999961853028,9.0,26.0,80,17542,39,137.2,False,False,False,553.8000000000001,347.0
1,0502,2,2015,2015-10-21,1.2776999950408936,1287.36,20.100000381469727,3.0,20.0,80,18200,40,137.2,False,False,False,553.8000000000001,374.0
1,0502,2,2017,2017-03-16,1.289299988746643,965.71,19.89999961853028,2.0,11.0,79,19547,42,137.2,False,False,False,553.8000000000001,512.0
1,0503,1,1991,1991-07-09,0.990499985218048,1523.57,18.799999237060547,0.0,20.0,82,5434,16,83.8,False,False,False,500.4,0.0
1,0503,2,1992,1992-04-02,0.8260000050067902,1439.14,18.100000381469727,0.0,17.0,82,5849,17,208.2,False,False,False,624.8,268.0
1,0503,2,1994,1994-08-10,0.8680000007152557,1675.69,18.39999961853028,1.0,24.0,84,6517,19,208.2,False,False,False,624.8,860.0
1,0503,2,1996,1996-04-11,0.8643000066280365,1393.61,18.0,15.0,37.0,80,7437,21,208.2,False,False,False,624.8,610.0
1,0503,2,1999,1999-09-29,0.8137000024318695,912.17,19.5,4.0,23.0,75,8923,24,208.2,False,False,False,624.8,1266.0
1,0503,2,2001,2001-03-13,0.7814999938011169,1061.33,19.200000762939453,1.0,21.0,75,9937,26,208.2,False,False,False,624.8,531.0
1,0503,2,2002,2002-03-08,0.94760000705719,1282.49,19.600000381469727,0.0,25.0,76,10460,27,208.2,False,False,False,624.8,360.0
1,0503,2,2003,2003-01-29,0.8117999911308289,1449.87,18.39999961853028,2.0,40.0,82,10993,28,208.2,False,False,False,624.8,327.0
1,0503,2,2004,2004-04-23,0.8499999880790711,1167.64,19.100000381469727,0.0,23.0,78,11536,29,208.2,False,False,False,624.8,450.0
1,0503,2,2005,2005-05-05,0.8753000020980835,1690.03,19.0,0.0,17.0,79,12090,30,208.2,False,False,False,624.8,377.0
1,0503,2,2006,2006-08-03,0.9027999997138978,588.59,20.100000381469727,0.0,17.0,71,12654,31,208.2,False,False,False,624.8,455.0
1,0503,2,2008,2008-09-28,1.0709000051021575,1317.44,18.700000762939453,2.0,33.0,78,13814,33,208.2,False,False,False,624.8,787.0
1,0503,2,2009,2009-03-30,1.0289999961853027,1569.84,18.5,1.0,28.0,83,14409,34,208.2,False,False,False,624.8,183.0
1,0503,2,2013,2013-10-30,1.148500007390976,1526.63,18.799999237060547,0.0,21.0,81,16895,38,208.2,False,False,False,624.8,1675.0
1,0503,2,2014,2014-10-12,1.171999990940094,1582.78,18.39999961853028,9.0,26.0,80,17542,39,208.2,False,False,False,624.8,347.0
1,0503,2,2015,2015-10-21,1.2603999972343445,1287.36,20.100000381469727,3.0,20.0,80,18200,40,208.2,False,False,False,624.8,374.0
1,0503,2,2017,2017-03-16,1.3354999899864195,965.71,19.89999961853028,2.0,11.0,79,19547,42,208.2,False,False,False,624.8,512.0
1,0504,1,1991,1991-07-08,1.0307000041007996,1523.57,18.799999237060547,0.0,20.0,82,5434,16,88.9,False,False,False,500.4,0.0
1,0504,2,1992,1992-04-01,0.8482000052928924,1439.14,18.100000381469727,0.0,17.0,82,5849,17,205.8,False,False,False,617.3,268.0
1,0504,2,1994,1994-08-10,0.9174000024795532,1675.69,18.39999961853028,1.0,24.0,84,6517,19,205.8,False,False,False,617.3,861.0
1,0504,2,1996,1996-04-11,0.926800012588501,1393.61,18.0,15.0,37.0,80,7437,21,205.8,False,False,False,617.3,610.0
1,0504,2,1999,1999-09-29,0.8921999931335449,912.17,19.5,4.0,23.0,75,8923,24,205.8,False,False,False,617.3,1266.0
1,0504,2,2001,2001-03-13,0.8837000012397767,1061.33,19.200000762939453,1.0,21.0,75,9937,26,205.8,False,False,False,617.3,531.0
1,0504,2,2002,2002-03-08,0.7773000061511994,1282.49,19.600000381469727,0.0,25.0,76,10460,27,205.8,False,False,False,617.3,360.0
1,0504,2,2003,2003-01-29,0.8927999973297118,1449.87,18.39999961853028,2.0,40.0,82,10993,28,205.8,False,False,False,617.3,327.0
1,0504,2,2004,2004-04-23,0.8908999979496002,1167.64,19.100000381469727,0.0,23.0,78,11536,29,205.8,False,False,False,617.3,450.0
1,0504,2,2005,2005-05-05,0.9275000035762788,1690.03,19.0,0.0,17.0,79,12090,30,205.8,False,False,False,617.3,377.0
1,0504,2,2006,2006-08-03,0.9187999963760376,588.59,20.100000381469727,0.0,17.0,71,12654,31,205.8,False,False,False,617.3,455.0
1,0504,2,2008,2008-09-28,1.11939999461174,1317.44,18.700000762939453,2.0,33.0,78,13814,33,205.8,False,False,False,617.3,787.0
1,0504,2,2009,2009-03-30,1.057200002670288,1569.84,18.5,1.0,28.0,83,14409,34,205.8,False,False,False,617.3,183.0
1,0504,2,2013,2013-10-30,0.975,1526.63,18.799999237060547,0.0,21.0,81,16895,38,205.8,False,False,False,617.3,1675.0
1,0504,2,2014,2014-10-12,0.9734000027179718,1582.78,18.39999961853028,9.0,26.0,80,17542,39,205.8,False,False,False,617.3,347.0
1,0504,2,2015,2015-10-21,0.9893999993801116,1287.36,20.100000381469727,3.0,20.0,80,18200,40,205.8,False,False,False,617.3,374.0
1,0504,2,2017,2017-03-16,1.0003000020980837,965.71,19.89999961853028,2.0,11.0,79,19547,42,205.8,False,False,False,617.3,512.0
1,0505,1,1991,1991-07-08,1.1371999979019165,1523.57,18.799999237060547,0.0,20.0,82,5434,16,83.9,False,False,False,500.5,0.0
1,0505,2,1992,1992-04-01,0.8245000004768371,1439.14,18.100000381469727,0.0,17.0,82,5849,17,134.7,False,False,False,551.3000000000001,268.0
1,0505,2,1994,1994-08-10,0.8990999937057494,1675.69,18.39999961853028,1.0,24.0,84,6517,19,134.7,False,False,False,551.3000000000001,861.0
1,0505,2,1996,1996-04-11,0.9119999945163728,1393.61,18.0,15.0,37.0,80,7437,21,134.7,False,False,False,551.3000000000001,610.0
1,0505,2,1999,1999-09-29,0.8708000123500824,912.17,19.5,4.0,23.0,75,8923,24,134.7,False,False,False,551.3000000000001,1266.0
1,0505,2,2001,2001-03-13,0.8787000119686127,1061.33,19.200000762939453,1.0,21.0,75,9937,26,134.7,False,False,False,551.3000000000001,531.0
1,0505,2,2002,2002-03-08,0.987799996137619,1282.49,19.600000381469727,0.0,25.0,76,10460,27,134.7,False,False,False,551.3000000000001,360.0
1,0505,2,2003,2003-01-29,0.9352999985218048,1449.87,18.39999961853028,2.0,40.0,82,10993,28,134.7,False,False,False,551.3000000000001,327.0
1,0505,2,2004,2004-04-23,1.0078000128269196,1167.64,19.100000381469727,0.0,23.0,78,11536,29,134.7,False,False,False,551.3000000000001,450.0
1,0505,2,2005,2005-05-05,1.0720000207424163,1690.03,19.0,0.0,17.0,79,12090,30,134.7,False,False,False,551.3000000000001,377.0
1,0505,2,2006,2006-08-03,1.0597000122070312,588.59,20.100000381469727,0.0,17.0,71,12654,31,134.7,False,False,False,551.3000000000001,455.0
1,0505,2,2008,2008-09-28,1.204900002479553,1317.44,18.700000762939453,2.0,33.0,78,13814,33,134.7,False,False,False,551.3000000000001,787.0
1,0505,2,2009,2009-03-30,1.1605999946594237,1569.84,18.5,1.0,28.0,83,14409,34,134.7,False,False,False,551.3000000000001,183.0
1,0505,2,2013,2013-10-30,1.2483999967575072,1526.63,18.799999237060547,0.0,21.0,81,16895,38,134.7,False,False,False,551.3000000000001,1675.0
1,0505,2,2014,2014-10-12,1.2971000134944917,1582.78,18.39999961853028,9.0,26.0,80,17542,39,134.7,False,False,False,551.3000000000001,347.0
1,0505,2,2015,2015-10-21,1.2933000087738038,1287.36,20.100000381469727,3.0,20.0,80,18200,40,134.7,False,False,False,551.3000000000001,374.0
1,0505,2,2017,2017-03-16,1.255599999427795,965.71,19.89999961853028,2.0,11.0,79,19547,42,134.7,False,False,False,551.3000000000001,512.0
1,0506,1,1991,1991-07-08,1.0492500141263008,1523.57,18.799999237060547,0.0,20.0,82,5434,16,106.7,False,False,False,513.1,0.0
1,0506,2,1992,1992-04-01,0.6969000041484833,1439.14,18.100000381469727,0.0,17.0,82,5849,17,144.8,False,False,False,551.1999999999999,268.0
1,0506,2,1994,1994-08-10,0.7676999986171722,1675.69,18.39999961853028,1.0,24.0,84,6517,19,144.8,False,False,False,551.1999999999999,861.0
1,0506,2,1996,1996-04-10,0.788399988412857,1393.61,18.0,15.0,37.0,80,7437,21,144.8,False,False,False,551.1999999999999,609.0
1,0506,2,1999,1999-09-29,0.7464999914169312,912.17,19.5,4.0,23.0,75,8923,24,144.8,False,False,False,551.1999999999999,1267.0
1,0506,2,2001,2001-03-13,0.7359000027179718,1061.33,19.200000762939453,1.0,21.0,75,9937,26,144.8,False,False,False,551.1999999999999,531.0
1,0506,2,2002,2002-03-08,0.688999992609024,1282.49,19.600000381469727,0.0,25.0,76,10460,27,144.8,False,False,False,551.1999999999999,360.0
1,0506,2,2003,2003-01-29,0.7400000035762786,1449.87,18.39999961853028,2.0,40.0,82,10993,28,144.8,False,False,False,551.1999999999999,327.0
1,0506,2,2004,2004-04-23,0.7481999933719634,1167.64,19.100000381469727,0.0,23.0,78,11536,29,144.8,False,False,False,551.1999999999999,450.0
1,0506,2,2005,2005-05-05,0.7902000069618225,1690.03,19.0,0.0,17.0,79,12090,30,144.8,False,False,False,551.1999999999999,377.0
1,0506,2,2006,2006-08-03,0.81010000705719,588.59,20.100000381469727,0.0,17.0,71,12654,31,144.8,False,False,False,551.1999999999999,455.0
1,0506,2,2008,2008-09-28,0.9950000047683716,1317.44,18.700000762939453,2.0,33.0,78,13814,33,144.8,False,False,False,551.1999999999999,787.0
1,0506,2,2009,2009-03-30,0.8162000060081482,1569.84,18.5,1.0,28.0,83,14409,34,144.8,False,False,False,551.1999999999999,183.0
1,0506,3,2013,2013-10-30,0.6042999982833863,1526.63,18.799999237060547,0.0,21.0,81,16895,38,144.79999999999998,False,False,False,551.1999999999999,1675.0
1,0506,3,2014,2014-10-12,0.6301000058650971,1582.78,18.39999961853028,9.0,26.0,80,17542,39,144.79999999999998,False,False,False,551.1999999999999,347.0
1,0506,3,2015,2015-10-21,0.650600004196167,1287.36,20.100000381469727,3.0,20.0,80,18200,40,144.79999999999998,False,False,False,551.1999999999999,374.0
1,0506,3,2017,2017-03-16,0.6698000013828278,965.71,19.89999961853028,2.0,11.0,79,19547,42,144.79999999999998,False,False,False,551.1999999999999,512.0
1,0507,1,1991,1991-07-08,1.2444000124931336,1523.57,18.799999237060547,0.0,20.0,82,5434,16,76.2,False,False,False,482.6,0.0
1,0507,2,1992,1992-04-01,0.7600000143051148,1439.14,18.100000381469727,0.0,17.0,82,5849,17,198.1,False,False,False,604.5,268.0
1,0507,2,1994,1994-08-10,0.8736999988555909,1675.69,18.39999961853028,1.0,24.0,84,6517,19,198.1,False,False,False,604.5,861.0
1,0507,2,1996,1996-04-10,0.9348000168800354,1393.61,18.0,15.0,37.0,80,7437,21,198.1,False,False,False,604.5,609.0
1,0507,2,1999,1999-09-29,0.8680999994277954,912.17,19.5,4.0,23.0,75,8923,24,198.1,False,False,False,604.5,1267.0
1,0507,2,2001,2001-03-13,0.8706000030040741,1061.33,19.200000762939453,1.0,21.0,75,9937,26,198.1,False,False,False,604.5,531.0
1,0507,2,2002,2002-03-08,0.7766999959945678,1282.49,19.600000381469727,0.0,25.0,76,10460,27,198.1,False,False,False,604.5,360.0
1,0507,2,2003,2003-01-29,0.8666999995708466,1449.87,18.39999961853028,2.0,40.0,82,10993,28,198.1,False,False,False,604.5,327.0
1,0507,2,2004,2004-04-23,0.8805000007152557,1167.64,19.100000381469727,0.0,23.0,78,11536,29,198.1,False,False,False,604.5,450.0
1,0507,2,2005,2005-05-05,0.9388999998569488,1690.03,19.0,0.0,17.0,79,12090,30,198.1,False,False,False,604.5,377.0
1,0507,2,2006,2006-08-03,0.9296000123023986,588.59,20.100000381469727,0.0,17.0,71,12654,31,198.1,False,False,False,604.5,455.0
1,0507,2,2008,2008-09-28,1.139299988746643,1317.44,18.700000762939453,2.0,33.0,78,13814,33,198.1,False,False,False,604.5,787.0
1,0507,2,2009,2009-03-30,0.954999989271164,1569.84,18.5,1.0,28.0,83,14409,34,198.1,False,False,False,604.5,183.0
1,0507,2,2013,2013-10-30,1.0181999862194062,1526.63,18.799999237060547,0.0,21.0,81,16895,38,198.1,False,False,False,604.5,1675.0
1,0507,2,2014,2014-10-12,1.0167999982833862,1582.78,18.39999961853028,9.0,26.0,80,17542,39,198.1,False,False,False,604.5,347.0
1,0507,2,2015,2015-10-21,1.0543000102043152,1287.36,20.100000381469727,3.0,20.0,80,18200,40,198.1,False,False,False,604.5,374.0
1,0507,2,2017,2017-03-16,1.12849999666214,965.71,19.89999961853028,2.0,11.0,79,19547,42,198.1,False,False,False,604.5,512.0
1,0508,1,1991,1991-07-09,1.0621000111103058,1523.57,18.799999237060547,0.0,20.0,82,5434,16,86.3,False,False,False,515.5999999999999,0.0
1,0508,2,1992,1992-04-02,0.9348999798297882,1439.14,18.100000381469727,0.0,17.0,82,5849,17,203.3,False,False,False,632.5999999999999,268.0
1,0508,2,1994,1994-08-10,1.0031000018119811,1675.69,18.39999961853028,1.0,24.0,84,6517,19,203.3,False,False,False,632.5999999999999,860.0
1,0508,2,1996,1996-04-11,1.0131999969482424,1393.61,18.0,15.0,37.0,80,7437,21,203.3,False,False,False,632.5999999999999,610.0
1,0508,2,1999,1999-09-29,1.0168999910354617,912.17,19.5,4.0,23.0,75,8923,24,203.3,False,False,False,632.5999999999999,1266.0
1,0508,2,2001,2001-03-13,1.017900013923645,1061.33,19.200000762939453,1.0,21.0,75,9937,26,203.3,False,False,False,632.5999999999999,531.0
1,0508,2,2002,2002-03-08,0.9714000165462492,1282.49,19.600000381469727,0.0,25.0,76,10460,27,203.3,False,False,False,632.5999999999999,360.0
1,0508,2,2003,2003-01-29,0.9995999872684478,1449.87,18.39999961853028,2.0,40.0,82,10993,28,203.3,False,False,False,632.5999999999999,327.0
1,0508,2,2004,2004-04-23,1.0484000086784362,1167.64,19.100000381469727,0.0,23.0,78,11536,29,203.3,False,False,False,632.5999999999999,450.0
1,0508,2,2005,2005-05-05,1.0966000020504,1690.03,19.0,0.0,17.0,79,12090,30,203.3,False,False,False,632.5999999999999,377.0
1,0508,2,2006,2006-08-03,1.169599997997284,588.59,20.100000381469727,0.0,17.0,71,12654,31,203.3,False,False,False,632.5999999999999,455.0
1,0508,2,2008,2008-09-28,1.333400011062622,1317.44,18.700000762939453,2.0,33.0,78,13814,33,203.3,False,False,False,632.5999999999999,787.0
1,0508,2,2009,2009-03-30,1.163700008392334,1569.84,18.5,1.0,28.0,83,14409,34,203.3,False,False,False,632.5999999999999,183.0
1,0508,2,2013,2013-10-30,1.231500005722046,1526.63,18.799999237060547,0.0,21.0,81,16895,38,203.3,False,False,False,632.5999999999999,1675.0
1,0508,2,2014,2014-10-12,1.2043999910354612,1582.78,18.39999961853028,9.0,26.0,80,17542,39,203.3,False,False,False,632.5999999999999,347.0
1,0508,2,2015,2015-10-21,1.2328999996185304,1287.36,20.100000381469727,3.0,20.0,80,18200,40,203.3,False,False,False,632.5999999999999,374.0
1,0508,2,2017,2017-03-16,1.300499987602234,965.71,19.89999961853028,2.0,11.0,79,19547,42,203.3,False,False,False,632.5999999999999,512.0
1,0509,1,1991,1991-07-09,1.710200011730194,1523.57,18.799999237060547,0.0,20.0,82,5434,16,91.4,False,False,False,523.1999999999999,0.0
1,0509,2,1992,1992-04-02,0.8051999926567077,1439.14,18.100000381469727,0.0,17.0,82,5849,17,149.9,False,False,False,581.6999999999999,268.0
1,0509,2,1994,1994-08-10,0.8958000004291534,1675.69,18.39999961853028,1.0,24.0,84,6517,19,149.9,False,False,False,581.6999999999999,860.0
1,0509,2,1996,1996-04-11,0.890200001001358,1393.61,18.0,15.0,37.0,80,7437,21,149.9,False,False,False,581.6999999999999,610.0
1,0509,2,1999,1999-09-29,0.873799991607666,912.17,19.5,4.0,23.0,75,8923,24,149.9,False,False,False,581.6999999999999,1266.0
1,0509,2,2001,2001-03-13,0.8458000004291535,1061.33,19.200000762939453,1.0,21.0,75,9937,26,149.9,False,False,False,581.6999999999999,531.0
1,0509,2,2002,2002-03-08,0.820300006866455,1282.49,19.600000381469727,0.0,25.0,76,10460,27,149.9,False,False,False,581.6999999999999,360.0
1,0509,2,2003,2003-01-29,0.8662999987602233,1449.87,18.39999961853028,2.0,40.0,82,10993,28,149.9,False,False,False,581.6999999999999,327.0
1,0509,2,2004,2004-04-23,0.8550000011920929,1167.64,19.100000381469727,0.0,23.0,78,11536,29,149.9,False,False,False,581.6999999999999,450.0
1,0509,2,2005,2005-05-05,0.943699997663498,1690.03,19.0,0.0,17.0,79,12090,30,149.9,False,False,False,581.6999999999999,377.0
1,0509,2,2006,2006-08-03,0.9337999999523164,588.59,20.100000381469727,0.0,17.0,71,12654,31,149.9,False,False,False,581.6999999999999,455.0
1,0509,2,2008,2008-09-28,1.0163999915122983,1317.44,18.700000762939453,2.0,33.0,78,13814,33,149.9,False,False,False,581.6999999999999,787.0
1,0509,2,2009,2009-03-30,1.058100003004074,1569.84,18.5,1.0,28.0,83,14409,34,149.9,False,False,False,581.6999999999999,183.0
1,0509,2,2013,2013-10-30,1.1087000012397763,1526.63,18.799999237060547,0.0,21.0,81,16895,38,149.9,False,False,False,581.6999999999999,1675.0
1,0509,2,2014,2014-10-12,1.1897999763488771,1582.78,18.39999961853028,9.0,26.0,80,17542,39,149.9,False,False,False,581.6999999999999,347.0
1,0509,2,2015,2015-10-21,1.2402999997138977,1287.36,20.100000381469727,3.0,20.0,80,18200,40,149.9,False,False,False,581.6999999999999,374.0
1,0509,2,2017,2017-03-16,1.1062000095844269,965.71,19.89999961853028,2.0,11.0,79,19547,42,149.9,False,False,False,581.6999999999999,512.0
1,0563,2,1994,1994-08-10,0.6746999979019166,1675.69,18.39999961853028,1.0,24.0,84,6517,19,99.0,False,False,False,530.8,0.0
1,0563,2,1996,1996-04-10,0.688400000333786,1393.61,18.0,15.0,37.0,80,7437,21,99.0,False,False,False,530.8,609.0
1,0563,3,1999,1999-09-29,0.9174999952316284,912.17,19.5,4.0,23.0,75,8923,24,99.0,False,False,False,530.8,1267.0
1,0563,3,2001,2001-03-13,0.9368000030517578,1061.33,19.200000762939453,1.0,21.0,75,9937,26,99.0,False,False,False,530.8,531.0
1,0563,3,2002,2002-03-08,0.9680999994277956,1282.49,19.600000381469727,0.0,25.0,76,10460,27,99.0,False,False,False,530.8,360.0
1,0563,3,2003,2003-01-29,1.0518999993801117,1449.87,18.39999961853028,2.0,40.0,82,10993,28,99.0,False,False,False,530.8,327.0
1,0563,3,2004,2004-04-23,1.0072999835014342,1167.64,19.100000381469727,0.0,23.0,78,11536,29,99.0,False,False,False,530.8,450.0
1,0563,3,2005,2005-05-05,1.1838000178337098,1690.03,19.0,0.0,17.0,79,12090,30,99.0,False,False,False,530.8,377.0
1,0563,3,2006,2006-08-03,1.1697999954223632,588.59,20.100000381469727,0.0,17.0,71,12654,31,99.0,False,False,False,530.8,455.0
1,0563,3,2008,2008-09-28,1.352700006961823,1317.44,18.700000762939453,2.0,33.0,78,13814,33,99.0,False,False,False,530.8,787.0
1,0563,4,2013,2013-10-30,0.8284999966621399,1526.63,18.799999237060547,0.0,21.0,81,16895,38,99.0,False,False,False,530.8,1858.0
1,0563,4,2014,2014-10-12,0.8451000034809113,1582.78,18.39999961853028,9.0,26.0,80,17542,39,99.0,False,False,False,530.8,347.0
1,0563,4,2015,2015-10-21,0.8602999985218048,1287.36,20.100000381469727,3.0,20.0,80,18200,40,99.0,False,False,False,530.8,374.0
1,0563,4,2017,2017-03-16,0.950600004196167,965.71,19.89999961853028,2.0,11.0,79,19547,42,99.0,False,False,False,530.8,512.0
1,0564,2,1994,1994-08-10,0.8644999980926514,1675.69,18.39999961853028,1.0,24.0,84,6517,19,101.6,False,False,False,530.9,0.0
1,0564,2,1996,1996-04-11,0.8810999929904937,1393.61,18.0,15.0,37.0,80,7437,21,101.6,False,False,False,530.9,610.0
1,1001,1,1990,1990-08-08,0.863099992275238,778.58,18.89999961853028,2.0,22.0,73,6423,11,86.3,False,False,False,728.9000000000001,0.0
1,1001,1,1992,1992-07-18,0.9384666701157888,1398.78,17.200000762939453,2.0,37.0,78,7909,13,86.3,False,False,False,728.9000000000001,710.0
1,1001,1,1993,1993-01-13,0.9039000034332276,1280.38,17.399999618530273,4.0,40.0,75,8508,14,86.3,False,False,False,728.9000000000001,179.0
1,1001,2,1996,1996-01-10,0.613699996471405,1201.48,17.200000762939453,27.0,54.0,76,11126,17,152.3,False,False,False,794.9000000000001,1092.0
1,1001,2,1998,1998-01-27,0.5025999993085861,1396.67,18.799999237060547,0.0,23.0,76,12900,19,152.3,False,False,False,794.9000000000001,748.0
1,1001,2,2003,2003-04-06,0.6762999981641769,1593.82,17.5,6.0,50.0,79,17825,24,152.3,False,False,False,794.9000000000001,1895.0
1,1011,1,1992,1992-02-11,0.8410999953746796,1377.47,15.300000190734863,16.0,64.0,79,1515,8,25.4,False,True,False,406.4,0.0
1,1011,1,1994,1994-02-01,0.7942000091075897,1867.44,15.600000381469728,71.0,57.0,79,1891,10,25.4,False,True,False,406.4,721.0
1,1011,1,1995,1995-08-16,0.9607000052928923,1598.56,15.800000190734863,46.0,73.0,74,2077,11,25.4,False,True,False,406.4,561.0
1,1011,1,1998,1998-08-12,0.9541999995708466,1293.75,17.200000762939453,25.0,41.0,75,2700,14,25.4,False,True,False,406.4,1092.0
1,1011,2,2002,2002-06-06,1.2607000112533568,1541.2,16.100000381469727,25.0,71.0,77,3608,18,25.4,False,True,False,406.4,1394.0
1,1019,1,1990,1990-06-05,1.3728999853134156,1045.2,19.799999237060547,4.0,15.0,75,1792,5,88.9,False,True,False,304.8,0.0
1,1019,1,1991,1991-07-11,1.4218999981880187,1447.11,18.89999961853028,0.0,28.0,82,1990,6,88.9,False,True,False,304.8,401.0
1,1019,1,1992,1992-08-21,1.4115999817848206,1590.93,18.39999961853028,4.0,21.0,80,2194,7,88.9,False,True,False,304.8,407.0
1,1019,1,1994,1994-08-08,1.510099983215332,1496.95,18.89999961853028,2.0,26.0,81,2927,9,88.9,False,True,False,304.8,717.0
1,1019,1,1995,1995-12-21,1.5100999951362608,1617.69,18.799999237060547,2.0,40.0,79,3150,10,88.9,False,True,False,304.8,500.0
1,1019,1,1997,1997-04-21,1.6962999939918515,1525.36,18.39999961853028,3.0,29.0,81,3692,12,88.9,False,True,False,304.8,487.0
1,1019,1,1998,1998-04-22,1.790500009059906,1863.36,19.89999961853028,0.0,17.0,79,3936,13,88.9,False,True,False,304.8,366.0
1,1019,2,2002,2002-03-07,0.8740000009536744,1250.61,19.39999961853028,2.0,29.0,78,4988,17,99.1,False,True,False,315.0,1415.0
1,1021,1,1990,1990-06-06,0.969299989938736,875.22,19.100000381469727,3.0,20.0,72,1785,6,78.69999999999999,False,True,False,635.0,0.0
1,1021,1,1992,1992-04-03,0.9483000099658966,1581.41,17.100000381469727,4.0,36.0,79,2390,8,78.69999999999999,False,True,False,635.0,667.0
1,1021,1,1994,1994-02-17,0.9880999982357026,1786.02,17.5,9.0,39.0,81,3043,10,78.69999999999999,False,True,False,635.0,685.0
1,1021,1,1995,1995-12-13,1.0052000105381012,1268.05,18.0,6.0,50.0,75,3366,11,78.69999999999999,False,True,False,635.0,664.0
1,1021,1,1999,1999-06-17,1.1644999861717222,1092.62,18.299999237060547,9.0,34.0,73,4809,15,78.69999999999999,False,True,False,635.0,1282.0
1,4073,1,1990,1990-05-08,0.8534999966621399,1419.38,15.199999809265137,14.0,54.0,77,1448,3,38.1,False,True,True,475.0,0.0
1,4073,1,1992,1992-04-15,0.891100001335144,1646.73,14.0,27.0,72.0,80,2191,5,38.1,False,True,True,475.0,708.0
1,4073,1,1994,1994-02-22,0.8860000014305114,1882.81,14.300000190734863,88.0,57.0,80,2961,7,38.1,False,True,True,475.0,678.0
1,4073,1,1995,1995-12-07,0.9567000031471252,1531.26,14.399999618530272,89.0,81.0,77,3387,8,38.1,False,True,True,475.0,653.0
1,4073,2,1999,1999-04-14,0.9954000055789948,1137.68,15.399999618530272,34.0,65.0,72,5164,12,38.1,False,True,True,475.0,1224.0
1,4073,2,2003,2003-04-07,1.1417999982833864,1797.12,14.399999618530272,54.0,81.0,80,7163,16,38.1,False,True,True,475.0,1454.0
1,4073,2,2004,2004-01-26,1.1850000023841858,1867.6,15.0,29.0,72.0,78,7701,17,38.1,False,True,True,475.0,294.0
1,4125,1,1990,1990-09-08,0.9538500010967256,875.22,19.100000381469727,3.0,20.0,72,11245,19,93.9,False,True,False,416.5,0.0
1,4125,1,1992,1992-07-29,0.9264000117778778,1581.41,17.100000381469727,4.0,36.0,79,12574,21,93.9,False,True,False,416.5,690.0
1,4125,1,1994,1994-08-23,1.09760000705719,1786.02,17.5,9.0,39.0,81,13984,23,93.9,False,True,False,416.5,755.0
1,4125,1,1995,1995-12-19,1.104200005531311,1268.05,18.0,6.0,50.0,75,14721,24,93.9,False,True,False,416.5,483.0
1,4125,1,1999,1999-04-20,1.301699984073639,1092.62,18.299999237060547,9.0,34.0,73,17896,28,93.9,False,True,False,416.5,1218.0
1,4126,1,1990,1990-12-06,0.8148000061511993,1180.4,17.399999618530273,6.0,40.0,74,7003,3,332.8,False,False,False,800.2,0.0
1,4126,1,1992,1992-02-10,0.833899998664856,1499.43,15.699999809265137,6.0,57.0,79,12011,5,332.8,False,False,False,800.2,431.0
1,4126,1,1994,1994-02-02,0.840499997138977,1823.53,16.0,37.0,50.0,80,17067,7,332.8,False,False,False,800.2,723.0
1,4126,1,1996,1996-01-09,0.9482000172138214,1762.69,15.600000381469728,94.0,66.0,77,22704,9,332.8,False,False,False,800.2,706.0
1,4126,1,1999,1999-05-11,0.9981999933719636,1193.57,17.200000762939453,21.0,50.0,72,31811,12,332.8,False,False,False,800.2,1218.0
1,4127,2,1990,1990-12-06,0.9037000000476838,1509.8,16.200000762939453,16.0,51.0,75,3915,17,254.0,False,False,False,442.0,0.0
1,4127,2,1992,1992-02-10,0.9328999936580658,1371.88,14.699999809265137,22.0,67.0,80,4386,19,254.0,False,False,False,442.0,431.0
1,4127,2,1994,1994-02-01,0.8751000046730042,1810.79,15.0,82.0,57.0,80,5058,21,254.0,False,False,False,442.0,722.0
1,4127,2,1995,1995-12-06,0.8909000098705292,1496.67,15.199999809265137,58.0,79.0,76,5333,22,254.0,False,False,False,442.0,673.0
1,4127,2,1998,1998-08-12,1.0091000080108643,1269.84,16.600000381469727,28.0,49.0,76,6164,25,254.0,False,False,False,442.0,980.0
1,4129,2,1990,1990-12-10,1.00929998755455,1045.5,18.299999237060547,4.0,27.0,73,6168,15,114.3,False,False,False,576.5,0.0
1,4129,2,1992,1992-04-06,1.0103000164031983,1682.39,16.5,6.0,43.0,79,7011,17,114.3,False,False,False,576.5,483.0
1,4129,2,1994,1994-02-17,1.071099990606308,1888.4,16.899999618530273,17.0,40.0,80,7871,19,114.3,False,False,False,576.5,682.0
1,4129,2,1995,1995-12-13,1.4829999923706054,1419.38,17.200000762939453,13.0,56.0,75,8306,20,114.3,False,False,False,576.5,664.0
1,4129,2,1997,1997-09-03,1.9284999847412108,1628.7,16.600000381469727,9.0,37.0,79,9284,22,114.3,False,False,False,576.5,630.0
1,4155,1,1990,1990-09-09,0.950349998474121,695.12,20.200000762939453,0.0,11.0,75,5274,16,94.0,False,False,False,358.2,0.0
1,4155,1,1992,1992-08-24,0.955099993944168,1439.14,18.100000381469727,0.0,17.0,82,6091,18,94.0,False,False,False,358.2,715.0
1,4155,1,1994,1994-08-09,1.0779000043869018,1675.69,18.39999961853028,1.0,24.0,84,6759,20,94.0,False,False,False,358.2,715.0
1,4155,1,1996,1996-04-10,1.0608000099658963,1393.61,18.0,15.0,37.0,80,7679,22,94.0,False,False,False,358.2,610.0
1,4155,2,1999,1999-04-22,0.7929999947547912,912.17,19.5,4.0,23.0,75,9165,25,177.79999999999998,False,False,False,442.0,1107.0
1,4155,2,2001,2001-03-13,0.7847000002861023,1061.33,19.200000762939453,1.0,21.0,75,10179,27,177.79999999999998,False,False,False,442.0,691.0
1,4155,2,2002,2002-05-14,0.8163000047206879,1282.49,19.600000381469727,0.0,25.0,76,10702,28,177.79999999999998,False,False,False,442.0,427.0
1,4155,2,2011,2011-04-30,0.8625999927520752,985.98,20.39999961853028,0.0,24.0,70,15873,37,177.79999999999998,False,False,False,442.0,3273.0
1,4155,2,2013,2013-10-30,0.8575000047683716,1526.63,18.799999237060547,0.0,21.0,81,17137,39,177.79999999999998,False,False,False,442.0,914.0
1,4155,2,2014,2014-10-12,0.8573000073432923,1582.78,18.39999961853028,9.0,26.0,80,17784,40,177.79999999999998,False,False,False,442.0,347.0
1,4155,2,2015,2015-10-21,0.9176999986171722,1287.36,20.100000381469727,3.0,20.0,80,18442,41,177.79999999999998,False,False,False,442.0,374.0
1,4155,2,2017,2017-03-16,0.8910000026226044,965.71,19.89999961853028,2.0,11.0,79,19789,43,177.79999999999998,False,False,False,442.0,512.0
1,6012,1,1990,1990-05-04,1.192199981212616,1035.41,18.39999961853028,4.0,26.0,75,19050,7,126.9,False,True,False,421.6,0.0
1,6012,1,1992,1992-03-30,1.6090999960899357,1680.82,16.899999618530273,5.0,40.0,79,23526,9,126.9,False,True,False,421.6,696.0
1,6012,1,1994,1994-02-02,1.9115000009536744,1581.67,17.399999618530273,13.0,35.0,80,28188,11,126.9,False,True,False,421.6,674.0
1,6012,1,1995,1995-08-02,2.421999979019165,1450.33,17.5,9.0,55.0,76,30752,12,126.9,False,True,False,421.6,546.0
1,6012,2,1999,1999-09-09,2.72669997215271,1110.42,18.299999237060547,12.0,33.0,73,41446,16,126.9,False,True,False,421.6,1499.0
1,6012,2,2000,2000-04-10,2.390099990367889,957.81,18.299999237060547,19.0,52.0,68,44323,17,126.9,False,True,False,421.6,214.0
1,6019,2,1990,1990-06-06,0.6635999977588654,1049.54,20.0,2.0,10.0,77,9363,10,256.6,False,True,False,426.8,0.0
1,6019,2,1992,1992-03-31,0.7833999991416931,1427.98,18.600000381469727,0.0,17.0,82,9635,12,256.6,False,True,False,426.8,664.0
1,6019,3,1995,1995-12-20,0.506700000166893,1613.33,18.89999961853028,1.0,32.0,81,10319,15,312.5,False,True,False,482.7,1359.0
1,6019,3,1999,1999-04-20,0.5517999976873398,910.54,19.799999237060547,4.0,22.0,76,10970,19,312.5,False,True,False,482.7,1217.0
1,6019,3,2001,2001-06-07,0.5090000048279762,1238.67,19.0,1.0,23.0,79,11326,21,312.5,False,True,False,482.7,779.0
1,A310,1,1990,1990-06-07,1.0129999995231629,875.22,19.100000381469727,3.0,20.0,72,11245,19,248.9,False,False,False,414.0,0.0
1,A310,2,1990,1990-12-11,1.3409000039100647,875.22,19.100000381469727,3.0,20.0,72,11245,19,289.5,False,False,False,454.6,187.0
1,A310,2,1992,1992-08-26,1.2437999963760378,1581.41,17.100000381469727,4.0,36.0,79,12574,21,289.5,False,False,False,454.6,624.0
1,A310,2,1994,1994-08-24,1.4033000111579894,1786.02,17.5,9.0,39.0,81,13984,23,289.5,False,False,False,454.6,728.0
1,A310,2,1995,1995-12-19,1.3209999799728394,1268.05,18.0,6.0,50.0,75,14721,24,289.5,False,False,False,454.6,482.0
1,A310,3,1999,1999-04-20,1.4754000067710875,1092.62,18.299999237060547,9.0,34.0,73,17896,28,289.5,False,False,False,454.6,1218.0
1,A320,1,1990,1990-06-07,0.9017999947071076,875.22,19.100000381469727,3.0,20.0,72,11245,19,248.9,False,False,False,414.0,0.0
1,A320,2,1990,1990-12-11,1.1148999989032746,875.22,19.100000381469727,3.0,20.0,72,11245,19,254.0,False,False,False,419.1,187.0
1,A320,2,1992,1992-08-26,1.0522000014781951,1581.41,17.100000381469727,4.0,36.0,79,12574,21,254.0,False,False,False,419.1,624.0
1,A320,3,1999,1999-04-20,1.3271000146865846,1092.62,18.299999237060547,9.0,34.0,73,17896,28,254.0,False,False,False,419.1,2428.0
1,A330,1,1990,1990-06-07,0.965400004386902,875.22,19.100000381469727,3.0,20.0,72,11245,19,251.5,False,False,False,416.6,0.0
1,A330,2,1990,1990-12-11,1.0909000098705293,875.22,19.100000381469727,3.0,20.0,72,11245,19,251.5,False,False,False,416.6,187.0
1,A330,2,1992,1992-07-29,1.042100012302399,1581.41,17.100000381469727,4.0,36.0,79,12574,21,251.5,False,False,False,416.6,596.0
1,A330,2,1994,1994-08-24,1.0987999916076658,1786.02,17.5,9.0,39.0,81,13984,23,251.5,False,False,False,416.6,756.0
1,A330,2,1995,1995-12-19,1.2519999980926513,1268.05,18.0,6.0,50.0,75,14721,24,251.5,False,False,False,416.6,482.0
1,A330,3,1999,1999-04-20,1.467199993133545,1092.62,18.299999237060547,9.0,34.0,73,17896,28,251.5,False,False,False,416.6,1218.0
1,A340,1,1990,1990-09-08,1.0636500000953677,875.22,19.100000381469727,3.0,20.0,72,11245,19,236.2,False,False,False,401.3,0.0
1,A340,1,1992,1992-07-29,1.0475000083446502,1581.41,17.100000381469727,4.0,36.0,79,12574,21,236.2,False,False,False,401.3,690.0
1,A340,1,1995,1995-12-19,1.222800004482269,1268.05,18.0,6.0,50.0,75,14721,24,236.2,False,False,False,401.3,1238.0
1,A340,2,1999,1999-04-20,1.3702000021934508,1092.62,18.299999237060547,9.0,34.0,73,17896,28,236.2,False,False,False,401.3,1218.0
1,A350,1,1990,1990-06-07,1.284500002861023,875.22,19.100000381469727,3.0,20.0,72,11245,19,248.9,False,False,False,414.0,0.0
1,A350,2,1990,1990-12-11,1.3727000236511229,875.22,19.100000381469727,3.0,20.0,72,11245,19,256.5,False,False,False,421.6,187.0
1,A350,2,1992,1992-07-29,1.3358000040054323,1581.41,17.100000381469727,4.0,36.0,79,12574,21,256.5,False,False,False,421.6,596.0
1,A350,2,1994,1994-08-23,1.3264999866485596,1786.02,17.5,9.0,39.0,81,13984,23,256.5,False,False,False,421.6,755.0
1,A350,2,1995,1995-12-19,1.3801000118255615,1268.05,18.0,6.0,50.0,75,14721,24,256.5,False,False,False,421.6,483.0
1,A350,2,1999,1999-04-20,1.4429999828338622,1092.62,18.299999237060547,9.0,34.0,73,17896,28,256.5,False,False,False,421.6,1218.0
1,B310,1,1990,1990-06-05,0.8328000009059906,1045.2,19.799999237060547,4.0,15.0,75,1792,5,172.7,False,False,False,312.4,0.0
1,B310,2,1991,1991-07-11,1.7978000044822693,1447.11,18.89999961853028,0.0,28.0,82,1990,6,205.7,False,False,False,345.4,401.0
1,B310,2,1992,1992-08-21,1.6687000036239623,1590.93,18.39999961853028,4.0,21.0,80,2194,7,205.7,False,False,False,345.4,407.0
1,B310,2,1994,1994-08-08,1.7359000086784362,1496.95,18.89999961853028,2.0,26.0,81,2927,9,205.7,False,False,False,345.4,717.0
1,B310,3,1997,1997-04-21,1.7684000015258787,1525.36,18.39999961853028,3.0,29.0,81,3692,12,205.7,False,False,False,345.4,987.0
1,B310,3,1998,1998-04-22,1.7508000016212464,1863.36,19.89999961853028,0.0,17.0,79,3936,13,205.7,False,False,False,345.4,366.0
1,B320,1,1990,1990-06-05,1.0597999930381774,1045.2,19.799999237060547,4.0,15.0,75,1792,5,170.2,False,False,False,309.9,0.0
1,B320,2,1991,1991-07-11,1.0944000005722043,1447.11,18.89999961853028,0.0,28.0,82,1990,6,175.29999999999998,False,False,False,315.0,401.0
1,B320,2,1992,1992-08-21,1.0664000153541564,1590.93,18.39999961853028,4.0,21.0,80,2194,7,175.29999999999998,False,False,False,315.0,407.0
1,B320,2,1994,1994-08-08,1.1729000210762024,1496.95,18.89999961853028,2.0,26.0,81,2927,9,175.29999999999998,False,False,False,315.0,717.0
1,B320,3,1997,1997-04-21,1.2549999952316284,1525.36,18.39999961853028,3.0,29.0,81,3692,12,175.29999999999998,False,False,False,315.0,987.0
1,B320,3,1998,1998-04-22,1.2655999898910522,1863.36,19.89999961853028,0.0,17.0,79,3936,13,175.29999999999998,False,False,False,315.0,366.0
1,B330,1,1990,1990-06-05,1.621300005912781,1045.2,19.799999237060547,4.0,15.0,75,1792,5,175.3,False,False,False,315.0,0.0
1,B330,1,1991,1991-07-11,1.745299994945526,1447.11,18.89999961853028,0.0,28.0,82,1990,6,175.3,False,False,False,315.0,401.0
1,B330,1,1992,1992-08-21,1.694599997997284,1590.93,18.39999961853028,4.0,21.0,80,2194,7,175.3,False,False,False,315.0,407.0
1,B330,1,1994,1994-08-08,1.7687999844551086,1496.95,18.89999961853028,2.0,26.0,81,2927,9,175.3,False,False,False,315.0,717.0
1,B330,2,1997,1997-04-21,2.103199982643128,1525.36,18.39999961853028,3.0,29.0,81,3692,12,175.3,False,False,False,315.0,987.0
1,B330,2,1998,1998-04-22,2.140900027751923,1863.36,19.89999961853028,0.0,17.0,79,3936,13,175.3,False,False,False,315.0,366.0
1,B340,1,1990,1990-06-05,0.9513999938964844,1045.2,19.799999237060547,4.0,15.0,75,1792,5,182.9,False,False,False,322.6,0.0
1,B340,1,1991,1991-07-11,1.0385999917984008,1447.11,18.89999961853028,0.0,28.0,82,1990,6,182.9,False,False,False,322.6,401.0
1,B340,1,1992,1992-08-21,1.047100007534027,1590.93,18.39999961853028,4.0,21.0,80,2194,7,182.9,False,False,False,322.6,407.0
1,B340,1,1994,1994-08-08,1.0647999942302704,1496.95,18.89999961853028,2.0,26.0,81,2927,9,182.9,False,False,False,322.6,717.0
1,B340,1,1995,1995-12-20,1.2377999901771546,1617.69,18.799999237060547,2.0,40.0,79,3150,10,182.9,False,False,False,322.6,499.0
1,B340,1,1997,1997-04-21,1.3449999928474423,1525.36,18.39999961853028,3.0,29.0,81,3692,12,182.9,False,False,False,322.6,488.0
1,B340,1,1998,1998-04-22,1.4606000065803528,1863.36,19.89999961853028,0.0,17.0,79,3936,13,182.9,False,False,False,322.6,366.0
1,B350,1,1990,1990-06-05,1.5949000120162964,1045.2,19.799999237060547,4.0,15.0,75,1792,5,175.3,False,False,False,315.0,0.0
1,B350,2,1991,1991-07-11,1.620199990272522,1447.11,18.89999961853028,0.0,28.0,82,1990,6,182.9,False,False,False,322.6,401.0
1,B350,2,1992,1992-08-21,1.5832999706268311,1590.93,18.39999961853028,4.0,21.0,80,2194,7,182.9,False,False,False,322.6,407.0
1,B350,2,1994,1994-08-08,1.603000009059906,1496.95,18.89999961853028,2.0,26.0,81,2927,9,182.9,False,False,False,322.6,717.0
1,B350,2,1997,1997-04-21,1.8896000146865848,1525.36,18.39999961853028,3.0,29.0,81,3692,12,182.9,False,False,False,322.6,987.0
1,B350,2,1998,1998-04-22,1.904100012779236,1863.36,19.89999961853028,0.0,17.0,79,3936,13,182.9,False,False,False,322.6,366.0
1,C310,1,1990,1990-06-08,1.021299993991852,695.12,20.200000762939453,0.0,11.0,75,5274,16,93.9,False,False,False,358.1,0.0
1,C310,2,1992,1992-08-25,0.9162000000476838,1439.14,18.100000381469727,0.0,17.0,82,6091,18,132.0,False,False,False,396.2,809.0
1,C310,2,1994,1994-08-09,1.116699993610382,1675.69,18.39999961853028,1.0,24.0,84,6759,20,132.0,False,False,False,396.2,714.0
1,C310,2,1996,1996-04-10,1.051099997758865,1393.61,18.0,15.0,37.0,80,7679,22,132.0,False,False,False,396.2,610.0
1,C310,2,1999,1999-04-22,1.0333999931812283,912.17,19.5,4.0,23.0,75,9165,25,132.0,False,False,False,396.2,1107.0
1,C310,2,2003,2003-04-06,1.1776000022888184,1449.87,18.39999961853028,2.0,40.0,82,11235,29,132.0,False,False,False,396.2,1445.0
1,C320,1,1990,1990-06-08,0.8921000003814697,695.12,20.200000762939453,0.0,11.0,75,5274,16,88.9,False,False,False,353.1,0.0
1,C320,2,1992,1992-08-25,0.8194000065326691,1439.14,18.100000381469727,0.0,17.0,82,6091,18,94.0,False,False,False,358.2,809.0
1,C320,2,1996,1996-04-10,0.9458999991416932,1393.61,18.0,15.0,37.0,80,7679,22,94.0,False,False,False,358.2,1324.0
1,C320,2,1999,1999-04-22,1.0057000041007995,912.17,19.5,4.0,23.0,75,9165,25,94.0,False,False,False,358.2,1107.0
1,C320,2,2003,2003-04-06,1.1765999972820282,1449.87,18.39999961853028,2.0,40.0,82,11235,29,94.0,False,False,False,358.2,1445.0
1,C330,1,1990,1990-06-08,1.2123000025749209,695.12,20.200000762939453,0.0,11.0,75,5274,16,99.1,False,False,False,363.3,0.0
1,C330,3,1992,1992-08-24,1.3074000120162963,1439.14,18.100000381469727,0.0,17.0,82,6091,18,99.1,False,False,False,363.3,808.0
1,C330,4,1994,1994-08-09,1.4621999979019165,1675.69,18.39999961853028,1.0,24.0,84,6759,20,99.1,False,False,False,363.3,715.0
1,C330,4,1996,1996-04-10,1.64830002784729,1393.61,18.0,15.0,37.0,80,7679,22,99.1,False,False,False,363.3,610.0
1,C330,6,1999,1999-04-22,1.7641999959945678,912.17,19.5,4.0,23.0,75,9165,25,99.1,False,False,False,363.3,1107.0
1,C330,8,2003,2003-04-06,2.116599977016449,1449.87,18.39999961853028,2.0,40.0,82,11235,29,99.1,False,False,False,363.3,1445.0
1,C340,1,1990,1990-06-08,0.9524000048637392,695.12,20.200000762939453,0.0,11.0,75,5274,16,99.1,False,False,False,363.3,0.0
1,C340,1,1992,1992-08-24,0.9625000119209288,1439.14,18.100000381469727,0.0,17.0,82,6091,18,99.1,False,False,False,363.3,808.0
1,C340,1,1994,1994-08-09,1.09899999499321,1675.69,18.39999961853028,1.0,24.0,84,6759,20,99.1,False,False,False,363.3,715.0
1,C340,1,1996,1996-04-10,1.0840999901294708,1393.61,18.0,15.0,37.0,80,7679,22,99.1,False,False,False,363.3,610.0
1,C340,1,1999,1999-04-22,1.053500008583069,912.17,19.5,4.0,23.0,75,9165,25,99.1,False,False,False,363.3,1107.0
1,C340,1,2003,2003-04-06,1.1453999996185302,1449.87,18.39999961853028,2.0,40.0,82,11235,29,99.1,False,False,False,363.3,1445.0
1,C350,1,1990,1990-06-08,1.1432999968528748,695.12,20.200000762939453,0.0,11.0,75,5274,16,91.5,False,False,False,355.7,0.0
1,C350,2,1992,1992-08-25,1.2235000014305115,1439.14,18.100000381469727,0.0,17.0,82,6091,18,99.1,False,False,False,363.3,809.0
1,C350,2,1994,1994-08-09,1.4479000091552734,1675.69,18.39999961853028,1.0,24.0,84,6759,20,99.1,False,False,False,363.3,714.0
1,C350,3,1996,1996-04-10,1.456700003147125,1393.61,18.0,15.0,37.0,80,7679,22,99.1,False,False,False,363.3,610.0
2,1001,1,1990,1990-05-28,1.2383999824523926,1423.85,-2.5,2087.0,56.0,85,714,8,76.2,False,False,False,236.2,0.0
2,1001,1,1991,1991-08-21,1.2754999995231628,1952.34,-1.5,1510.0,67.0,88,792,9,76.2,False,False,False,236.2,450.0
2,1001,2,1993,1993-08-26,1.356000006198883,1826.6,-0.1000000014901161,1287.0,84.0,88,1037,11,76.2,False,False,False,236.2,736.0
2,1001,3,1997,1997-08-22,1.4164999723434448,1884.13,-0.3000000119209289,1464.0,58.0,86,1822,15,76.2,False,False,False,236.2,1457.0
2,1001,3,1999,1999-06-24,1.5270000100135803,1823.95,-2.900000095367432,2100.0,49.0,87,2213,17,76.2,False,False,False,236.2,671.0
2,1001,4,2001,2001-07-14,1.5540000200271606,2082.38,-1.100000023841858,1469.0,55.0,89,2660,19,76.2,False,False,False,236.2,751.0
2,1001,4,2003,2003-06-16,1.6290000081062317,1866.96,0.2000000029802322,1215.0,82.0,87,3171,21,76.2,False,False,False,236.2,702.0
2,1001,4,2005,2005-05-05,1.6735000014305117,1884.72,0.3000000119209289,1272.0,50.0,87,3756,23,76.2,False,False,False,236.2,689.0
2,1002,1,1990,1990-06-02,1.704900002479553,1221.02,-2.299999952316284,2078.0,64.0,84,638,7,86.4,False,False,False,429.3,0.0
2,1002,1,1991,1991-08-22,1.5570000410079956,1297.13,-1.100000023841858,1501.0,60.0,86,716,8,86.4,False,False,False,429.3,446.0
2,1002,1,1993,1993-08-25,1.5450000166893003,1306.89,0.1000000014901161,1303.0,83.0,86,961,10,86.4,False,False,False,429.3,734.0
2,1002,1,1995,1995-06-14,1.8975000381469729,1158.52,-1.2000000476837158,1642.0,64.0,86,1319,12,86.4,False,False,False,429.3,658.0
2,1002,1,1997,1997-08-21,1.527500033378601,1201.73,0.1000000014901161,1421.0,65.0,84,1746,14,86.4,False,False,False,429.3,799.0
2,1002,2,1999,1999-06-23,1.418500006198883,1315.8,-2.400000095367432,2049.0,50.0,85,2137,16,137.2,False,False,False,480.1,671.0
2,1002,2,2001,2001-07-14,1.340000033378601,1299.88,-0.699999988079071,1463.0,55.0,86,2584,18,137.2,False,False,False,480.1,752.0
2,1002,2,2003,2003-06-13,1.406499981880188,1313.52,0.3000000119209289,1274.0,72.0,84,3095,20,137.2,False,False,False,480.1,699.0
2,1002,2,2005,2005-05-04,2.0360000133514404,1327.01,0.6000000238418579,1257.0,53.0,85,3680,22,137.2,False,False,False,480.1,691.0
2,1004,1,1990,1990-06-05,2.510200023651123,862.77,-0.3000000119209289,1753.0,62.0,82,5400,14,91.4,False,False,False,777.2,0.0
2,1004,2,1991,1991-08-20,1.606000006198883,856.44,0.800000011920929,1209.0,73.0,83,5673,15,137.10000000000002,False,False,False,822.9,441.0
2,1004,2,1993,1993-08-27,1.8005000352859497,864.73,2.0,1019.0,82.0,83,6274,17,137.10000000000002,False,False,False,822.9,738.0
2,1004,2,1995,1995-06-13,1.962000012397766,805.76,0.6000000238418579,1364.0,58.0,83,6908,19,137.10000000000002,False,False,False,822.9,655.0
2,1004,2,1997,1997-08-20,1.977999985218048,773.77,1.7999999523162842,1167.0,79.0,81,7397,21,137.10000000000002,False,False,False,822.9,799.0
2,1004,3,1999,1999-06-22,2.09799998998642,914.32,-0.699999988079071,1769.0,63.0,82,8168,23,137.10000000000002,False,False,False,822.9,671.0
2,1004,3,2001,2001-07-10,2.3084999322891235,856.38,1.2000000476837158,1185.0,77.0,83,8954,25,137.10000000000002,False,False,False,822.9,749.0
2,1004,3,2003,2003-06-12,2.50600004196167,870.45,2.0999999046325684,1040.0,58.0,82,9756,27,137.10000000000002,False,False,False,822.9,702.0
2,1004,3,2005,2005-05-03,2.884499907493592,889.02,2.5999999046325684,958.0,62.0,83,10574,29,137.10000000000002,False,False,False,822.9,691.0
2,1008,1,1990,1990-05-25,0.8295999884605407,659.36,-5.199999809265137,3555.0,62.0,78,1181,13,78.7,False,False,False,383.5,0.0
2,1008,1,1991,1991-08-29,0.9009999930858612,587.23,-4.199999809265137,3062.0,45.0,80,1299,14,78.7,False,False,False,383.5,461.0
2,1008,1,1993,1993-09-02,0.996999979019165,636.75,-2.0,2441.0,63.0,80,1477,16,78.7,False,False,False,383.5,735.0
2,1008,1,1995,1995-06-06,1.2919999957084656,506.89,-3.299999952316284,2996.0,48.0,79,1714,18,78.7,False,False,False,383.5,642.0
2,1008,1,1997,1997-08-28,1.0995000004768372,506.25,-3.5,3029.0,35.0,79,1972,20,78.7,False,False,False,383.5,814.0
2,1008,1,1999,1999-06-16,1.3105000257492063,482.24,-5.599999904632568,3647.0,48.0,77,2345,22,78.7,False,False,False,383.5,657.0
2,1008,2,2005,2005-05-11,1.731499969959259,597.57,-2.799999952316284,2794.0,36.0,81,3643,28,78.7,False,False,False,383.5,2156.0
2,6010,1,1990,1990-05-29,1.076999992132187,955.26,-1.2000000476837158,1989.0,69.0,77,7929,22,96.5,False,False,False,401.3,0.0
2,6010,1,1991,1991-08-28,1.1110000014305117,953.26,-0.1000000014901161,1397.0,78.0,79,8162,23,96.5,False,False,False,401.3,456.0
2,6010,1,1993,1993-08-24,1.0730000138282776,991.89,1.2000000476837158,1144.0,102.0,79,8609,25,96.5,False,False,False,401.3,727.0
2,6010,1,1995,1995-06-12,1.1504999995231628,797.6,-0.1000000014901161,1547.0,72.0,78,9125,27,96.5,False,False,False,401.3,657.0
2,9035,1,1990,1990-06-02,1.503499984741211,1346.35,-3.200000047683716,2560.0,57.0,77,767,20,53.3,False,False,False,373.3,0.0
2,9035,2,1991,1991-08-26,1.0254999697208405,1098.33,-1.899999976158142,1971.0,50.0,79,828,21,99.0,False,False,False,419.0,450.0
2,9035,2,1995,1995-06-08,1.284000039100647,944.96,-1.7000000476837158,2062.0,53.0,78,1178,25,99.0,False,False,False,419.0,1382.0
2,9035,3,1997,1997-08-26,1.1445000171661377,1026.76,-1.100000023841858,1928.0,48.0,77,1330,27,99.0,False,False,False,419.0,810.0
2,9035,3,1999,1999-06-18,1.350499987602234,1240.97,-3.400000095367432,2534.0,54.0,77,1528,29,99.0,False,False,False,419.0,661.0
2,9035,4,2001,2001-07-16,1.3385000228881836,1147.35,-1.7000000476837158,1983.0,38.0,79,1752,31,99.0,False,False,False,419.0,759.0
2,9035,4,2003,2003-06-19,1.3705000281333923,1317.04,-0.8999999761581421,1727.0,79.0,79,2004,33,99.0,False,False,False,419.0,703.0
2,9035,4,2005,2005-05-09,1.7885000109672546,1217.41,-0.6000000238418579,1788.0,51.0,79,2288,35,99.0,False,False,False,419.0,690.0
2,9035,4,2012,2012-06-27,1.8734999895095823,1176.76,-3.0,2395.0,42.0,77,3600,42,99.0,False,False,False,419.0,2606.0
4,0113,1,1994,1994-01-27,1.1722000002861024,161.12,18.5,0.0,49.0,33,1029,2,111.8,False,False,False,302.3,0.0
4,0113,1,1995,1995-07-16,1.1398499846458434,170.69,18.89999961853028,0.0,27.0,36,1686,3,111.8,False,False,False,302.3,535.0
4,0113,1,1996,1996-06-20,1.1372999906539918,223.87,19.200000762939453,0.0,31.0,32,2398,4,111.8,False,False,False,302.3,340.0
4,0113,1,1997,1997-01-23,1.149399995803833,228.2,18.799999237060547,0.0,44.0,35,3168,5,111.8,False,False,False,302.3,217.0
4,0113,1,1998,1998-06-17,1.1833499948183697,225.04,17.5,0.0,27.0,40,4003,6,111.8,False,False,False,302.3,510.0
4,0113,1,1999,1999-11-17,1.3218000173568725,130.0,18.799999237060547,0.0,27.0,30,4878,7,111.8,False,False,False,302.3,518.0
4,0113,1,2000,2000-12-19,1.356599986553192,100.56,19.299999237060547,0.0,24.0,32,5825,8,111.8,False,False,False,302.3,398.0
4,0113,1,2001,2001-11-23,1.6242000043392182,176.46,19.39999961853028,0.0,40.0,34,6831,9,111.8,False,False,False,302.3,339.0
4,0113,1,2002,2002-02-18,1.59263334274292,53.65,19.39999961853028,0.0,31.0,27,8716,10,111.8,False,False,False,302.3,87.0
4,0113,2,2002,2002-11-14,1.2403000056743625,53.65,19.39999961853028,0.0,31.0,27,8716,10,124.5,False,False,False,315.0,269.0
4,0113,2,2003,2003-07-24,1.2630000019073486,220.67,19.700000762939453,0.0,21.0,33,8930,11,124.5,False,False,False,315.0,252.0
4,0113,2,2004,2004-06-06,1.2829499989748,292.28,18.799999237060547,0.0,34.0,35,9150,12,124.5,False,False,False,315.0,318.0
4,0113,2,2005,2005-03-15,1.3256999850273132,415.41,18.700000762939453,0.0,17.0,41,9370,13,124.5,False,False,False,315.0,282.0
4,0113,2,2006,2006-03-27,1.414400005340576,124.92,18.89999961853028,0.0,32.0,31,9589,14,124.5,False,False,False,315.0,377.0
4,0114,1,1994,1994-01-27,0.6542999982833863,161.12,18.5,0.0,49.0,33,1029,2,172.7,False,False,False,477.5,0.0
4,0114,1,1995,1995-07-16,0.6860500007867814,170.69,18.89999961853028,0.0,27.0,36,1686,3,172.7,False,False,False,477.5,535.0
4,0114,1,1996,1996-06-20,0.6953500002622605,223.87,19.200000762939453,0.0,31.0,32,2398,4,172.7,False,False,False,477.5,340.0
4,0114,1,1997,1997-01-23,0.7403999984264373,228.2,18.799999237060547,0.0,44.0,35,3168,5,172.7,False,False,False,477.5,217.0
4,0114,1,1998,1998-06-17,0.7495999991893768,225.04,17.5,0.0,27.0,40,4003,6,172.7,False,False,False,477.5,510.0
4,0114,1,1999,1999-11-17,0.8073000013828278,130.0,18.799999237060547,0.0,27.0,30,4878,7,172.7,False,False,False,477.5,518.0
4,0114,1,2000,2000-12-19,0.8547999858856201,100.56,19.299999237060547,0.0,24.0,32,5825,8,172.7,False,False,False,477.5,398.0
4,0114,1,2001,2001-11-23,0.8360000044107437,176.46,19.39999961853028,0.0,40.0,34,6831,9,172.7,False,False,False,477.5,339.0
4,0114,1,2002,2002-02-18,0.8690000037352243,53.65,19.39999961853028,0.0,31.0,27,8716,10,172.7,False,False,False,477.5,87.0
4,0114,2,2002,2002-11-14,0.8663500010967254,53.65,19.39999961853028,0.0,31.0,27,8716,10,185.4,False,False,False,490.2,269.0
4,0114,2,2003,2003-07-24,0.9018400025367737,220.67,19.700000762939453,0.0,21.0,33,8930,11,185.4,False,False,False,490.2,252.0
4,0114,2,2004,2004-06-06,0.8775500014424324,292.28,18.799999237060547,0.0,34.0,35,9150,12,185.4,False,False,False,490.2,318.0
4,0114,2,2005,2005-03-15,0.9490000069141388,415.41,18.700000762939453,0.0,17.0,41,9370,13,185.4,False,False,False,490.2,282.0
4,0114,2,2006,2006-03-27,0.899700003862381,124.92,18.89999961853028,0.0,32.0,31,9589,14,185.4,False,False,False,490.2,377.0
4,0115,1,1994,1994-01-27,0.6572999954223633,161.12,18.5,0.0,49.0,33,1029,2,167.6,False,True,False,383.5,0.0
4,0115,1,1995,1995-02-27,0.6557000041007996,170.69,18.89999961853028,0.0,27.0,36,1686,3,167.6,False,True,False,383.5,396.0
4,0115,1,1997,1997-01-23,0.6611999988555908,228.2,18.799999237060547,0.0,44.0,35,3168,5,167.6,False,True,False,383.5,696.0
4,0115,1,1998,1998-08-06,0.6841000020503998,225.04,17.5,0.0,27.0,40,4003,6,167.6,False,True,False,383.5,560.0
4,0115,1,1999,1999-11-17,0.6760999977588653,130.0,18.799999237060547,0.0,27.0,30,4878,7,167.6,False,True,False,383.5,468.0
4,0115,1,2000,2000-12-19,0.6873999953269958,100.56,19.299999237060547,0.0,24.0,32,5825,8,167.6,False,True,False,383.5,398.0
4,0115,2,2001,2001-11-06,0.7730000078678132,176.46,19.39999961853028,0.0,40.0,34,6831,9,167.6,False,True,False,383.5,322.0
4,0115,2,2002,2002-02-20,0.7971000015735626,53.65,19.39999961853028,0.0,31.0,27,8716,10,167.6,False,True,False,383.5,106.0
4,0115,3,2003,2003-03-02,0.785700011253357,220.67,19.700000762939453,0.0,21.0,33,8930,11,167.6,False,True,False,383.5,375.0
4,0115,3,2004,2004-03-10,0.954399996995926,292.28,18.799999237060547,0.0,34.0,35,9150,12,167.6,False,True,False,383.5,374.0
4,0115,3,2005,2005-03-15,1.106599998474121,415.41,18.700000762939453,0.0,17.0,41,9370,13,167.6,False,True,False,383.5,370.0
4,0115,3,2006,2006-03-27,2.025099992752075,124.92,18.89999961853028,0.0,32.0,31,9589,14,167.6,False,True,False,383.5,377.0
4,0116,1,1994,1994-01-27,0.6736999928951264,161.12,18.5,0.0,49.0,33,1029,2,101.6,False,True,False,408.9,0.0
4,0116,1,1995,1995-02-27,0.6952999949455261,170.69,18.89999961853028,0.0,27.0,36,1686,3,101.6,False,True,False,408.9,396.0
4,0116,1,1997,1997-01-23,0.7118000149726867,228.2,18.799999237060547,0.0,44.0,35,3168,5,101.6,False,True,False,408.9,696.0
4,0116,1,1998,1998-08-06,0.7080500036478043,225.04,17.5,0.0,27.0,40,4003,6,101.6,False,True,False,408.9,560.0
4,0116,1,1999,1999-11-17,0.7282999932765961,130.0,18.799999237060547,0.0,27.0,30,4878,7,101.6,False,True,False,408.9,468.0
4,0116,1,2000,2000-12-19,0.7371000111103059,100.56,19.299999237060547,0.0,24.0,32,5825,8,101.6,False,True,False,408.9,398.0
4,0116,2,2001,2001-11-06,0.8061999917030334,176.46,19.39999961853028,0.0,40.0,34,6831,9,101.6,False,True,False,408.9,322.0
4,0116,2,2002,2002-02-20,1.1343000054359436,53.65,19.39999961853028,0.0,31.0,27,8716,10,101.6,False,True,False,408.9,106.0
4,0116,3,2003,2003-03-02,0.8306000053882598,220.67,19.700000762939453,0.0,21.0,33,8930,11,114.3,False,True,False,421.6,375.0
4,0116,3,2004,2004-03-10,0.925600004196167,292.28,18.799999237060547,0.0,34.0,35,9150,12,114.3,False,True,False,421.6,374.0
4,0116,3,2005,2005-03-15,0.9035000085830688,415.41,18.700000762939453,0.0,17.0,41,9370,13,114.3,False,True,False,421.6,370.0
4,0116,3,2006,2006-03-27,0.992299997806549,124.92,18.89999961853028,0.0,32.0,31,9589,14,114.3,False,True,False,421.6,377.0
4,0117,1,1994,1994-01-27,0.635099995136261,161.12,18.5,0.0,49.0,33,1029,2,188.0,False,True,False,396.3,0.0
4,0117,1,1995,1995-02-27,0.6137999951839447,170.69,18.89999961853028,0.0,27.0,36,1686,3,188.0,False,True,False,396.3,396.0
4,0117,1,1997,1997-01-23,0.6321999967098236,228.2,18.799999237060547,0.0,44.0,35,3168,5,188.0,False,True,False,396.3,696.0
4,0117,1,1998,1998-08-06,0.642450001835823,225.04,17.5,0.0,27.0,40,4003,6,188.0,False,True,False,396.3,560.0
4,0117,1,1999,1999-11-17,0.6331000030040741,130.0,18.799999237060547,0.0,27.0,30,4878,7,188.0,False,True,False,396.3,468.0
4,0117,1,2000,2000-12-19,0.6360000014305114,100.56,19.299999237060547,0.0,24.0,32,5825,8,188.0,False,True,False,396.3,398.0
4,0117,2,2001,2001-11-06,0.6978000044822692,176.46,19.39999961853028,0.0,40.0,34,6831,9,188.0,False,True,False,396.3,322.0
4,0117,2,2002,2002-02-20,0.7202000021934509,53.65,19.39999961853028,0.0,31.0,27,8716,10,188.0,False,True,False,396.3,106.0
4,0117,3,2003,2003-03-02,0.9564999878406524,220.67,19.700000762939453,0.0,21.0,33,8930,11,188.0,False,True,False,396.3,375.0
4,0117,3,2004,2004-03-10,0.704200005531311,292.28,18.799999237060547,0.0,34.0,35,9150,12,188.0,False,True,False,396.3,374.0
4,0117,3,2005,2005-03-15,0.9842000007629396,415.41,18.700000762939453,0.0,17.0,41,9370,13,188.0,False,True,False,396.3,370.0
4,0117,3,2006,2006-03-27,1.1323000013828275,124.92,18.89999961853028,0.0,32.0,31,9589,14,188.0,False,True,False,396.3,377.0
4,0118,1,1994,1994-01-27,0.8186000049114227,161.12,18.5,0.0,49.0,33,1029,2,99.1,False,True,False,398.8,0.0
4,0118,1,1995,1995-02-27,0.7662000000476837,170.69,18.89999961853028,0.0,27.0,36,1686,3,99.1,False,True,False,398.8,396.0
4,0118,1,1997,1997-01-23,0.8185000121593475,228.2,18.799999237060547,0.0,44.0,35,3168,5,99.1,False,True,False,398.8,696.0
4,0118,1,1998,1998-08-06,0.8007000029087067,225.04,17.5,0.0,27.0,40,4003,6,99.1,False,True,False,398.8,560.0
4,0118,1,1999,1999-11-17,0.8412999868392944,130.0,18.799999237060547,0.0,27.0,30,4878,7,99.1,False,True,False,398.8,468.0
4,0118,1,2000,2000-12-19,0.8737000107765197,100.56,19.299999237060547,0.0,24.0,32,5825,8,99.1,False,True,False,398.8,398.0
4,0118,2,2001,2001-11-06,1.05139998793602,176.46,19.39999961853028,0.0,40.0,34,6831,9,99.1,False,True,False,398.8,322.0
4,0118,2,2002,2002-02-20,1.0901000201702118,53.65,19.39999961853028,0.0,31.0,27,8716,10,99.1,False,True,False,398.8,106.0
4,0118,3,2003,2003-03-02,0.9117999970912932,220.67,19.700000762939453,0.0,21.0,33,8930,11,111.8,False,True,False,411.5,375.0
4,0118,3,2004,2004-03-10,0.9891999900341032,292.28,18.799999237060547,0.0,34.0,35,9150,12,111.8,False,True,False,411.5,374.0
4,0118,3,2005,2005-03-15,0.9251999974250792,415.41,18.700000762939453,0.0,17.0,41,9370,13,111.8,False,True,False,411.5,370.0
4,0118,3,2006,2006-03-27,0.9607999920845032,124.92,18.89999961853028,0.0,32.0,31,9589,14,111.8,False,True,False,411.5,377.0
4,0119,1,1994,1994-01-27,0.8828999996185303,161.12,18.5,0.0,49.0,33,1029,2,160.0,False,True,False,381.0,0.0
4,0119,1,1995,1995-02-27,0.8280000030994416,170.69,18.89999961853028,0.0,27.0,36,1686,3,160.0,False,True,False,381.0,396.0
4,0119,1,1997,1997-01-23,0.8930999994277954,228.2,18.799999237060547,0.0,44.0,35,3168,5,160.0,False,True,False,381.0,696.0
4,0119,1,1998,1998-08-06,0.9729000002145768,225.04,17.5,0.0,27.0,40,4003,6,160.0,False,True,False,381.0,560.0
4,0119,1,1999,1999-11-17,0.9317000031471252,130.0,18.799999237060547,0.0,27.0,30,4878,7,160.0,False,True,False,381.0,468.0
4,0119,1,2000,2000-12-19,1.0096000015735629,100.56,19.299999237060547,0.0,24.0,32,5825,8,160.0,False,True,False,381.0,398.0
4,0119,1,2001,2001-11-06,1.1395000159740447,176.46,19.39999961853028,0.0,40.0,34,6831,9,160.0,False,True,False,381.0,322.0
4,0119,1,2002,2002-02-20,1.0558999955654145,53.65,19.39999961853028,0.0,31.0,27,8716,10,160.0,False,True,False,381.0,106.0
4,0119,2,2003,2003-03-02,0.9714999914169312,220.67,19.700000762939453,0.0,21.0,33,8930,11,160.0,False,True,False,381.0,375.0
4,0119,2,2004,2004-03-10,0.96489999294281,292.28,18.799999237060547,0.0,34.0,35,9150,12,160.0,False,True,False,381.0,374.0
4,0119,2,2005,2005-03-15,1.2554999947547911,415.41,18.700000762939453,0.0,17.0,41,9370,13,160.0,False,True,False,381.0,370.0
4,0119,2,2006,2006-03-27,1.3917999982833862,124.92,18.89999961853028,0.0,32.0,31,9589,14,160.0,False,True,False,381.0,377.0
4,0120,1,1994,1994-01-27,0.90660001039505,161.12,18.5,0.0,49.0,33,1029,2,101.6,False,True,False,403.8,0.0
4,0120,1,1995,1995-02-27,0.8995000004768372,170.69,18.89999961853028,0.0,27.0,36,1686,3,101.6,False,True,False,403.8,396.0
4,0120,1,1997,1997-01-23,0.9857000112533568,228.2,18.799999237060547,0.0,44.0,35,3168,5,101.6,False,True,False,403.8,696.0
4,0120,1,1998,1998-08-06,0.973149996995926,225.04,17.5,0.0,27.0,40,4003,6,101.6,False,True,False,403.8,560.0
4,0120,1,1999,1999-11-17,1.0495999991893767,130.0,18.799999237060547,0.0,27.0,30,4878,7,101.6,False,True,False,403.8,468.0
4,0120,1,2000,2000-12-19,1.04799998998642,100.56,19.299999237060547,0.0,24.0,32,5825,8,101.6,False,True,False,403.8,398.0
4,0120,1,2001,2001-11-06,1.0181999981403351,176.46,19.39999961853028,0.0,40.0,34,6831,9,101.6,False,True,False,403.8,322.0
4,0120,1,2002,2002-02-20,1.066299992799759,53.65,19.39999961853028,0.0,31.0,27,8716,10,101.6,False,True,False,403.8,106.0
4,0120,2,2003,2003-03-02,1.0138999938964846,220.67,19.700000762939453,0.0,21.0,33,8930,11,114.3,False,True,False,416.5,375.0
4,0120,2,2004,2004-03-10,1.0316000103950502,292.28,18.799999237060547,0.0,34.0,35,9150,12,114.3,False,True,False,416.5,374.0
4,0120,2,2005,2005-03-15,1.0262999951839449,415.41,18.700000762939453,0.0,17.0,41,9370,13,114.3,False,True,False,416.5,370.0
4,0120,2,2006,2006-03-27,1.0508000016212464,124.92,18.89999961853028,0.0,32.0,31,9589,14,114.3,False,True,False,416.5,377.0
4,0121,1,1994,1994-01-27,0.7274999916553497,161.12,18.5,0.0,49.0,33,1029,2,104.1,False,True,False,510.5,0.0
4,0121,1,1995,1995-02-27,0.7268000006675721,170.69,18.89999961853028,0.0,27.0,36,1686,3,104.1,False,True,False,510.5,396.0
4,0121,1,1997,1997-01-23,0.7447000026702881,228.2,18.799999237060547,0.0,44.0,35,3168,5,104.1,False,True,False,510.5,696.0
4,0121,1,1998,1998-08-06,0.7651500046253203,225.04,17.5,0.0,27.0,40,4003,6,104.1,False,True,False,510.5,560.0
4,0121,1,1999,1999-11-17,0.7789000034332275,130.0,18.799999237060547,0.0,27.0,30,4878,7,104.1,False,True,False,510.5,468.0
4,0121,1,2000,2000-12-19,0.7555000066757203,100.56,19.299999237060547,0.0,24.0,32,5825,8,104.1,False,True,False,510.5,398.0
4,0121,1,2001,2001-11-06,0.7579999923706054,176.46,19.39999961853028,0.0,40.0,34,6831,9,104.1,False,True,False,510.5,322.0
4,0121,1,2002,2002-02-20,0.8416999995708465,53.65,19.39999961853028,0.0,31.0,27,8716,10,104.1,False,True,False,510.5,106.0
4,0121,2,2003,2003-03-02,0.8656999886035919,220.67,19.700000762939453,0.0,21.0,33,8930,11,116.8,False,True,False,523.1999999999999,375.0
4,0121,2,2004,2004-03-10,0.8973000109195709,292.28,18.799999237060547,0.0,34.0,35,9150,12,116.8,False,True,False,523.1999999999999,374.0
4,0121,2,2005,2005-03-15,0.8519999980926514,415.41,18.700000762939453,0.0,17.0,41,9370,13,116.8,False,True,False,523.1999999999999,370.0
4,0121,2,2006,2006-03-27,0.8870999932289123,124.92,18.89999961853028,0.0,32.0,31,9589,14,116.8,False,True,False,523.1999999999999,377.0
4,0122,1,1994,1994-01-27,0.9331000089645386,161.12,18.5,0.0,49.0,33,1029,2,106.7,False,True,False,464.8,0.0
4,0122,1,1995,1995-02-27,0.913400000333786,170.69,18.89999961853028,0.0,27.0,36,1686,3,106.7,False,True,False,464.8,396.0
4,0122,1,1997,1997-01-23,1.0020000159740448,228.2,18.799999237060547,0.0,44.0,35,3168,5,106.7,False,True,False,464.8,696.0
4,0122,1,1998,1998-08-06,0.9684999972581864,225.04,17.5,0.0,27.0,40,4003,6,106.7,False,True,False,464.8,560.0
4,0122,1,1999,1999-11-17,1.124500000476837,130.0,18.799999237060547,0.0,27.0,30,4878,7,106.7,False,True,False,464.8,468.0
4,0122,1,2000,2000-12-19,1.0356000006198882,100.56,19.299999237060547,0.0,24.0,32,5825,8,106.7,False,True,False,464.8,398.0
4,0122,2,2001,2001-11-06,1.003699994087219,176.46,19.39999961853028,0.0,40.0,34,6831,9,106.7,False,True,False,464.8,322.0
4,0122,2,2002,2002-02-20,1.036800003051758,53.65,19.39999961853028,0.0,31.0,27,8716,10,106.7,False,True,False,464.8,106.0
4,0122,3,2003,2003-03-02,1.037099999189377,220.67,19.700000762939453,0.0,21.0,33,8930,11,119.4,False,True,False,477.5,375.0
4,0122,3,2004,2004-03-10,1.1120999991893767,292.28,18.799999237060547,0.0,34.0,35,9150,12,119.4,False,True,False,477.5,374.0
4,0122,3,2005,2005-03-15,1.055299985408783,415.41,18.700000762939453,0.0,17.0,41,9370,13,119.4,False,True,False,477.5,370.0
4,0122,3,2006,2006-03-27,1.1019999861717222,124.92,18.89999961853028,0.0,32.0,31,9589,14,119.4,False,True,False,477.5,377.0
4,0123,1,1994,1994-01-27,0.70799999833107,161.12,18.5,0.0,49.0,33,1029,2,172.7,False,True,False,469.9,0.0
4,0123,1,1995,1995-02-27,0.6686999917030334,170.69,18.89999961853028,0.0,27.0,36,1686,3,172.7,False,True,False,469.9,396.0
4,0123,1,1997,1997-01-23,0.7351999998092651,228.2,18.799999237060547,0.0,44.0,35,3168,5,172.7,False,True,False,469.9,696.0
4,0123,1,1998,1998-08-06,0.7273999989032744,225.04,17.5,0.0,27.0,40,4003,6,172.7,False,True,False,469.9,560.0
4,0123,1,1999,1999-11-17,0.7588999986648559,130.0,18.799999237060547,0.0,27.0,30,4878,7,172.7,False,True,False,469.9,468.0
4,0123,1,2000,2000-12-19,0.7595999896526336,100.56,19.299999237060547,0.0,24.0,32,5825,8,172.7,False,True,False,469.9,398.0
4,0123,2,2001,2001-11-06,0.8492999970912933,176.46,19.39999961853028,0.0,40.0,34,6831,9,172.7,False,True,False,469.9,322.0
4,0123,2,2002,2002-02-20,0.7638000130653382,53.65,19.39999961853028,0.0,31.0,27,8716,10,172.7,False,True,False,469.9,106.0
4,0123,3,2003,2003-03-02,0.7448000013828278,220.67,19.700000762939453,0.0,21.0,33,8930,11,172.7,False,True,False,469.9,375.0
4,0123,3,2004,2004-03-10,1.0318000197410584,292.28,18.799999237060547,0.0,34.0,35,9150,12,172.7,False,True,False,469.9,374.0
4,0123,3,2005,2005-03-15,0.8642999947071076,415.41,18.700000762939453,0.0,17.0,41,9370,13,172.7,False,True,False,469.9,370.0
4,0123,3,2006,2006-03-27,1.2528999865055084,124.92,18.89999961853028,0.0,32.0,31,9589,14,172.7,False,True,False,469.9,377.0
4,0124,1,1994,1994-01-27,0.5501000046730041,161.12,18.5,0.0,49.0,33,1029,2,170.2,False,True,False,571.5,0.0
4,0124,1,1995,1995-02-27,0.5313999980688096,170.69,18.89999961853028,0.0,27.0,36,1686,3,170.2,False,True,False,571.5,396.0
4,0124,1,1997,1997-01-23,0.5708000063896179,228.2,18.799999237060547,0.0,44.0,35,3168,5,170.2,False,True,False,571.5,696.0
4,0124,1,1998,1998-08-06,0.5667999967932702,225.04,17.5,0.0,27.0,40,4003,6,170.2,False,True,False,571.5,560.0
4,0124,1,1999,1999-11-17,0.5852999985218048,130.0,18.799999237060547,0.0,27.0,30,4878,7,170.2,False,True,False,571.5,468.0
4,0124,1,2000,2000-12-19,0.6060000002384186,100.56,19.299999237060547,0.0,24.0,32,5825,8,170.2,False,True,False,571.5,398.0
4,0124,2,2001,2001-11-06,0.6936000019311905,176.46,19.39999961853028,0.0,40.0,34,6831,9,170.2,False,True,False,571.5,322.0
4,0124,2,2002,2002-02-20,0.7414999902248383,53.65,19.39999961853028,0.0,31.0,27,8716,10,170.2,False,True,False,571.5,106.0
4,0124,2,2003,2003-03-02,0.8883999824523926,220.67,19.700000762939453,0.0,21.0,33,8930,11,170.2,False,True,False,571.5,375.0
4,0124,2,2004,2004-03-10,0.9917999923229216,292.28,18.799999237060547,0.0,34.0,35,9150,12,170.2,False,True,False,571.5,374.0
4,0124,2,2005,2005-03-15,1.268699985742569,415.41,18.700000762939453,0.0,17.0,41,9370,13,170.2,False,True,False,571.5,370.0
4,0124,2,2006,2006-03-27,1.3147000074386597,124.92,18.89999961853028,0.0,32.0,31,9589,14,170.2,False,True,False,571.5,377.0
4,0161,1,1994,1994-01-27,1.1735999941825868,161.12,18.5,0.0,49.0,33,1029,2,144.8,False,False,False,241.3,0.0
4,0161,1,1995,1995-02-27,1.1541999936103822,170.69,18.89999961853028,0.0,27.0,36,1686,3,144.8,False,False,False,241.3,396.0
4,0161,1,1997,1997-01-23,1.1862000107765198,228.2,18.799999237060547,0.0,44.0,35,3168,5,144.8,False,False,False,241.3,696.0
4,0161,1,1998,1998-08-06,1.1487500011920928,225.04,17.5,0.0,27.0,40,4003,6,144.8,False,False,False,241.3,560.0
4,0161,1,1999,1999-11-17,1.1956000089645389,130.0,18.799999237060547,0.0,27.0,30,4878,7,144.8,False,False,False,241.3,468.0
4,0161,1,2000,2000-12-19,1.2128999948501586,100.56,19.299999237060547,0.0,24.0,32,5825,8,144.8,False,False,False,241.3,398.0
4,0161,2,2001,2001-11-06,1.221399998664856,176.46,19.39999961853028,0.0,40.0,34,6831,9,144.8,False,False,False,241.3,322.0
4,0161,2,2002,2002-02-20,1.4139999985694884,53.65,19.39999961853028,0.0,31.0,27,8716,10,144.8,False,False,False,241.3,106.0
4,0161,3,2003,2003-03-02,1.1421999871730804,220.67,19.700000762939453,0.0,21.0,33,8930,11,157.5,False,False,False,254.0,375.0
4,0161,3,2004,2004-03-10,1.1479000091552731,292.28,18.799999237060547,0.0,34.0,35,9150,12,157.5,False,False,False,254.0,374.0
4,0161,3,2005,2005-03-15,1.1888000130653382,415.41,18.700000762939453,0.0,17.0,41,9370,13,157.5,False,False,False,254.0,370.0
4,0161,3,2006,2006-03-27,1.236299991607666,124.92,18.89999961853028,0.0,32.0,31,9589,14,157.5,False,False,False,254.0,377.0
4,0162,1,1994,1994-01-27,1.2080000042915344,161.12,18.5,0.0,49.0,33,1029,2,215.9,False,False,False,215.9,0.0
4,0162,1,1995,1995-02-27,1.1972000002861023,170.69,18.89999961853028,0.0,27.0,36,1686,3,215.9,False,False,False,215.9,396.0
4,0162,1,1997,1997-01-23,1.236799991130829,228.2,18.799999237060547,0.0,44.0,35,3168,5,215.9,False,False,False,215.9,696.0
4,0162,1,1998,1998-08-06,1.2345999896526336,225.04,17.5,0.0,27.0,40,4003,6,215.9,False,False,False,215.9,560.0
4,0162,1,1999,1999-11-17,1.2638999938964843,130.0,18.799999237060547,0.0,27.0,30,4878,7,215.9,False,False,False,215.9,468.0
4,0162,1,2000,2000-12-19,1.2424999952316282,100.56,19.299999237060547,0.0,24.0,32,5825,8,215.9,False,False,False,215.9,398.0
4,0162,1,2001,2001-11-06,1.2514999985694883,176.46,19.39999961853028,0.0,40.0,34,6831,9,215.9,False,False,False,215.9,322.0
4,0162,1,2002,2002-02-20,1.2542999982833862,53.65,19.39999961853028,0.0,31.0,27,8716,10,215.9,False,False,False,215.9,106.0
4,0162,2,2003,2003-03-02,1.114500004053116,220.67,19.700000762939453,0.0,21.0,33,8930,11,228.6,False,False,False,228.6,375.0
4,0162,2,2004,2004-03-10,1.1942000031471252,292.28,18.799999237060547,0.0,34.0,35,9150,12,228.6,False,False,False,228.6,374.0
4,0162,2,2005,2005-03-15,1.1575000047683717,415.41,18.700000762939453,0.0,17.0,41,9370,13,228.6,False,False,False,228.6,370.0
4,0162,2,2006,2006-03-27,1.1979999899864198,124.92,18.89999961853028,0.0,32.0,31,9589,14,228.6,False,False,False,228.6,377.0
4,0501,1,1990,1990-05-30,1.2354000061750412,228.98,21.700000762939453,0.0,19.0,38,8047,23,127.0,False,False,False,487.7,0.0
4,0501,1,1992,1992-01-15,1.2258750051259997,424.41,21.600000381469727,0.0,15.0,43,9157,25,127.0,False,False,False,487.7,595.0
4,0501,1,1993,1993-02-22,1.3558000087738038,257.09,21.600000381469727,0.0,6.0,43,9491,26,127.0,False,False,False,487.7,404.0
4,0502,1,1990,1990-02-05,2.0117000222206114,228.98,21.700000762939453,0.0,19.0,38,8047,23,129.6,False,False,False,503.0,0.0
4,0502,2,1990,1990-09-21,1.3620999991893767,228.98,21.700000762939453,0.0,19.0,38,8047,23,162.6,False,False,False,536.0,228.0
4,0502,2,1992,1992-01-15,1.5176250040531158,424.41,21.600000381469727,0.0,15.0,43,9157,25,162.6,False,False,False,536.0,481.0
4,0502,2,1993,1993-02-22,1.4190999984741213,257.09,21.600000381469727,0.0,6.0,43,9491,26,162.6,False,False,False,536.0,404.0
4,0502,2,1997,1997-07-07,1.8089499950408936,135.36,22.600000381469727,0.0,10.0,34,12367,30,162.6,False,False,False,536.0,1596.0
4,0502,3,1998,1998-12-11,2.003300023078918,264.97,21.39999961853028,0.0,10.0,39,13207,31,165.1,False,False,False,538.5,522.0
4,0502,3,1999,1999-11-11,2.361299991607666,99.11,22.799999237060547,0.0,2.0,29,14125,32,165.1,False,False,False,538.5,335.0
4,0502,3,2000,2000-12-06,2.426699995994568,133.32,23.0,0.0,4.0,33,14884,33,165.1,False,False,False,538.5,391.0
4,0502,4,2001,2001-11-15,2.661800003051758,238.11,22.89999961853028,0.0,10.0,35,15561,34,167.6,False,False,False,541.0,344.0
4,0502,5,2002,2002-11-04,2.7623000383377074,93.23,23.0,0.0,7.0,27,16349,35,167.6,False,False,False,541.0,354.0
4,0502,6,2004,2004-07-11,2.8192999958992004,147.04,22.39999961853028,0.0,9.0,34,18129,37,170.1,False,False,False,543.5,615.0
4,0502,6,2006,2006-03-24,3.663100028038025,160.63,22.600000381469727,0.0,3.0,31,19915,39,170.1,False,False,False,543.5,621.0
4,0502,6,2008,2008-09-11,3.848499989509583,364.88,22.100000381469727,0.0,10.0,36,22187,41,170.1,False,False,False,543.5,902.0
4,0503,1,1990,1990-02-05,1.6876999974250793,228.98,21.700000762939453,0.0,19.0,38,8047,23,127.0,False,False,False,548.6,0.0
4,0503,2,1990,1990-09-21,0.9457000017166136,228.98,21.700000762939453,0.0,19.0,38,8047,23,226.1,False,False,False,647.7,228.0
4,0503,2,1992,1992-01-15,0.9700999975204468,424.41,21.600000381469727,0.0,15.0,43,9157,25,226.1,False,False,False,647.7,481.0
4,0503,2,1993,1993-02-22,0.954999989271164,257.09,21.600000381469727,0.0,6.0,43,9491,26,226.1,False,False,False,647.7,404.0
4,0503,2,1997,1997-07-07,1.0562999993562698,135.36,22.600000381469727,0.0,10.0,34,12367,30,226.1,False,False,False,647.7,1596.0
4,0503,3,1998,1998-12-11,1.0771000146865846,264.97,21.39999961853028,0.0,10.0,39,13207,31,228.6,False,False,False,650.2,522.0
4,0503,3,1999,1999-11-11,1.151800000667572,99.11,22.799999237060547,0.0,2.0,29,14125,32,228.6,False,False,False,650.2,335.0
4,0503,3,2000,2000-12-06,1.256000006198883,133.32,23.0,0.0,4.0,33,14884,33,228.6,False,False,False,650.2,391.0
4,0503,3,2001,2001-11-15,1.4640999913215635,238.11,22.89999961853028,0.0,10.0,35,15561,34,228.6,False,False,False,650.2,344.0
4,0503,4,2002,2002-11-04,1.4274999976158145,93.23,23.0,0.0,7.0,27,16349,35,228.6,False,False,False,650.2,354.0
4,0503,5,2004,2004-07-11,1.6367999911308289,147.04,22.39999961853028,0.0,9.0,34,18129,37,231.1,False,False,False,652.7,615.0
4,0503,5,2006,2006-03-24,1.9157999753952024,160.63,22.600000381469727,0.0,3.0,31,19915,39,231.1,False,False,False,652.7,621.0
4,0503,5,2008,2008-09-11,2.304900026321411,364.88,22.100000381469727,0.0,10.0,36,22187,41,231.1,False,False,False,652.7,902.0
4,0504,1,1990,1990-02-05,1.552899992465973,228.98,21.700000762939453,0.0,19.0,38,8047,23,127.0,False,False,False,574.0,0.0
4,0504,2,1990,1990-09-21,1.1960000038146972,228.98,21.700000762939453,0.0,19.0,38,8047,23,231.1,False,False,False,678.1,228.0
4,0504,2,1992,1992-01-15,1.262200003862381,424.41,21.600000381469727,0.0,15.0,43,9157,25,231.1,False,False,False,678.1,481.0
4,0504,2,1993,1993-02-22,1.2262999951839446,257.09,21.600000381469727,0.0,6.0,43,9491,26,231.1,False,False,False,678.1,404.0
4,0504,2,1997,1997-07-07,1.2678999960422517,135.36,22.600000381469727,0.0,10.0,34,12367,30,231.1,False,False,False,678.1,1596.0
4,0504,3,1998,1998-12-11,1.276699995994568,264.97,21.39999961853028,0.0,10.0,39,13207,31,233.6,False,False,False,680.6,522.0
4,0504,3,1999,1999-11-11,1.2910000085830688,99.11,22.799999237060547,0.0,2.0,29,14125,32,233.6,False,False,False,680.6,335.0
4,0504,3,2000,2000-12-06,1.314300012588501,133.32,23.0,0.0,4.0,33,14884,33,233.6,False,False,False,680.6,391.0
4,0504,3,2001,2001-11-15,1.3021999835968017,238.11,22.89999961853028,0.0,10.0,35,15561,34,233.6,False,False,False,680.6,344.0
4,0504,4,2002,2002-11-04,1.362000012397766,93.23,23.0,0.0,7.0,27,16349,35,233.6,False,False,False,680.6,354.0
4,0504,5,2004,2004-07-11,1.3638999998569488,147.04,22.39999961853028,0.0,9.0,34,18129,37,236.1,False,False,False,683.1,615.0
4,0504,5,2006,2006-03-24,1.4949000000953674,160.63,22.600000381469727,0.0,3.0,31,19915,39,236.1,False,False,False,683.1,621.0
4,0504,5,2008,2008-09-11,1.700700008869171,364.88,22.100000381469727,0.0,10.0,36,22187,41,236.1,False,False,False,683.1,902.0
4,0505,1,1990,1990-02-05,2.56190003156662,228.98,21.700000762939453,0.0,19.0,38,8047,23,127.0,False,False,False,452.1,0.0
4,0505,2,1990,1990-09-21,1.272599995136261,228.98,21.700000762939453,0.0,19.0,38,8047,23,167.6,False,False,False,492.7000000000001,228.0
4,0505,2,1992,1992-01-15,1.2616999983787536,424.41,21.600000381469727,0.0,15.0,43,9157,25,167.6,False,False,False,492.7000000000001,481.0
4,0505,2,1993,1993-02-22,1.2977999925613402,257.09,21.600000381469727,0.0,6.0,43,9491,26,167.6,False,False,False,492.7000000000001,404.0
4,0505,2,1997,1997-07-07,1.324449986219406,135.36,22.600000381469727,0.0,10.0,34,12367,30,167.6,False,False,False,492.7000000000001,1596.0
4,0505,3,1998,1998-12-11,1.376700019836426,264.97,21.39999961853028,0.0,10.0,39,13207,31,170.1,False,False,False,495.2000000000001,522.0
4,0505,3,1999,1999-11-11,1.448300004005432,99.11,22.799999237060547,0.0,2.0,29,14125,32,170.1,False,False,False,495.2000000000001,335.0
4,0505,3,2000,2000-12-06,1.4733999848365782,133.32,23.0,0.0,4.0,33,14884,33,170.1,False,False,False,495.2000000000001,391.0
4,0505,4,2001,2001-11-15,1.653100001811981,238.11,22.89999961853028,0.0,10.0,35,15561,34,172.6,False,False,False,497.7000000000001,344.0
4,0505,5,2002,2002-11-04,1.5766000151634216,93.23,23.0,0.0,7.0,27,16349,35,172.6,False,False,False,497.7000000000001,354.0
4,0505,6,2004,2004-07-11,1.7537500083446502,147.04,22.39999961853028,0.0,9.0,34,18129,37,175.1,False,False,False,500.2000000000001,615.0
4,0505,6,2006,2006-03-24,1.8896999955177307,160.63,22.600000381469727,0.0,3.0,31,19915,39,175.1,False,False,False,500.2000000000001,621.0
4,0505,6,2008,2008-09-11,2.0681999921798706,364.88,22.100000381469727,0.0,10.0,36,22187,41,175.1,False,False,False,500.2000000000001,902.0
4,0506,1,1990,1990-02-05,1.7325999855995178,228.98,21.700000762939453,0.0,19.0,38,8047,23,124.5,False,False,False,449.6,0.0
4,0506,2,1990,1990-09-21,1.0200999915599822,228.98,21.700000762939453,0.0,19.0,38,8047,23,208.3,False,False,False,533.4,228.0
4,0506,2,1992,1992-01-15,1.091300016641617,424.41,21.600000381469727,0.0,15.0,43,9157,25,208.3,False,False,False,533.4,481.0
4,0506,2,1993,1993-02-22,1.0551000118255616,257.09,21.600000381469727,0.0,6.0,43,9491,26,208.3,False,False,False,533.4,404.0
4,0506,2,1997,1997-07-07,1.0791500061750412,135.36,22.600000381469727,0.0,10.0,34,12367,30,208.3,False,False,False,533.4,1596.0
4,0506,3,1998,1998-12-11,1.0667000234127044,264.97,21.39999961853028,0.0,10.0,39,13207,31,210.8,False,False,False,535.9,522.0
4,0506,3,1999,1999-11-11,1.1152999997138977,99.11,22.799999237060547,0.0,2.0,29,14125,32,210.8,False,False,False,535.9,335.0
4,0506,3,2000,2000-12-06,1.117199981212616,133.32,23.0,0.0,4.0,33,14884,33,210.8,False,False,False,535.9,391.0
4,0506,4,2001,2001-11-15,1.111500012874603,238.11,22.89999961853028,0.0,10.0,35,15561,34,213.3,False,False,False,538.4,344.0
4,0506,5,2002,2002-11-04,1.1435999751091002,93.23,23.0,0.0,7.0,27,16349,35,213.3,False,False,False,538.4,354.0
4,0506,6,2004,2004-07-11,1.2143499910831452,147.04,22.39999961853028,0.0,9.0,34,18129,37,215.8,False,False,False,540.9,615.0
4,0506,6,2006,2006-03-24,1.5374000072479248,160.63,22.600000381469727,0.0,3.0,31,19915,39,215.8,False,False,False,540.9,621.0
4,0506,7,2008,2008-09-11,2.116200017929077,364.88,22.100000381469727,0.0,10.0,36,22187,41,215.8,False,False,False,540.9,902.0
4,0507,1,1990,1990-02-05,1.8332000017166137,228.98,21.700000762939453,0.0,19.0,38,8047,23,127.0,False,False,False,652.8,0.0
4,0507,2,1990,1990-09-21,1.2958000004291534,228.98,21.700000762939453,0.0,19.0,38,8047,23,233.7,False,False,False,759.5,228.0
4,0507,2,1992,1992-01-15,1.3845999956130983,424.41,21.600000381469727,0.0,15.0,43,9157,25,233.7,False,False,False,759.5,481.0
4,0507,2,1993,1993-02-22,1.2933000028133392,257.09,21.600000381469727,0.0,6.0,43,9491,26,233.7,False,False,False,759.5,404.0
4,0507,2,1997,1997-07-07,1.4158999919891355,135.36,22.600000381469727,0.0,10.0,34,12367,30,233.7,False,False,False,759.5,1596.0
4,0507,3,1998,1998-12-11,1.388099992275238,264.97,21.39999961853028,0.0,10.0,39,13207,31,236.2,False,False,False,762.0,522.0
4,0507,3,1999,1999-11-11,1.394000005722046,99.11,22.799999237060547,0.0,2.0,29,14125,32,236.2,False,False,False,762.0,335.0
4,0507,3,2000,2000-12-06,1.4135000109672546,133.32,23.0,0.0,4.0,33,14884,33,236.2,False,False,False,762.0,391.0
4,0507,3,2001,2001-11-15,1.3855000138282776,238.11,22.89999961853028,0.0,10.0,35,15561,34,236.2,False,False,False,762.0,344.0
4,0507,3,2002,2002-11-04,1.516600000858307,93.23,23.0,0.0,7.0,27,16349,35,236.2,False,False,False,762.0,354.0
4,0507,4,2004,2004-07-11,1.3745000034570694,147.04,22.39999961853028,0.0,9.0,34,18129,37,238.7,False,False,False,764.5,615.0
4,0507,4,2006,2006-03-24,1.4416000127792357,160.63,22.600000381469727,0.0,3.0,31,19915,39,238.7,False,False,False,764.5,621.0
4,0507,4,2008,2008-09-11,1.5384999990463255,364.88,22.100000381469727,0.0,10.0,36,22187,41,238.7,False,False,False,764.5,902.0
4,0508,1,1990,1990-02-05,1.5521000027656555,228.98,21.700000762939453,0.0,19.0,38,8047,23,137.20000000000002,False,False,False,518.2,0.0
4,0508,2,1990,1990-09-21,0.9389999866485595,228.98,21.700000762939453,0.0,19.0,38,8047,23,233.7,False,False,False,614.7,228.0
4,0508,2,1992,1992-01-15,0.9676999986171722,424.41,21.600000381469727,0.0,15.0,43,9157,25,233.7,False,False,False,614.7,481.0
4,0508,2,1993,1993-02-22,0.93779998421669,257.09,21.600000381469727,0.0,6.0,43,9491,26,233.7,False,False,False,614.7,404.0
4,0508,2,1997,1997-07-07,0.9528499990701677,135.36,22.600000381469727,0.0,10.0,34,12367,30,233.7,False,False,False,614.7,1596.0
4,0508,3,1998,1998-12-11,0.9610000193119048,264.97,21.39999961853028,0.0,10.0,39,13207,31,236.2,False,False,False,617.2,522.0
4,0508,3,1999,1999-11-11,0.987499976158142,99.11,22.799999237060547,0.0,2.0,29,14125,32,236.2,False,False,False,617.2,335.0
4,0508,3,2000,2000-12-06,1.0273999989032745,133.32,23.0,0.0,4.0,33,14884,33,236.2,False,False,False,617.2,391.0
4,0508,3,2001,2001-11-15,1.036599999666214,238.11,22.89999961853028,0.0,10.0,35,15561,34,236.2,False,False,False,617.2,344.0
4,0508,4,2002,2002-11-04,1.0680000007152557,93.23,23.0,0.0,7.0,27,16349,35,236.2,False,False,False,617.2,354.0
4,0508,5,2004,2004-07-11,1.120449995994568,147.04,22.39999961853028,0.0,9.0,34,18129,37,238.7,False,False,False,619.7,615.0
4,0508,5,2006,2006-03-24,1.27189998626709,160.63,22.600000381469727,0.0,3.0,31,19915,39,238.7,False,False,False,619.7,621.0
4,0508,5,2008,2008-09-11,1.3701000094413758,364.88,22.100000381469727,0.0,10.0,36,22187,41,238.7,False,False,False,619.7,902.0
4,0509,1,1990,1990-02-05,2.380599975585937,228.98,21.700000762939453,0.0,19.0,38,8047,23,137.20000000000002,False,False,False,513.1,0.0
4,0509,2,1990,1990-09-21,1.02739999294281,228.98,21.700000762939453,0.0,19.0,38,8047,23,165.0,False,False,False,540.9,228.0
4,0509,2,1992,1992-01-15,1.044124998152256,424.41,21.600000381469727,0.0,15.0,43,9157,25,165.0,False,False,False,540.9,481.0
4,0509,2,1993,1993-02-22,1.061299991607666,257.09,21.600000381469727,0.0,6.0,43,9491,26,165.0,False,False,False,540.9,404.0
4,0509,2,1997,1997-07-07,1.218400001525879,135.36,22.600000381469727,0.0,10.0,34,12367,30,165.0,False,False,False,540.9,1596.0
4,0509,3,1998,1998-12-11,1.5010000109672543,264.97,21.39999961853028,0.0,10.0,39,13207,31,167.5,False,False,False,543.4,522.0
4,0509,3,1999,1999-11-11,1.7315999984741213,99.11,22.799999237060547,0.0,2.0,29,14125,32,167.5,False,False,False,543.4,335.0
4,0509,3,2000,2000-12-06,2.0199999809265137,133.32,23.0,0.0,4.0,33,14884,33,167.5,False,False,False,543.4,391.0
4,0509,4,2001,2001-11-15,2.541899967193604,238.11,22.89999961853028,0.0,10.0,35,15561,34,170.0,False,False,False,545.9,344.0
4,0509,5,2002,2002-11-04,2.134500014781952,93.23,23.0,0.0,7.0,27,16349,35,170.0,False,False,False,545.9,354.0
4,0509,6,2004,2004-07-11,2.7318499982357025,147.04,22.39999961853028,0.0,9.0,34,18129,37,172.5,False,False,False,548.4,615.0
4,0509,6,2006,2006-03-24,3.671199989318848,160.63,22.600000381469727,0.0,3.0,31,19915,39,172.5,False,False,False,548.4,621.0
4,0509,6,2008,2008-09-11,4.517400002479553,364.88,22.100000381469727,0.0,10.0,36,22187,41,172.5,False,False,False,548.4,902.0
4,0559,1,1990,1990-02-05,2.061500012874604,228.98,21.700000762939453,0.0,19.0,38,8047,23,132.1,False,False,False,467.4,0.0
4,0559,2,1990,1990-09-21,1.1575000166893006,228.98,21.700000762939453,0.0,19.0,38,8047,23,195.6,False,False,False,530.9,228.0
4,0559,2,1992,1992-01-15,1.1491999745368957,424.41,21.600000381469727,0.0,15.0,43,9157,25,195.6,False,False,False,530.9,481.0
4,0559,2,1993,1993-02-22,1.1768000006675718,257.09,21.600000381469727,0.0,6.0,43,9491,26,195.6,False,False,False,530.9,404.0
4,0559,2,1997,1997-07-07,1.179199993610382,135.36,22.600000381469727,0.0,10.0,34,12367,30,195.6,False,False,False,530.9,1596.0
4,0559,3,1998,1998-12-11,1.1937000036239624,264.97,21.39999961853028,0.0,10.0,39,13207,31,198.1,False,False,False,533.4,522.0
4,0559,3,1999,1999-11-11,1.200600004196167,99.11,22.799999237060547,0.0,2.0,29,14125,32,198.1,False,False,False,533.4,335.0
4,0559,3,2000,2000-12-06,1.2232999920845034,133.32,23.0,0.0,4.0,33,14884,33,198.1,False,False,False,533.4,391.0
4,0559,4,2001,2001-11-15,1.2544999837875366,238.11,22.89999961853028,0.0,10.0,35,15561,34,200.6,False,False,False,535.9,344.0
4,0559,5,2002,2002-11-04,1.249899983406067,93.23,23.0,0.0,7.0,27,16349,35,200.6,False,False,False,535.9,354.0
4,0559,6,2004,2004-07-11,1.2950500011444093,147.04,22.39999961853028,0.0,9.0,34,18129,37,203.1,False,False,False,538.4,615.0
4,0559,6,2006,2006-03-24,1.5050999999046324,160.63,22.600000381469727,0.0,3.0,31,19915,39,203.1,False,False,False,538.4,621.0
4,0559,6,2008,2008-09-11,1.7509999871253967,364.88,22.100000381469727,0.0,10.0,36,22187,41,203.1,False,False,False,538.4,902.0
4,0560,1,1990,1990-02-05,1.8363999724388125,228.98,21.700000762939453,0.0,19.0,38,8047,23,127.0,False,False,False,482.6,0.0
4,0560,2,1990,1990-09-21,0.7895999908447265,228.98,21.700000762939453,0.0,19.0,38,8047,23,160.0,False,False,False,515.6,228.0
4,0560,2,1992,1992-01-15,0.8530999958515167,424.41,21.600000381469727,0.0,15.0,43,9157,25,160.0,False,False,False,515.6,481.0
4,0560,2,1993,1993-02-22,0.8484000086784362,257.09,21.600000381469727,0.0,6.0,43,9491,26,160.0,False,False,False,515.6,404.0
4,0560,2,1997,1997-07-07,0.910999995470047,135.36,22.600000381469727,0.0,10.0,34,12367,30,160.0,False,False,False,515.6,1596.0
4,0560,3,1998,1998-12-11,1.0434000074863434,264.97,21.39999961853028,0.0,10.0,39,13207,31,162.5,False,False,False,518.1,522.0
4,0560,3,1999,1999-11-11,1.0678000092506408,99.11,22.799999237060547,0.0,2.0,29,14125,32,162.5,False,False,False,518.1,335.0
4,0560,3,2000,2000-12-06,1.1378999829292296,133.32,23.0,0.0,4.0,33,14884,33,162.5,False,False,False,518.1,391.0
4,0560,4,2001,2001-11-15,1.330999994277954,238.11,22.89999961853028,0.0,10.0,35,15561,34,165.0,False,False,False,520.6,344.0
4,0560,5,2002,2002-11-04,1.3061999917030334,93.23,23.0,0.0,7.0,27,16349,35,165.0,False,False,False,520.6,354.0
4,0560,6,2004,2004-07-11,1.408550000190735,147.04,22.39999961853028,0.0,9.0,34,18129,37,167.5,False,False,False,523.1,615.0
4,0560,6,2006,2006-03-24,1.8588999867439269,160.63,22.600000381469727,0.0,3.0,31,19915,39,167.5,False,False,False,523.1,621.0
4,0560,6,2008,2008-09-11,2.2163999915122985,364.88,22.100000381469727,0.0,10.0,36,22187,41,167.5,False,False,False,523.1,902.0
4,1001,2,1990,1990-03-24,1.0653999924659727,182.56,22.0,0.0,18.0,35,21915,13,320.0,False,False,False,320.0,0.0
4,1001,2,1992,1992-02-28,1.0723999857902526,366.75,21.89999961853028,0.0,7.0,40,27365,15,320.0,False,False,False,320.0,706.0
4,1001,2,1993,1993-02-18,1.100799983739853,336.64,21.700000762939453,0.0,5.0,40,29394,16,320.0,False,False,False,320.0,356.0
4,1001,2,1995,1995-03-06,1.1312000095844268,155.34,22.700000762939453,0.0,1.0,36,34317,18,320.0,False,False,False,320.0,746.0
4,1002,1,1990,1990-04-04,1.568500006198883,373.32,13.199999809265137,107.0,97.0,45,9702,11,264.2,False,False,False,264.2,0.0
4,1002,2,1992,1992-02-24,3.0646000146865844,494.82,13.100000381469728,36.0,107.0,52,12052,13,264.2,False,False,False,264.2,691.0
4,1002,2,1993,1993-02-10,3.1641000270843502,473.16,12.800000190734863,9.0,108.0,50,13033,14,264.2,False,False,False,264.2,352.0
4,1002,2,1995,1995-05-03,2.621399974822998,231.69,13.899999618530272,5.0,86.0,46,15399,16,264.2,False,False,False,264.2,812.0
4,1002,3,1997,1997-02-20,0.5878000020980835,315.27,13.899999618530272,49.0,111.0,43,18925,18,264.20000000000005,False,False,False,264.20000000000005,659.0
4,1002,3,1998,1998-04-14,0.6152000069618224,338.06,12.800000190734863,17.0,112.0,49,21207,19,264.20000000000005,False,False,False,264.20000000000005,418.0
4,1002,3,1999,1999-03-02,0.646100002527237,172.86,14.100000381469728,7.0,98.0,40,23587,20,264.20000000000005,False,False,False,264.20000000000005,322.0
4,1003,2,1990,1990-03-25,0.7883000075817108,163.33,21.700000762939453,0.0,20.0,33,19428,16,332.7,False,False,False,485.1,0.0
4,1003,3,1993,1993-02-18,1.0964000165462493,339.77,21.39999961853028,0.0,3.0,39,25358,19,332.7,False,False,False,485.1,1061.0
4,1003,4,1995,1995-03-02,0.5675999999046326,135.44,22.5,0.0,0.0,34,30731,21,353.0,False,False,False,505.4,742.0
4,1003,4,1997,1997-07-01,0.6545999974012375,168.4,22.39999961853028,0.0,4.0,32,36142,23,353.0,False,False,False,505.4,852.0
4,1003,4,1998,1998-12-08,0.7007999897003174,218.83,21.299999237060547,0.0,5.0,37,39109,24,353.0,False,False,False,505.4,525.0
4,1003,4,1999,1999-11-09,0.6840999960899352,84.01,22.5,0.0,0.0,28,42265,25,353.0,False,False,False,505.4,336.0
4,1003,4,2001,2001-11-09,0.7147999942302703,183.89,22.700000762939453,0.0,5.0,33,49193,27,353.0,False,False,False,505.4,731.0
4,1003,4,2004,2004-02-08,0.7458000004291534,155.21,22.299999237060547,0.0,1.0,33,61328,30,353.0,False,False,False,505.4,821.0
4,1003,4,2011,2011-12-10,0.7616000056266785,85.95,22.299999237060547,0.0,7.0,30,100131,37,353.0,False,False,False,505.4,2862.0
4,1003,4,2012,2012-12-12,0.7689000010490418,227.97,23.299999237060547,0.0,0.0,29,107173,38,353.0,False,False,False,505.4,368.0
4,1003,5,2014,2014-06-28,0.7404500037431717,214.29,23.5,0.0,2.0,30,122632,40,353.0,False,False,False,505.4,563.0
4,1003,6,2019,2019-05-16,0.8180000007152557,329.51,22.39999961853028,0.0,7.0,34,170783,45,353.0,False,False,False,505.4,1783.0
4,1003,6,2021,2021-01-21,0.8314000010490418,205.09,23.600000381469727,0.0,0.0,29,194658,47,353.0,False,False,False,505.4,616.0
4,1006,1,1990,1990-03-24,0.7586999893188477,182.56,22.0,0.0,18.0,35,20640,15,221.0,False,False,False,436.9,0.0
4,1006,4,1995,1995-03-02,0.8019999980926513,155.34,22.700000762939453,0.0,1.0,36,33497,20,304.8,False,False,False,520.7,1804.0
4,1006,4,1997,1997-07-02,0.8364499986171722,146.29,22.89999961853028,0.0,8.0,32,44235,22,304.8,False,False,False,520.7,853.0
4,1006,4,1998,1998-12-08,0.8587999939918518,216.26,21.600000381469727,0.0,5.0,38,49687,23,304.8,False,False,False,520.7,524.0
4,1006,4,1999,1999-11-09,0.8860999941825867,77.05,22.89999961853028,0.0,0.0,28,55381,24,304.8,False,False,False,520.7,336.0
4,1006,4,2001,2001-11-09,0.8572999954223632,238.55,23.200000762939453,0.0,5.0,33,67533,26,304.8,False,False,False,520.7,731.0
4,1006,4,2004,2004-02-03,0.8584999978542327,170.05,22.799999237060547,0.0,3.0,32,87817,29,304.8,False,False,False,520.7,816.0
4,1006,4,2007,2007-01-23,0.8867000043392181,158.36,23.100000381469727,0.0,8.0,30,110832,32,304.8,False,False,False,520.7,1085.0
4,1006,4,2010,2010-01-25,0.908899998664856,249.51,22.5,0.0,1.0,35,136922,35,304.8,False,False,False,520.7,1098.0
4,1006,4,2011,2011-12-10,0.9525999903678892,81.2,22.700000762939453,0.0,7.0,30,146371,36,304.8,False,False,False,520.7,684.0
4,1006,4,2012,2012-12-12,0.9601999998092652,148.03,23.700000762939453,0.0,0.0,29,156222,37,304.8,False,False,False,520.7,368.0
4,1006,5,2014,2014-06-28,0.997450014948845,222.8,23.799999237060547,0.0,0.0,31,177206,39,304.8,False,False,False,520.7,563.0
4,1006,6,2015,2015-12-09,1.010099995136261,227.68,23.600000381469727,0.0,7.0,33,188377,40,304.8,False,False,False,520.7,529.0
4,1006,6,2016,2016-12-16,1.033600002527237,174.77,24.100000381469727,0.0,2.0,30,200028,41,304.8,False,False,False,520.7,373.0
4,1006,6,2019,2019-05-15,1.076500004529953,541.19,22.89999961853028,0.0,8.0,34,229413,44,304.8,False,False,False,520.7,880.0
4,1006,7,2021,2021-01-21,1.1228000044822697,223.01,23.89999961853028,0.0,0.0,30,238783,46,304.8,False,False,False,520.7,617.0
4,1007,3,1990,1990-03-24,1.334600031375885,182.56,22.0,0.0,18.0,35,20544,13,167.6,False,False,False,441.9,0.0
4,1007,3,1992,1992-01-21,1.823399996757508,366.75,21.89999961853028,0.0,7.0,40,25219,15,167.6,False,False,False,441.9,668.0
4,1007,3,1993,1993-02-18,1.8077000021934508,336.64,21.700000762939453,0.0,5.0,40,26707,16,167.6,False,False,False,441.9,394.0
4,1007,4,1995,1995-03-04,1.2523333231608071,155.34,22.700000762939453,0.0,1.0,36,32230,18,274.3,False,False,False,548.6,744.0
4,1007,4,1997,1997-07-05,0.8407499998807907,146.29,22.89999961853028,0.0,8.0,32,38340,20,274.3,False,False,False,548.6,854.0
4,1007,4,1998,1998-12-07,0.8773000061511993,216.26,21.600000381469727,0.0,5.0,38,41869,21,274.3,False,False,False,548.6,520.0
4,1007,4,1999,1999-11-10,0.8616999983787537,77.05,22.89999961853028,0.0,0.0,28,45528,22,274.3,False,False,False,548.6,338.0
4,1007,4,2001,2001-11-12,1.0228999972343444,238.55,23.200000762939453,0.0,5.0,33,54302,24,274.3,False,False,False,548.6,733.0
4,1007,5,2004,2004-07-13,1.7587500035762786,170.05,22.799999237060547,0.0,3.0,32,68501,27,274.3,False,False,False,548.6,974.0
4,1015,1,1990,1990-03-17,1.121874988079071,539.75,18.0,2.0,35.0,45,2321,12,226.1,False,False,False,482.6,0.0
4,1015,1,1992,1992-01-12,0.9814999878406524,539.14,18.200000762939453,0.0,23.0,47,3396,14,226.1,False,False,False,482.6,666.0
4,1015,1,1993,1993-02-26,1.0949000000953677,422.74,18.200000762939453,0.0,9.0,48,3791,15,226.1,False,False,False,482.6,411.0
4,1015,2,1997,1997-07-12,0.4725500017404556,297.52,19.0,0.0,18.0,39,5964,19,309.9,False,False,False,566.4,1597.0
4,1015,2,1998,1998-12-10,0.527499994635582,326.34,17.899999618530273,0.0,21.0,44,6514,20,309.9,False,False,False,566.4,516.0
4,1015,2,1999,1999-11-11,0.5401000082492828,160.78,19.299999237060547,0.0,13.0,33,7188,21,309.9,False,False,False,566.4,336.0
4,1015,2,2001,2001-11-14,0.5873000025749207,439.37,18.89999961853028,0.0,30.0,42,8726,23,309.9,False,False,False,566.4,734.0
4,1015,2,2002,2002-11-06,0.6162999987602233,192.42,19.299999237060547,0.0,25.0,34,9601,24,309.9,False,False,False,566.4,357.0
4,1015,2,2004,2004-12-10,0.6837999999523163,232.93,18.600000381469727,0.0,19.0,41,11598,26,309.9,False,False,False,566.4,765.0
4,1015,2,2006,2006-03-22,0.6940999925136566,326.66,19.200000762939453,0.0,18.0,37,13974,28,309.9,False,False,False,566.4,467.0
4,1015,2,2011,2011-12-06,1.0231000006198885,238.24,19.100000381469727,8.0,24.0,36,22085,33,309.9,False,False,False,566.4,2085.0
4,1015,2,2012,2012-12-10,1.0788000166416167,373.36,19.600000381469727,0.0,11.0,38,24175,34,309.9,False,False,False,566.4,370.0
4,1015,2,2014,2014-06-27,1.1553500056266786,500.65,19.700000762939453,0.0,4.0,41,28942,36,309.9,False,False,False,566.4,564.0
4,1016,1,1990,1990-03-18,0.8075999915599823,539.75,18.0,2.0,35.0,45,2491,12,254.0,False,False,False,424.2,0.0
4,1016,2,1992,1992-01-13,0.8802999973297119,539.14,18.200000762939453,0.0,23.0,47,3466,14,254.0,False,False,False,424.2,666.0
4,1016,2,1993,1993-02-26,0.9525000035762788,422.74,18.200000762939453,0.0,9.0,48,3772,15,254.0,False,False,False,424.2,410.0
4,1016,2,1997,1997-07-12,1.550699985027313,297.52,19.0,0.0,18.0,39,5833,19,254.0,False,False,False,424.2,1597.0
4,1016,3,1998,1998-12-10,0.5695999979972839,326.34,17.899999618530273,0.0,21.0,44,6392,20,294.70000000000005,False,False,False,464.9,516.0
4,1016,3,1999,1999-11-12,0.7538000047206879,160.78,19.299999237060547,0.0,13.0,33,6994,21,294.70000000000005,False,False,False,464.9,337.0
4,1016,3,2001,2001-11-14,0.8430999994277955,439.37,18.89999961853028,0.0,30.0,42,8339,23,294.70000000000005,False,False,False,464.9,733.0
4,1016,3,2002,2002-11-06,0.8641000032424927,192.42,19.299999237060547,0.0,25.0,34,9090,24,294.70000000000005,False,False,False,464.9,357.0
4,1016,3,2004,2004-12-09,0.8962999939918519,232.93,18.600000381469727,0.0,19.0,41,10768,26,294.70000000000005,False,False,False,464.9,764.0
4,1016,3,2006,2006-03-22,0.8466000020503999,326.66,19.200000762939453,0.0,18.0,37,12712,28,294.70000000000005,False,False,False,464.9,468.0
4,1016,3,2011,2011-12-06,1.029899996519089,238.24,19.100000381469727,8.0,24.0,36,19032,33,294.70000000000005,False,False,False,464.9,2085.0
4,1016,3,2012,2012-12-10,1.0637999892234802,373.36,19.600000381469727,0.0,11.0,38,20600,34,294.70000000000005,False,False,False,464.9,370.0
4,1016,3,2014,2014-06-27,1.228650000691414,500.65,19.700000762939453,0.0,4.0,41,24106,36,294.70000000000005,False,False,False,464.9,564.0
4,1016,3,2015,2015-12-11,1.3083999872207643,466.49,19.299999237060547,0.0,17.0,46,26063,37,294.70000000000005,False,False,False,464.9,532.0
4,1016,3,2016,2016-12-15,1.292899990081787,368.76,20.0,0.0,12.0,39,28169,38,294.70000000000005,False,False,False,464.9,370.0
4,1016,3,2019,2019-02-25,1.5165000021457673,546.09,18.89999961853028,0.0,24.0,44,35408,41,294.70000000000005,False,False,False,464.9,802.0
4,1016,3,2021,2021-02-09,1.5067000031471252,500.74,19.799999237060547,0.0,7.0,39,41028,43,294.70000000000005,False,False,False,464.9,715.0
4,1017,2,1990,1990-03-19,1.0501999974250793,380.66,19.100000381469727,1.0,29.0,43,4378,15,226.1,False,False,False,510.6,0.0
4,1017,2,1992,1992-01-12,1.193400001525879,441.31,19.200000762939453,0.0,18.0,46,5353,17,226.1,False,False,False,510.6,664.0
4,1017,2,1993,1993-02-24,1.328700017929077,288.61,19.299999237060547,0.0,8.0,46,5514,18,226.1,False,False,False,510.6,409.0
4,1017,2,1994,1994-11-17,1.3486000180244444,413.37,19.700000762939453,0.0,12.0,40,5831,19,226.1,False,False,False,510.6,631.0
4,1017,2,1997,1997-02-05,1.3281999945640564,198.72,20.100000381469727,0.0,16.0,37,7073,22,226.1,False,False,False,510.6,811.0
4,1017,3,1997,1997-12-17,0.5872999966144562,198.72,20.100000381469727,0.0,16.0,37,7073,22,221.0,False,False,False,505.5,315.0
4,1017,3,1998,1998-12-10,0.5480000019073487,282.78,18.89999961853028,0.0,17.0,43,7815,23,221.0,False,False,False,505.5,358.0
4,1017,3,1999,1999-11-12,0.565800005197525,101.63,20.299999237060547,0.0,8.0,32,8589,24,221.0,False,False,False,505.5,337.0
4,1017,3,2001,2001-11-14,0.5616999983787536,380.79,20.100000381469727,0.0,21.0,40,10309,26,221.0,False,False,False,505.5,733.0
4,1017,3,2002,2002-11-07,0.5453000068664551,139.1,20.5,0.0,16.0,31,10863,27,221.0,False,False,False,505.5,358.0
4,1017,3,2004,2004-12-09,0.5847999930381775,148.78,19.799999237060547,0.0,16.0,38,16311,29,221.0,False,False,False,505.5,763.0
4,1017,3,2006,2006-03-23,0.6121000051498413,219.31,20.100000381469727,0.0,13.0,36,17955,31,221.0,False,False,False,505.5,469.0
4,1017,3,2010,2010-01-15,0.760500007867813,283.4,19.700000762939453,0.0,9.0,40,21945,35,221.0,False,False,False,505.5,1394.0
4,1017,3,2011,2011-12-06,0.7914000034332276,156.4,20.200000762939453,5.0,19.0,34,23102,36,221.0,False,False,False,505.5,690.0
4,1017,4,2012,2012-12-10,0.7980000078678131,291.41,20.799999237060547,0.0,5.0,35,24321,37,221.0,False,False,False,505.5,370.0
4,1017,4,2014,2014-06-27,0.8687999963760376,369.03,21.0,0.0,2.0,38,26956,39,221.0,False,False,False,505.5,564.0
4,1017,4,2015,2015-12-11,0.9807999968528748,366.12,20.5,0.0,15.0,43,28380,40,221.0,False,False,False,505.5,532.0
4,1017,4,2016,2016-12-15,1.0708000004291534,264.13,21.200000762939453,0.0,6.0,37,29879,41,221.0,False,False,False,505.5,370.0
4,1018,2,1990,1990-03-19,0.9634999990463258,380.66,19.100000381469727,1.0,29.0,43,3869,15,213.4,False,False,False,396.3,0.0
4,1018,3,1992,1992-01-12,1.029000002145767,441.31,19.200000762939453,0.0,18.0,46,4744,17,215.9,False,False,False,398.8,664.0
4,1018,3,1993,1993-02-24,1.0717999935150146,288.61,19.299999237060547,0.0,8.0,46,5171,18,215.9,False,False,False,398.8,409.0
4,1018,3,1997,1997-02-05,1.0657000064849855,198.72,20.100000381469727,0.0,16.0,37,7222,22,215.9,False,False,False,398.8,1442.0
4,1018,4,1997,1997-12-16,0.5359000027179718,198.72,20.100000381469727,0.0,16.0,37,7222,22,231.2,False,False,False,414.1,314.0
4,1018,4,1998,1998-12-10,0.5345999985933304,282.78,18.89999961853028,0.0,17.0,43,7754,23,231.2,False,False,False,414.1,359.0
4,1018,4,1999,1999-11-12,0.5415999978780747,101.63,20.299999237060547,0.0,8.0,32,8313,24,231.2,False,False,False,414.1,337.0
4,1018,4,2001,2001-11-14,0.558899998664856,380.79,20.100000381469727,0.0,21.0,40,9517,26,231.2,False,False,False,414.1,733.0
4,1018,4,2002,2002-11-07,0.5671999990940093,139.1,20.5,0.0,16.0,31,10165,27,231.2,False,False,False,414.1,358.0
4,1018,4,2004,2004-12-08,0.5945999979972839,148.78,19.799999237060547,0.0,16.0,38,11561,29,231.2,False,False,False,414.1,762.0
4,1018,4,2006,2006-03-23,0.6186999976634979,219.31,20.100000381469727,0.0,13.0,36,13101,31,231.2,False,False,False,414.1,470.0
4,1018,4,2011,2011-12-06,0.9321000039577484,156.4,20.200000762939453,5.0,19.0,34,17683,36,231.2,False,False,False,414.1,2084.0
4,1018,5,2012,2012-12-11,0.9495999932289124,291.41,20.799999237060547,0.0,5.0,35,18742,37,231.2,False,False,False,414.1,371.0
4,1018,5,2014,2014-06-28,0.9279999971389772,369.03,21.0,0.0,2.0,38,21024,39,231.2,False,False,False,414.1,564.0
4,1018,5,2015,2015-12-11,1.0511000037193297,366.12,20.5,0.0,15.0,43,22252,40,231.2,False,False,False,414.1,531.0
4,1018,5,2016,2016-12-15,1.1072000086307523,264.13,21.200000762939453,0.0,6.0,37,23542,41,231.2,False,False,False,414.1,370.0
4,1021,2,1990,1990-03-30,1.251374989748001,329.27,16.399999618530273,21.0,67.0,38,7860,13,134.60000000000002,False,False,False,348.0,0.0
4,1021,3,1992,1992-02-19,1.1294999957084657,448.32,16.700000762939453,0.0,49.0,43,10685,15,134.60000000000002,False,False,False,348.0,691.0
4,1021,3,1993,1993-02-09,1.260699987411499,580.86,16.100000381469727,0.0,39.0,42,12285,16,134.60000000000002,False,False,False,348.0,356.0
4,1021,4,1995,1995-03-21,1.2978999853134154,326.79,17.399999618530273,0.0,30.0,38,15545,18,134.60000000000002,False,False,False,348.0,770.0
4,1021,5,1997,1997-02-21,0.753000009059906,390.02,17.100000381469727,3.0,48.0,37,19357,20,248.9,False,False,False,462.3,703.0
4,1021,5,1998,1998-04-16,0.7804000020027161,446.49,15.899999618530272,1.0,50.0,43,21557,21,248.9,False,False,False,462.3,419.0
4,1021,5,1999,1999-03-03,0.7949000000953674,177.5,17.299999237060547,0.0,35.0,32,23153,22,248.9,False,False,False,462.3,321.0
4,1021,5,2000,2000-03-15,0.843200010061264,175.7,17.700000762939453,0.0,40.0,34,24842,23,248.9,False,False,False,462.3,378.0
4,1021,5,2002,2002-02-19,0.8340999960899353,87.43,17.700000762939453,0.0,44.0,29,28514,25,248.9,False,False,False,462.3,706.0
4,1021,5,2004,2004-03-12,0.8572999835014343,431.0,17.100000381469727,0.0,42.0,38,34252,27,248.9,False,False,False,462.3,752.0
4,1022,1,1990,1990-03-30,0.6569000124931336,329.27,16.399999618530273,21.0,67.0,38,7904,14,210.9,False,False,False,472.5,0.0
4,1022,2,1992,1992-02-23,0.6682000100612641,448.32,16.700000762939453,0.0,49.0,43,10729,16,210.9,False,False,False,472.5,695.0
4,1022,2,1993,1993-02-09,0.7457000017166138,580.86,16.100000381469727,0.0,39.0,42,12329,17,210.9,False,False,False,472.5,352.0
4,1022,2,1995,1995-03-22,0.7341666618982952,326.79,17.399999618530273,0.0,30.0,38,15589,19,210.9,False,False,False,472.5,771.0
4,1022,3,1997,1997-02-21,0.5019000083208084,390.02,17.100000381469727,3.0,48.0,37,19401,21,215.9,False,False,False,477.5,702.0
4,1022,3,1998,1998-04-16,0.5307999968528747,446.49,15.899999618530272,1.0,50.0,43,21290,22,215.9,False,False,False,477.5,419.0
4,1022,3,1999,1999-03-03,0.5388000011444092,177.5,17.299999237060547,0.0,35.0,32,23267,23,215.9,False,False,False,477.5,321.0
4,1022,3,2000,2000-03-15,0.5425999939441681,175.7,17.700000762939453,0.0,40.0,34,25332,24,215.9,False,False,False,477.5,378.0
4,1022,3,2002,2002-02-19,0.5550999999046325,87.43,17.700000762939453,0.0,44.0,29,29725,26,215.9,False,False,False,477.5,706.0
4,1022,3,2004,2004-03-12,0.5722999989986419,431.0,17.100000381469727,0.0,42.0,38,34469,28,215.9,False,False,False,477.5,752.0
4,1022,3,2010,2010-01-11,0.7576999962329865,514.97,16.700000762939453,7.0,27.0,41,50780,34,215.9,False,False,False,477.5,2131.0
4,1022,3,2011,2011-11-30,1.0049999952316284,230.4,16.700000762939453,7.0,51.0,36,53811,35,215.9,False,False,False,477.5,688.0
4,1022,3,2012,2012-12-06,1.233600002527237,254.68,17.899999618530273,0.0,47.0,34,56930,36,215.9,False,False,False,477.5,372.0
4,1022,3,2014,2014-06-29,1.3738499939441682,332.08,18.0,1.0,17.0,35,63432,38,215.9,False,False,False,477.5,570.0
4,1022,4,2015,2015-12-03,1.3276999950408936,296.82,17.799999237060547,1.0,31.0,39,66815,39,215.9,False,False,False,477.5,522.0
4,1024,3,1990,1990-04-03,1.01700000166893,427.94,13.0,97.0,94.0,43,12179,14,274.3,False,False,False,434.3,0.0
4,1024,3,1992,1992-02-24,0.9311999917030336,420.4,13.199999809265137,34.0,104.0,47,15104,16,274.3,False,False,False,434.3,692.0
4,1024,4,1997,1997-02-20,1.0855000138282778,400.6,13.699999809265137,38.0,110.0,41,23546,21,274.3,False,False,False,434.3,1823.0
4,1024,6,1998,1998-01-14,1.0916000008583069,390.53,12.5,17.0,119.0,47,25686,22,274.3,False,False,False,434.3,328.0
4,1024,7,1999,1999-03-01,1.4483999967575074,204.45,13.699999809265137,6.0,101.0,38,27730,23,276.8,False,False,False,436.8,411.0
4,1024,8,2000,2000-03-13,0.4674000024795532,214.06,14.300000190734863,4.0,95.0,38,29626,24,279.4,False,False,False,439.4,378.0
4,1024,8,2002,2002-02-14,0.5357999980449677,153.18,14.399999618530272,13.0,97.0,33,38173,26,279.4,False,False,False,439.4,703.0
4,1024,8,2004,2004-03-11,0.6018000066280365,339.45,13.800000190734863,14.0,92.0,41,46284,28,279.4,False,False,False,439.4,756.0
4,1024,8,2007,2007-01-16,0.6334999978542328,289.0,14.199999809265137,45.0,94.0,39,60920,31,279.4,False,False,False,439.4,1041.0
4,1024,8,2010,2010-01-07,0.753300005197525,467.44,13.300000190734863,32.0,112.0,45,76562,34,279.4,False,False,False,439.4,1087.0
4,1024,8,2011,2011-12-04,0.7681999981403351,238.74,13.100000381469728,49.0,115.0,41,82365,35,279.4,False,False,False,439.4,696.0
4,1024,8,2012,2012-12-06,0.7744999945163726,243.74,14.5,15.0,100.0,39,88395,36,279.4,False,False,False,439.4,368.0
4,1024,8,2014,2014-06-28,0.8000999987125397,342.78,14.5,7.0,69.0,40,101172,38,279.4,False,False,False,439.4,569.0
4,1024,8,2015,2015-12-02,0.8682999968528748,350.41,14.199999809265137,26.0,74.0,45,107937,39,279.4,False,False,False,439.4,522.0
4,1024,8,2016,2016-06-15,0.87289999127388,449.4,14.399999618530272,25.0,71.0,44,114966,40,279.4,False,False,False,439.4,196.0
4,1024,8,2019,2019-02-27,1.061599999666214,573.32,13.199999809265137,64.0,87.0,44,132915,43,279.4,False,False,False,439.4,987.0
4,1024,8,2021,2021-02-11,1.1100000023841858,494.63,14.899999618530272,16.0,79.0,39,139208,45,279.4,False,False,False,439.4,715.0
4,1025,3,1992,1992-02-24,0.8542999982833862,420.4,13.199999809265137,34.0,104.0,47,14185,15,193.0,False,False,False,317.5,0.0
4,1025,3,1993,1993-02-10,1.1154999911785124,463.2,12.600000381469728,13.0,108.0,46,15794,16,193.0,False,False,False,317.5,352.0
4,1025,3,1995,1995-05-04,1.0067999839782713,288.8,13.800000190734863,5.0,84.0,43,19310,18,193.0,False,False,False,317.5,813.0
4,1025,3,1996,1996-08-09,1.1062000155448914,226.19,14.199999809265137,18.0,100.0,38,21287,19,193.0,False,False,False,317.5,463.0
4,1025,4,1997,1997-02-20,1.1573999762535094,400.6,13.699999809265137,38.0,110.0,41,23463,20,195.5,False,False,False,320.0,195.0
4,1025,4,1998,1998-04-14,1.1545000195503234,390.53,12.5,17.0,119.0,47,25503,21,195.5,False,False,False,320.0,418.0
4,1025,4,1999,1999-03-03,1.265500009059906,204.45,13.699999809265137,6.0,101.0,38,27753,22,195.5,False,False,False,320.0,323.0
4,1025,5,2000,2000-03-15,0.5907000005245209,214.06,14.300000190734863,4.0,95.0,38,28939,23,210.8,False,False,False,335.3,378.0
4,1025,5,2002,2002-02-19,0.7275999963283539,153.18,14.399999618530272,13.0,97.0,33,36595,25,210.8,False,False,False,335.3,706.0
4,1025,5,2004,2004-03-11,0.8154999971389771,339.45,13.800000190734863,14.0,92.0,41,42367,27,210.8,False,False,False,335.3,751.0
4,1025,5,2007,2007-01-17,0.8904000043869018,289.0,14.199999809265137,45.0,94.0,39,50363,30,210.8,False,False,False,335.3,1042.0
4,1025,6,2011,2011-12-04,1.339299988746643,238.74,13.100000381469728,49.0,115.0,41,63911,34,210.8,False,False,False,335.3,1782.0
4,1025,6,2012,2012-12-06,1.4831000089645388,243.74,14.5,15.0,100.0,39,68038,35,210.8,False,False,False,335.3,368.0
4,1025,6,2014,2014-06-28,2.0727000176906585,342.78,14.5,7.0,69.0,40,77013,37,210.8,False,False,False,335.3,569.0
4,1025,6,2015,2015-12-02,2.1143999814987184,350.41,14.199999809265137,26.0,74.0,45,81889,38,210.8,False,False,False,335.3,522.0
4,1034,2,1990,1990-03-26,1.1466000020503997,89.25,22.100000381469727,0.0,16.0,31,4580,16,101.5,False,False,False,383.4,0.0
4,1034,2,1991,1991-03-13,1.0613000035285949,216.15,21.89999961853028,0.0,2.0,33,4930,17,101.5,False,False,False,383.4,352.0
4,1034,2,1992,1992-02-28,1.093500018119812,230.86,22.299999237060547,0.0,9.0,38,5305,18,101.5,False,False,False,383.4,352.0
4,1034,2,1993,1993-02-03,1.3032999873161315,209.22,21.600000381469727,0.0,8.0,38,5588,19,101.5,False,False,False,383.4,341.0
4,1034,2,1994,1994-01-26,1.1997999906539918,170.67,22.5,0.0,7.0,31,5872,20,101.5,False,False,False,383.4,357.0
4,1034,2,1995,1995-03-01,1.4677999854087829,98.69,23.0,0.0,0.0,33,6141,21,101.5,False,False,False,383.4,399.0
4,1034,3,1997,1997-07-14,1.3992499887943268,205.71,22.700000762939453,0.0,5.0,32,6926,23,104.0,False,False,False,385.9,866.0
4,1034,4,1998,1998-12-04,1.8142999887466429,151.81,21.600000381469727,0.0,5.0,37,7478,24,104.0,False,False,False,385.9,508.0
4,1034,4,1999,1999-11-08,1.6895000100135804,67.42,22.799999237060547,0.0,1.0,28,8025,25,104.0,False,False,False,385.9,339.0
4,1034,5,2001,2001-11-07,0.74549999833107,128.84,23.299999237060547,0.0,2.0,31,8421,27,126.9,False,False,False,408.8,730.0
4,1034,5,2002,2002-02-13,0.7432999968528748,18.52,23.200000762939453,0.0,4.0,25,8614,28,126.9,False,False,False,408.8,98.0
4,1034,5,2004,2004-03-23,0.7639999926090241,184.81,22.799999237060547,0.0,3.0,33,9960,30,126.9,False,False,False,408.8,769.0
4,1036,1,1989,1989-08-08,0.714300000667572,79.47,19.100000381469727,5.0,52.0,28,1875,7,111.7,False,False,False,584.0999999999999,0.0
4,1036,1,1992,1992-02-19,1.7124000191688538,304.7,18.200000762939453,1.0,51.0,41,2959,10,111.7,False,False,False,584.0999999999999,925.0
4,1036,1,1993,1993-02-05,1.9306000232696527,354.55,17.399999618530273,0.0,39.0,41,3360,11,111.7,False,False,False,584.0999999999999,352.0
4,1036,2,1995,1995-02-28,1.962600004673004,170.69,18.89999961853028,0.0,27.0,36,4420,13,121.9,False,False,False,594.3,753.0
4,1036,2,1997,1997-01-22,1.8843999862670897,228.2,18.799999237060547,0.0,44.0,35,5933,15,121.9,False,False,False,594.3,694.0
4,1036,2,1998,1998-04-07,1.733899998664856,225.04,17.5,0.0,27.0,40,6588,16,121.9,False,False,False,594.3,440.0
4,1037,1,1989,1989-08-08,1.7597000002861023,70.74,20.600000381469727,0.0,24.0,26,795,5,68.5,False,False,False,477.4,0.0
4,1037,1,1990,1990-03-27,1.741100013256073,152.13,19.39999961853028,5.0,40.0,32,969,6,68.5,False,False,False,477.4,231.0
4,1037,1,1992,1992-02-15,1.9949000239372248,300.61,19.600000381469727,0.0,28.0,39,1359,8,68.5,False,False,False,477.4,690.0
4,1037,1,1993,1993-02-04,2.357699966430664,382.65,18.89999961853028,0.0,20.0,38,1534,9,68.5,False,False,False,477.4,355.0
4,1037,2,1995,1995-03-01,2.51509997844696,174.14,20.299999237060547,0.0,10.0,34,1852,11,78.69999999999999,False,False,False,487.6,755.0
4,1037,2,1997,1997-01-24,2.4151000499725344,225.38,20.200000762939453,0.0,24.0,33,2393,13,78.69999999999999,False,False,False,487.6,695.0
4,1037,2,1998,1998-04-15,2.467200016975403,244.13,18.89999961853028,0.0,18.0,38,2743,14,78.69999999999999,False,False,False,487.6,446.0
4,1037,2,1999,1999-03-01,2.2776999950408934,105.15,20.200000762939453,0.0,5.0,28,4339,15,78.69999999999999,False,False,False,487.6,320.0
4,1037,2,2000,2000-03-16,2.247100019454956,90.69,20.700000762939453,0.0,10.0,30,6028,16,78.69999999999999,False,False,False,487.6,381.0
4,1062,2,1990,1990-04-02,1.4465999960899354,482.84,14.100000381469728,60.0,86.0,42,8749,14,147.29999999999998,False,True,True,584.2,0.0
4,1062,3,1992,1992-02-23,1.33089998960495,574.52,14.199999809265137,12.0,85.0,47,11574,16,147.29999999999998,False,True,True,584.2,692.0
4,1062,4,1993,1993-02-10,0.8190000057220459,648.94,13.699999809265137,1.0,84.0,46,13234,17,152.4,False,True,True,589.3,353.0
4,1062,4,1995,1995-04-28,0.8004999995231629,348.79,14.899999618530272,0.0,64.0,42,16500,19,152.4,False,True,True,589.3,807.0
4,1062,4,1997,1997-02-21,0.8805999994277953,476.78,14.699999809265137,19.0,86.0,40,20212,21,152.4,False,True,True,589.3,665.0
4,1062,4,1998,1998-04-14,0.8471999943256379,520.06,13.600000381469728,6.0,95.0,46,22102,22,152.4,False,True,True,589.3,417.0
4,1062,4,1999,1999-03-03,0.9475000023841856,218.8,14.800000190734863,1.0,81.0,36,24076,23,152.4,False,True,True,589.3,323.0
4,1062,5,2000,2000-03-15,0.3305000007152557,268.95,15.300000190734863,1.0,75.0,37,26134,24,132.0,False,True,True,568.9,378.0
4,1062,5,2002,2002-02-19,0.3194000005722046,176.77,15.5,4.0,70.0,32,30504,26,132.0,False,True,True,568.9,706.0
4,1062,5,2004,2004-03-12,0.34719999730587,470.62,14.800000190734863,3.0,70.0,41,35210,28,132.0,False,True,True,568.9,752.0
4,1062,5,2007,2007-01-18,0.4148999989032745,328.52,15.199999809265137,22.0,82.0,37,42902,31,132.0,False,True,True,568.9,1042.0
4,1062,5,2010,2010-01-11,0.6234999895095825,655.3,14.399999618530272,16.0,83.0,44,51353,34,132.0,False,True,True,568.9,1089.0
4,1062,5,2011,2011-11-30,0.9875,285.04,14.399999618530272,27.0,89.0,39,54338,35,132.0,False,True,True,568.9,688.0
4,1062,6,2012,2012-12-06,1.2027999877929687,287.59,15.600000381469728,5.0,76.0,37,57408,36,132.0,False,True,True,568.9,372.0
4,1062,6,2014,2014-06-28,1.7742500126361849,359.11,15.600000381469728,3.0,42.0,38,63800,38,132.0,False,True,True,568.9,569.0
4,1062,7,2015,2015-12-03,0.4072000026702881,408.42,15.199999809265137,13.0,61.0,44,67123,39,147.3,False,True,True,584.2,523.0
4,1062,7,2016,2016-12-13,0.4112999975681305,562.52,15.5,12.0,53.0,42,70530,40,147.3,False,True,True,584.2,376.0
4,1065,4,1992,1992-02-24,1.0755999982357023,574.52,14.199999809265137,12.0,85.0,47,10693,16,157.5,False,True,True,632.5,0.0
4,1065,5,1993,1993-02-10,0.9386000096797944,648.94,13.699999809265137,1.0,84.0,46,12396,17,167.7,False,True,True,642.7,352.0
4,1065,5,1995,1995-04-28,0.9841999948024748,348.79,14.899999618530272,0.0,64.0,42,15327,19,167.7,False,True,True,642.7,807.0
4,1065,5,1997,1997-02-20,1.034400004148483,476.78,14.699999809265137,19.0,86.0,40,18697,21,167.7,False,True,True,642.7,664.0
4,1065,5,1998,1998-04-14,1.13270001411438,520.06,13.600000381469728,6.0,95.0,46,20507,22,167.7,False,True,True,642.7,418.0
4,1065,5,1999,1999-03-01,1.149400007724762,218.8,14.800000190734863,1.0,81.0,36,22401,23,167.7,False,True,True,642.7,321.0
4,1065,6,2000,2000-03-13,0.3387999981641769,268.95,15.300000190734863,1.0,75.0,37,24378,24,155.0,False,True,True,630.0,378.0
4,1065,6,2002,2002-02-14,0.3362999975681305,176.77,15.5,4.0,70.0,32,28584,26,155.0,False,True,True,630.0,703.0
4,1065,6,2004,2004-03-11,0.3320000022649765,470.62,14.800000190734863,3.0,70.0,41,33124,28,155.0,False,True,True,630.0,756.0
4,1065,6,2007,2007-01-17,0.3706000030040741,328.52,15.199999809265137,22.0,82.0,37,40562,31,155.0,False,True,True,630.0,1042.0
4,1065,6,2010,2010-01-07,0.397299998998642,655.3,14.399999618530272,16.0,83.0,44,48752,34,155.0,False,True,True,630.0,1086.0
4,1065,6,2011,2011-11-30,0.4590999990701675,285.04,14.399999618530272,27.0,89.0,39,51649,35,155.0,False,True,True,630.0,692.0
4,1065,6,2012,2012-12-06,0.5084000021219253,287.59,15.600000381469728,5.0,76.0,37,54630,36,155.0,False,True,True,630.0,372.0
4,1065,6,2014,2014-06-28,0.6034000009298324,359.11,15.600000381469728,3.0,42.0,38,60843,38,155.0,False,True,True,630.0,569.0
4,1065,6,2015,2015-12-02,0.770600003004074,408.42,15.199999809265137,13.0,61.0,44,64075,39,155.0,False,True,True,630.0,522.0
4,1065,6,2016,2016-12-13,1.2015000104904174,562.52,15.5,12.0,53.0,42,67390,40,155.0,False,True,True,630.0,377.0
4,6053,2,1990,1990-03-16,1.2193000078201297,662.94,17.100000381469727,5.0,55.0,45,29840,23,203.2,False,False,False,492.8,0.0
4,6053,2,1992,1992-01-14,1.354099977016449,530.38,17.100000381469727,0.0,43.0,48,33065,25,203.2,False,False,False,492.8,669.0
4,6053,2,1993,1993-02-23,1.3924999952316284,355.24,17.299999237060547,0.0,33.0,48,34682,26,203.2,False,False,False,492.8,406.0
4,6053,2,1997,1997-02-03,1.604199969768524,276.36,18.100000381469727,1.0,38.0,40,42924,30,203.2,False,False,False,492.8,1441.0
4,6054,2,1990,1990-03-19,0.751500004529953,380.66,19.100000381469727,1.0,29.0,43,9863,22,231.2,False,False,False,1028.8,0.0
4,6054,3,1992,1992-01-12,0.8026999950408935,441.31,19.200000762939453,0.0,18.0,46,10333,24,231.2,False,False,False,1028.8,664.0
4,6054,3,1993,1993-02-23,0.9303999960422517,288.61,19.299999237060547,0.0,8.0,46,10739,25,231.2,False,False,False,1028.8,408.0
4,6054,3,1994,1994-12-15,0.9870999932289124,413.37,19.700000762939453,0.0,12.0,40,11144,26,231.2,False,False,False,1028.8,660.0
4,6054,3,1997,1997-07-12,1.1333500146865845,198.72,20.100000381469727,0.0,16.0,37,12824,29,231.2,False,False,False,1028.8,940.0
4,6054,3,1998,1998-12-09,1.242699992656708,282.78,18.89999961853028,0.0,17.0,43,13424,30,231.2,False,False,False,1028.8,515.0
4,6054,3,1999,1999-11-14,1.316499984264374,101.63,20.299999237060547,0.0,8.0,32,13968,31,231.2,False,False,False,1028.8,340.0
4,6055,1,1990,1990-03-25,0.6261999964714051,181.77,21.600000381469727,0.0,22.0,37,11180,16,106.6,False,False,False,406.3,0.0
4,6055,1,1992,1992-01-21,0.6745000064373017,291.64,21.700000762939453,0.0,17.0,42,12455,18,106.6,False,False,False,406.3,667.0
4,6055,2,1993,1993-02-18,0.6973999977111817,264.06,21.5,0.0,7.0,42,12853,19,109.1,False,False,False,408.8,394.0
4,6055,2,1995,1995-03-06,0.6888000071048737,174.11,22.5,0.0,2.0,36,14039,21,109.1,False,False,False,408.8,746.0
4,6055,2,1997,1997-07-04,0.7695500046014786,108.74,22.5,0.0,12.0,34,15460,23,109.1,False,False,False,408.8,851.0
4,6055,2,1998,1998-12-09,0.7648000001907349,186.56,21.299999237060547,0.0,9.0,39,16302,24,109.1,False,False,False,408.8,523.0
4,6055,3,1999,1999-11-09,0.458899998664856,74.26,22.5,0.0,4.0,29,17148,25,154.9,False,False,False,454.6,335.0
4,6055,3,2004,2004-02-08,0.6411999940872193,133.25,22.39999961853028,0.0,9.0,34,21160,30,154.9,False,False,False,454.6,1552.0
4,6060,3,1990,1990-03-18,0.7211000025272369,539.75,18.0,2.0,35.0,45,4801,24,210.8,False,False,False,464.8,0.0
4,6060,3,1992,1992-01-12,0.6694999933242798,539.14,18.200000762939453,0.0,23.0,47,5726,26,210.8,False,False,False,464.8,665.0
4,6060,4,1993,1993-02-26,0.7298000037670136,422.74,18.200000762939453,0.0,9.0,48,6022,27,210.8,False,False,False,464.8,411.0
4,6060,4,1997,1997-07-12,0.7780000001192093,297.52,19.0,0.0,18.0,39,8270,31,210.8,False,False,False,464.8,1597.0
4,6060,5,1998,1998-12-10,0.5022000014781952,326.34,17.899999618530273,0.0,21.0,44,9037,32,205.8,False,False,False,459.8,516.0
4,6060,5,1999,1999-11-11,0.5059999942779541,160.78,19.299999237060547,0.0,13.0,33,9823,33,205.8,False,False,False,459.8,336.0
4,6060,5,2004,2004-12-10,0.6908999979496002,232.93,18.600000381469727,0.0,19.0,41,15135,38,205.8,False,False,False,459.8,1856.0
4,6060,5,2006,2006-08-16,0.8689000070095063,326.66,19.200000762939453,0.0,18.0,37,16701,40,205.8,False,False,False,459.8,614.0
4,A310,1,1990,1990-03-28,0.6040000021457672,175.27,18.0,17.0,57.0,34,2234,8,119.4,False,False,False,591.8,0.0
4,A310,2,1992,1992-02-19,0.7255000174045563,304.7,18.200000762939453,1.0,51.0,41,2959,10,149.9,False,False,False,622.3,693.0
4,A310,2,1993,1993-02-05,0.7813000023365021,354.55,17.399999618530273,0.0,39.0,41,3360,11,149.9,False,False,False,622.3,352.0
4,A310,2,1994,1994-01-28,0.7960999965667725,161.12,18.5,0.0,49.0,33,3760,12,149.9,False,False,False,622.3,357.0
4,A310,2,1995,1995-02-28,0.9289999961853028,170.69,18.89999961853028,0.0,27.0,36,4420,13,149.9,False,False,False,622.3,396.0
4,A310,2,1997,1997-01-22,1.1830000042915343,228.2,18.799999237060547,0.0,44.0,35,5933,15,149.9,False,False,False,622.3,694.0
4,A310,2,1998,1998-04-07,1.5857000172138214,225.04,17.5,0.0,27.0,40,6588,16,149.9,False,False,False,622.3,440.0
4,A320,1,1990,1990-03-28,0.5598999977111816,175.27,18.0,17.0,57.0,34,2234,8,104.1,False,False,False,576.5,0.0
4,A320,2,1992,1992-02-19,0.7394000053405761,304.7,18.200000762939453,1.0,51.0,41,2959,10,106.6,False,False,False,579.0,693.0
4,A320,2,1993,1993-02-05,0.7996999859809876,354.55,17.399999618530273,0.0,39.0,41,3360,11,106.6,False,False,False,579.0,352.0
4,A320,2,1994,1994-01-28,0.7435000002384186,161.12,18.5,0.0,49.0,33,3760,12,106.6,False,False,False,579.0,357.0
4,A320,2,1995,1995-02-28,0.7926999986171722,170.69,18.89999961853028,0.0,27.0,36,4420,13,106.6,False,False,False,579.0,396.0
4,A320,2,1997,1997-01-22,0.8510999977588654,228.2,18.799999237060547,0.0,44.0,35,5933,15,106.6,False,False,False,579.0,694.0
4,A320,2,1998,1998-04-07,0.9752000033855438,225.04,17.5,0.0,27.0,40,6588,16,106.6,False,False,False,579.0,440.0
4,A330,1,1990,1990-03-28,0.7903750091791153,175.27,18.0,17.0,57.0,34,2234,8,104.1,False,False,False,576.5,0.0
4,A330,2,1992,1992-02-19,0.9629999995231628,304.7,18.200000762939453,1.0,51.0,41,2959,10,104.1,False,False,False,576.5,693.0
4,A330,2,1993,1993-02-05,1.0153000116348267,354.55,17.399999618530273,0.0,39.0,41,3360,11,104.1,False,False,False,576.5,352.0
4,A330,2,1994,1994-01-28,1.1045000076293947,161.12,18.5,0.0,49.0,33,3760,12,104.1,False,False,False,576.5,357.0
4,A330,2,1995,1995-02-28,1.242900013923645,170.69,18.89999961853028,0.0,27.0,36,4420,13,104.1,False,False,False,576.5,396.0
4,A330,2,1997,1997-01-22,1.573200023174286,228.2,18.799999237060547,0.0,44.0,35,5933,15,104.1,False,False,False,576.5,694.0
4,A350,1,1990,1990-03-28,0.6653999984264374,175.27,18.0,17.0,57.0,34,2234,8,106.7,False,False,False,579.0999999999999,0.0
4,A350,2,1992,1992-02-19,1.0264999866485596,304.7,18.200000762939453,1.0,51.0,41,2959,10,111.8,False,False,False,584.2,693.0
4,A350,2,1994,1994-01-28,1.194125011563301,161.12,18.5,0.0,49.0,33,3760,12,111.8,False,False,False,584.2,709.0
4,A350,2,1997,1997-01-22,2.0970999717712404,228.2,18.799999237060547,0.0,44.0,35,5933,15,111.8,False,False,False,584.2,1090.0
4,A350,2,1998,1998-04-07,1.8460000157356264,225.04,17.5,0.0,27.0,40,6588,16,111.8,False,False,False,584.2,440.0
4,A390,1,1990,1990-03-28,0.6624000012874602,175.27,18.0,17.0,57.0,34,2234,8,111.7,False,False,False,584.0999999999999,0.0
4,A390,2,1992,1992-02-19,1.148699986934662,304.7,18.200000762939453,1.0,51.0,41,2959,10,149.8,False,False,False,622.2,693.0
4,B310,1,1990,1990-03-31,1.398199987411499,329.27,16.399999618530273,21.0,67.0,38,7860,13,121.9,False,False,False,335.3,0.0
4,B310,2,1992,1992-02-23,1.513700008392334,448.32,16.700000762939453,0.0,49.0,43,10685,15,157.5,False,False,False,370.9,694.0
4,B310,2,1993,1993-02-09,2.59539999961853,580.86,16.100000381469727,0.0,39.0,42,12285,16,157.5,False,False,False,370.9,352.0
4,B310,2,1995,1995-03-21,4.987199974060059,326.79,17.399999618530273,0.0,30.0,38,15545,18,157.5,False,False,False,370.9,770.0
4,B320,1,1990,1990-03-31,1.2442000031471254,329.27,16.399999618530273,21.0,67.0,38,7860,13,152.39999999999998,False,False,False,365.8,0.0
4,B320,2,1992,1992-02-23,1.257200014591217,448.32,16.700000762939453,0.0,49.0,43,10685,15,157.49999999999997,False,False,False,370.9,694.0
4,B320,2,1993,1993-02-09,1.4057999968528747,580.86,16.100000381469727,0.0,39.0,42,12285,16,157.49999999999997,False,False,False,370.9,352.0
4,B320,3,1995,1995-03-21,2.2119999726613364,326.79,17.399999618530273,0.0,30.0,38,15545,18,157.49999999999997,False,False,False,370.9,770.0
4,B330,1,1990,1990-03-31,1.382200014591217,329.27,16.399999618530273,21.0,67.0,38,7860,13,134.6,False,False,False,348.0,0.0
4,B330,2,1992,1992-02-23,1.455900001525879,448.32,16.700000762939453,0.0,49.0,43,10685,15,134.60000000000002,False,False,False,348.0,694.0
4,B330,2,1993,1993-02-09,1.5014999985694883,580.86,16.100000381469727,0.0,39.0,42,12285,16,134.60000000000002,False,False,False,348.0,352.0
4,B330,2,1995,1995-03-21,1.6165000200271606,326.79,17.399999618530273,0.0,30.0,38,15545,18,134.60000000000002,False,False,False,348.0,770.0
4,B350,1,1990,1990-03-31,1.087600010633469,329.27,16.399999618530273,21.0,67.0,38,7860,13,154.89999999999998,False,False,False,368.3,0.0
4,B350,2,1992,1992-02-23,1.0965000092983246,448.32,16.700000762939453,0.0,49.0,43,10685,15,162.49999999999997,False,False,False,375.9,694.0
4,B350,2,1993,1993-02-09,1.7152999877929689,580.86,16.100000381469727,0.0,39.0,42,12285,16,162.49999999999997,False,False,False,375.9,352.0
4,B350,3,1995,1995-03-21,2.005299985408783,326.79,17.399999618530273,0.0,30.0,38,15545,18,162.49999999999997,False,False,False,375.9,770.0
4,C310,1,1990,1990-03-19,1.0089000046253205,380.66,19.100000381469727,1.0,29.0,43,4378,15,218.4,False,False,False,502.9,0.0
4,C310,2,1992,1992-01-14,0.9892999947071076,441.31,19.200000762939453,0.0,18.0,46,5353,17,259.0,False,False,False,543.5,666.0
4,C310,3,1993,1993-02-25,1.0595000088214874,288.61,19.299999237060547,0.0,8.0,46,5514,18,259.0,False,False,False,543.5,408.0
4,C310,3,1994,1994-11-17,1.0700999915599825,413.37,19.700000762939453,0.0,12.0,40,5831,19,259.0,False,False,False,543.5,630.0
4,C310,3,1997,1997-02-05,1.0882000029087069,198.72,20.100000381469727,0.0,16.0,37,7073,22,259.0,False,False,False,543.5,811.0
4,C320,1,1990,1990-03-19,1.35,380.66,19.100000381469727,1.0,29.0,43,4378,15,203.2,False,False,False,487.7,0.0
4,C320,2,1992,1992-02-24,1.860583355029424,441.31,19.200000762939453,0.0,18.0,46,5353,17,205.7,False,False,False,490.2,707.0
4,C320,3,1993,1993-02-25,2.3186000227928165,288.61,19.299999237060547,0.0,8.0,46,5514,18,205.7,False,False,False,490.2,367.0
4,C330,1,1990,1990-03-19,1.1968999981880186,380.66,19.100000381469727,1.0,29.0,43,4378,15,226.1,False,False,False,510.6,0.0
4,C330,2,1992,1992-01-14,1.4736000061035155,441.31,19.200000762939453,0.0,18.0,46,5353,17,226.1,False,False,False,510.6,666.0
4,C330,3,1993,1993-02-25,1.5295000076293943,288.61,19.299999237060547,0.0,8.0,46,5514,18,226.1,False,False,False,510.6,408.0
4,C330,3,1994,1994-11-17,1.5813000202178955,413.37,19.700000762939453,0.0,12.0,40,5831,19,226.1,False,False,False,510.6,630.0
4,C330,3,1997,1997-02-05,1.5115000009536743,198.72,20.100000381469727,0.0,16.0,37,7073,22,226.1,False,False,False,510.6,811.0
4,C340,1,1990,1990-03-19,0.993500006198883,380.66,19.100000381469727,1.0,29.0,43,4378,15,190.5,False,False,False,475.0,0.0
4,C340,1,1992,1992-01-14,1.0912000060081484,441.31,19.200000762939453,0.0,18.0,46,5353,17,190.5,False,False,False,475.0,666.0
4,C340,1,1993,1993-02-25,1.0991999864578248,288.61,19.299999237060547,0.0,8.0,46,5514,18,190.5,False,False,False,475.0,408.0
4,C340,1,1997,1997-02-05,1.0671000123023986,198.72,20.100000381469727,0.0,16.0,37,7073,22,190.5,False,False,False,475.0,1441.0
4,C350,1,1990,1990-03-19,1.1790000081062315,380.66,19.100000381469727,1.0,29.0,43,4378,15,215.9,False,False,False,500.4,0.0
4,C350,2,1992,1992-01-14,1.960700023174286,441.31,19.200000762939453,0.0,18.0,46,5353,17,223.5,False,False,False,508.0,666.0
4,C350,2,1993,1993-02-25,2.336100018024444,288.61,19.299999237060547,0.0,8.0,46,5514,18,223.5,False,False,False,508.0,408.0
4,C350,2,1994,1994-11-17,2.9165000200271605,413.37,19.700000762939453,0.0,12.0,40,5831,19,223.5,False,False,False,508.0,630.0
4,D310,1,1990,1990-03-18,1.204399985074997,539.75,18.0,2.0,35.0,45,2491,12,264.2,False,False,False,434.4,0.0
4,D310,2,1992,1992-01-13,0.8951000094413757,539.14,18.200000762939453,0.0,23.0,47,3466,14,307.4,False,False,False,477.6,666.0
4,D310,2,1993,1993-02-26,0.949899995326996,422.74,18.200000762939453,0.0,9.0,48,3772,15,307.4,False,False,False,477.6,410.0
4,D310,2,1997,1997-02-04,1.3507000088691712,297.52,19.0,0.0,18.0,39,5833,19,307.4,False,False,False,477.6,1439.0
4,D320,1,1990,1990-03-18,1.712399995326996,539.75,18.0,2.0,35.0,45,2491,12,256.5,False,False,False,426.7,0.0
4,D320,3,1992,1992-01-13,2.4624000072479246,539.14,18.200000762939453,0.0,23.0,47,3466,14,259.0,False,False,False,429.2,666.0
4,D320,3,1993,1993-02-26,3.543399953842163,422.74,18.200000762939453,0.0,9.0,48,3772,15,259.0,False,False,False,429.2,410.0
4,D330,1,1990,1990-03-18,1.685099995136261,539.75,18.0,2.0,35.0,45,2491,12,256.6,False,False,False,426.8,0.0
4,D330,2,1992,1992-01-13,1.8807000041008,539.14,18.200000762939453,0.0,23.0,47,3466,14,256.6,False,False,False,426.8,666.0
4,D330,2,1993,1993-02-26,1.918799984455109,422.74,18.200000762939453,0.0,9.0,48,3772,15,256.6,False,False,False,426.8,410.0
4,D330,3,1997,1997-02-04,2.323900032043457,297.52,19.0,0.0,18.0,39,5833,19,256.6,False,False,False,426.8,1439.0
4,D350,1,1990,1990-03-18,0.790800005197525,539.75,18.0,2.0,35.0,45,2491,12,249.0,False,False,False,419.2,0.0
4,D350,2,1992,1992-01-13,1.418500006198883,539.14,18.200000762939453,0.0,23.0,47,3466,14,254.1,False,False,False,424.3,666.0
4,D350,2,1993,1993-02-26,2.084500026702881,422.74,18.200000762939453,0.0,9.0,48,3772,15,254.1,False,False,False,424.3,410.0
5,0113,1,1995,1995-07-07,0.7797000050544738,1179.53,16.0,40.0,71.0,71,1328,3,101.6,False,False,False,307.29999999999995,0.0
5,0113,1,1997,1997-07-01,0.7954000055789947,1437.79,15.100000381469728,78.0,53.0,77,2861,5,101.6,False,False,False,307.29999999999995,725.0
5,0113,1,2001,2001-01-22,0.9410000145435332,1214.88,16.600000381469727,35.0,64.0,70,6593,9,101.6,False,False,False,307.29999999999995,1301.0
5,0113,1,2002,2002-04-01,1.1717000007629397,1349.06,15.699999809265137,45.0,75.0,77,7404,10,101.6,False,False,False,307.29999999999995,434.0
5,0113,1,2003,2003-04-23,1.1277999818325042,1284.28,15.600000381469728,48.0,80.0,75,8395,11,101.6,False,False,False,307.29999999999995,387.0
5,0113,1,2004,2004-03-19,1.084799998998642,1640.97,16.299999237060547,61.0,59.0,75,9416,12,101.6,False,False,False,307.29999999999995,331.0
5,0113,2,2005,2005-04-06,1.1931999981403352,915.76,16.899999618530273,22.0,59.0,70,10468,13,101.6,False,False,False,307.3,383.0
5,0113,3,2007,2007-05-22,1.187200003862381,1170.99,17.0,33.0,65.0,72,12667,15,101.6,False,False,False,307.3,776.0
5,0113,3,2008,2008-09-21,1.0254000067710876,1271.01,15.5,38.0,85.0,74,13810,16,101.6,False,False,False,307.3,488.0
5,0114,1,1995,1995-07-07,0.7407999992370605,1179.53,16.0,40.0,71.0,71,1328,3,175.29999999999998,False,False,False,454.7,0.0
5,0114,1,1997,1997-07-01,0.8211999952793121,1437.79,15.100000381469728,78.0,53.0,77,2861,5,175.29999999999998,False,False,False,454.7,725.0
5,0114,1,2001,2001-01-22,0.8905000030994414,1214.88,16.600000381469727,35.0,64.0,70,6593,9,175.29999999999998,False,False,False,454.7,1301.0
5,0114,1,2002,2002-04-01,0.9540999948978424,1349.06,15.699999809265137,45.0,75.0,77,7404,10,175.29999999999998,False,False,False,454.7,434.0
5,0114,1,2003,2003-04-23,0.9729000091552736,1284.28,15.600000381469728,48.0,80.0,75,8395,11,175.29999999999998,False,False,False,454.7,387.0
5,0114,1,2004,2004-03-19,0.9372999966144562,1640.97,16.299999237060547,61.0,59.0,75,9416,12,175.29999999999998,False,False,False,454.7,331.0
5,0114,2,2005,2005-04-06,1.0733000338077543,915.76,16.899999618530273,22.0,59.0,70,10468,13,175.29999999999998,False,False,False,454.7,383.0
5,0114,2,2007,2007-05-22,1.310699999332428,1170.99,17.0,33.0,65.0,72,12667,15,175.29999999999998,False,False,False,454.7,776.0
5,0114,2,2008,2008-09-21,1.0384999930858612,1271.01,15.5,38.0,85.0,74,13810,16,175.29999999999998,False,False,False,454.7,488.0
5,0115,1,1995,1995-07-07,0.7861000061035156,1179.53,16.0,40.0,71.0,71,1328,3,177.8,False,True,False,365.8,0.0
5,0115,1,1997,1997-07-01,0.8302999913692475,1437.79,15.100000381469728,78.0,53.0,77,2861,5,177.8,False,True,False,365.8,725.0
5,0115,1,2001,2001-01-22,0.9424999952316284,1214.88,16.600000381469727,35.0,64.0,70,6593,9,177.8,False,True,False,365.8,1301.0
5,0115,1,2002,2002-04-01,0.92150000333786,1349.06,15.699999809265137,45.0,75.0,77,7404,10,177.8,False,True,False,365.8,434.0
5,0115,1,2003,2003-04-23,1.0547000169754028,1284.28,15.600000381469728,48.0,80.0,75,8395,11,177.8,False,True,False,365.8,387.0
5,0115,1,2004,2004-03-19,0.9885999977588652,1640.97,16.299999237060547,61.0,59.0,75,9416,12,177.8,False,True,False,365.8,331.0
5,0115,2,2005,2005-04-06,1.0849000215530396,915.76,16.899999618530273,22.0,59.0,70,10468,13,177.8,False,True,False,365.8,383.0
5,0115,3,2007,2007-05-22,1.0379000067710875,1170.99,17.0,33.0,65.0,72,12667,15,177.8,False,True,False,365.8,776.0
5,0115,3,2008,2008-09-21,1.0297999918460845,1271.01,15.5,38.0,85.0,74,13810,16,177.8,False,True,False,365.8,488.0
5,0116,1,1995,1995-07-07,0.9687000036239624,1179.53,16.0,40.0,71.0,71,1328,3,104.1,False,True,False,403.8,0.0
5,0116,1,1997,1997-07-01,0.9141000032424926,1437.79,15.100000381469728,78.0,53.0,77,2861,5,104.1,False,True,False,403.8,725.0
5,0116,1,2001,2001-01-22,0.9925000131130218,1214.88,16.600000381469727,35.0,64.0,70,6593,9,104.1,False,True,False,403.8,1301.0
5,0116,1,2002,2002-04-01,1.0669999957084657,1349.06,15.699999809265137,45.0,75.0,77,7404,10,104.1,False,True,False,403.8,434.0
5,0116,1,2003,2003-04-23,1.0153000056743622,1284.28,15.600000381469728,48.0,80.0,75,8395,11,104.1,False,True,False,403.8,387.0
5,0116,1,2004,2004-03-19,1.035800004005432,1640.97,16.299999237060547,61.0,59.0,75,9416,12,104.1,False,True,False,403.8,331.0
5,0116,3,2005,2005-04-06,1.0435999929904938,915.76,16.899999618530273,22.0,59.0,70,10468,13,104.1,False,True,False,403.8,383.0
5,0116,4,2007,2007-05-22,1.1215999960899352,1170.99,17.0,33.0,65.0,72,12667,15,104.1,False,True,False,403.8,776.0
5,0116,4,2008,2008-09-21,0.972700011730194,1271.01,15.5,38.0,85.0,74,13810,16,104.1,False,True,False,403.8,488.0
5,0117,1,1995,1995-07-07,0.8246999979019165,1179.53,16.0,40.0,71.0,71,1328,3,175.3,False,True,False,378.5,0.0
5,0117,1,1997,1997-07-01,0.8270999968051911,1437.79,15.100000381469728,78.0,53.0,77,2861,5,175.3,False,True,False,378.5,725.0
5,0117,1,2001,2001-01-22,0.950600004196167,1214.88,16.600000381469727,35.0,64.0,70,6593,9,175.3,False,True,False,378.5,1301.0
5,0117,1,2002,2002-04-01,1.1944999933242797,1349.06,15.699999809265137,45.0,75.0,77,7404,10,175.3,False,True,False,378.5,434.0
5,0117,1,2003,2003-04-23,1.038899999856949,1284.28,15.600000381469728,48.0,80.0,75,8395,11,175.3,False,True,False,378.5,387.0
5,0117,1,2004,2004-03-19,1.0523000061511991,1640.97,16.299999237060547,61.0,59.0,75,9416,12,175.3,False,True,False,378.5,331.0
5,0117,2,2005,2005-04-06,1.1019000232219696,915.76,16.899999618530273,22.0,59.0,70,10468,13,175.3,False,True,False,378.5,383.0
5,0117,2,2007,2007-05-22,1.1140000045299532,1170.99,17.0,33.0,65.0,72,12667,15,175.3,False,True,False,378.5,776.0
5,0117,2,2008,2008-09-21,1.152099984884262,1271.01,15.5,38.0,85.0,74,13810,16,175.3,False,True,False,378.5,488.0
5,0118,1,1995,1995-07-07,0.7528000056743622,1179.53,16.0,40.0,71.0,71,1328,3,104.2,False,True,False,393.8,0.0
5,0118,1,1997,1997-07-01,0.7555000066757203,1437.79,15.100000381469728,78.0,53.0,77,2861,5,104.2,False,True,False,393.8,725.0
5,0118,2,2001,2001-01-22,0.8643000066280364,1214.88,16.600000381469727,35.0,64.0,70,6593,9,104.2,False,True,False,393.8,1301.0
5,0118,2,2002,2002-04-01,0.9253000020980836,1349.06,15.699999809265137,45.0,75.0,77,7404,10,104.2,False,True,False,393.8,434.0
5,0118,2,2003,2003-04-23,0.915200001001358,1284.28,15.600000381469728,48.0,80.0,75,8395,11,104.2,False,True,False,393.8,387.0
5,0118,2,2004,2004-03-19,0.988999992609024,1640.97,16.299999237060547,61.0,59.0,75,9416,12,104.2,False,True,False,393.8,331.0
5,0118,3,2005,2005-04-06,0.944299989938736,915.76,16.899999618530273,22.0,59.0,70,10468,13,104.2,False,True,False,393.8,383.0
5,0118,3,2007,2007-05-22,1.0319000005722048,1170.99,17.0,33.0,65.0,72,12667,15,104.2,False,True,False,393.8,776.0
5,0118,3,2008,2008-09-21,1.01949999332428,1271.01,15.5,38.0,85.0,74,13810,16,104.2,False,True,False,393.8,488.0
5,0119,1,1995,1995-07-06,0.7484999895095825,1179.53,16.0,40.0,71.0,71,1328,3,172.79999999999998,False,True,False,363.3,0.0
5,0119,1,1997,1997-07-01,0.7893000066280365,1437.79,15.100000381469728,78.0,53.0,77,2861,5,172.79999999999998,False,True,False,363.3,726.0
5,0119,2,2001,2001-01-22,1.5616999983787536,1214.88,16.600000381469727,35.0,64.0,70,6593,9,172.79999999999998,False,True,False,363.3,1301.0
5,0119,2,2002,2002-04-01,1.5378999948501586,1349.06,15.699999809265137,45.0,75.0,77,7404,10,172.79999999999998,False,True,False,363.3,434.0
5,0119,2,2003,2003-04-23,1.745899999141693,1284.28,15.600000381469728,48.0,80.0,75,8395,11,172.79999999999998,False,True,False,363.3,387.0
5,0119,2,2004,2004-03-19,1.9842999815940856,1640.97,16.299999237060547,61.0,59.0,75,9416,12,172.79999999999998,False,True,False,363.3,331.0
5,0120,1,1995,1995-07-06,0.8412999927997589,1179.53,16.0,40.0,71.0,71,1328,3,109.3,False,True,False,396.3,0.0
5,0120,1,1997,1997-07-01,0.8727000117301941,1437.79,15.100000381469728,78.0,53.0,77,2861,5,109.3,False,True,False,396.3,726.0
5,0120,2,2001,2001-01-22,1.498199999332428,1214.88,16.600000381469727,35.0,64.0,70,6593,9,109.3,False,True,False,396.3,1301.0
5,0120,2,2002,2002-04-01,1.4043999910354614,1349.06,15.699999809265137,45.0,75.0,77,7404,10,109.3,False,True,False,396.3,434.0
5,0120,2,2003,2003-04-23,1.662999975681305,1284.28,15.600000381469728,48.0,80.0,75,8395,11,109.3,False,True,False,396.3,387.0
5,0120,2,2004,2004-03-19,1.9246000051498413,1640.97,16.299999237060547,61.0,59.0,75,9416,12,109.3,False,True,False,396.3,331.0
5,0121,1,1995,1995-07-06,0.7981999933719635,1179.53,16.0,40.0,71.0,71,1328,3,111.8,False,True,False,497.8,0.0
5,0121,1,2001,2001-01-22,0.9268999934196472,1214.88,16.600000381469727,35.0,64.0,70,6593,9,111.8,False,True,False,497.8,2027.0
5,0121,1,2002,2002-04-01,0.9437999963760376,1349.06,15.699999809265137,45.0,75.0,77,7404,10,111.8,False,True,False,497.8,434.0
5,0121,1,2003,2003-04-23,1.1029999971389772,1284.28,15.600000381469728,48.0,80.0,75,8395,11,111.8,False,True,False,497.8,387.0
5,0121,1,2004,2004-03-19,1.134600007534027,1640.97,16.299999237060547,61.0,59.0,75,9416,12,111.8,False,True,False,497.8,331.0
5,0122,1,1995,1995-07-06,0.7149999976158141,1179.53,16.0,40.0,71.0,71,1328,3,111.7,True,True,False,307.2,0.0
5,0122,1,1997,1997-07-01,0.7397999942302704,1437.79,15.100000381469728,78.0,53.0,77,2861,5,111.7,True,True,False,307.2,726.0
5,0122,1,2001,2001-01-22,0.9455000042915344,1214.88,16.600000381469727,35.0,64.0,70,6593,9,111.7,True,True,False,307.2,1301.0
5,0122,1,2002,2002-04-01,0.9286999940872191,1349.06,15.699999809265137,45.0,75.0,77,7404,10,111.7,True,True,False,307.2,434.0
5,0122,1,2003,2003-04-23,0.9909000039100648,1284.28,15.600000381469728,48.0,80.0,75,8395,11,111.7,True,True,False,307.2,387.0
5,0122,1,2004,2004-03-19,0.9572999835014344,1640.97,16.299999237060547,61.0,59.0,75,9416,12,111.7,True,True,False,307.2,331.0
5,0122,2,2005,2005-04-06,1.0258000016212463,915.76,16.899999618530273,22.0,59.0,70,10468,13,111.7,True,True,False,307.2,383.0
5,0122,2,2007,2007-05-22,1.1457000076770782,1170.99,17.0,33.0,65.0,72,12667,15,111.7,True,True,False,307.2,776.0
5,0122,2,2008,2008-09-21,1.1018000066280365,1271.01,15.5,38.0,85.0,74,13810,16,111.7,True,True,False,307.2,488.0
5,0123,1,1995,1995-07-06,0.75450000166893,1179.53,16.0,40.0,71.0,71,1328,3,182.9,True,True,False,482.6,0.0
5,0123,1,1997,1997-07-01,0.7429000079631805,1437.79,15.100000381469728,78.0,53.0,77,2861,5,182.9,True,True,False,482.6,726.0
5,0123,1,2001,2001-01-22,0.9116999983787536,1214.88,16.600000381469727,35.0,64.0,70,6593,9,182.9,True,True,False,482.6,1301.0
5,0123,1,2002,2002-04-01,0.945199990272522,1349.06,15.699999809265137,45.0,75.0,77,7404,10,182.9,True,True,False,482.6,434.0
5,0123,1,2003,2003-04-23,0.9869000017642976,1284.28,15.600000381469728,48.0,80.0,75,8395,11,182.9,True,True,False,482.6,387.0
5,0123,1,2004,2004-03-19,0.9566000044345856,1640.97,16.299999237060547,61.0,59.0,75,9416,12,182.9,True,True,False,482.6,331.0
5,0123,2,2005,2005-04-06,1.0184000074863433,915.76,16.899999618530273,22.0,59.0,70,10468,13,182.9,True,True,False,482.6,383.0
5,0123,2,2007,2007-05-22,1.0581000089645385,1170.99,17.0,33.0,65.0,72,12667,15,182.9,True,True,False,482.6,776.0
5,0123,2,2008,2008-09-21,0.9368000030517578,1271.01,15.5,38.0,85.0,74,13810,16,182.9,True,True,False,482.6,488.0
5,0124,1,1995,1995-07-07,0.7888999938964844,1179.53,16.0,40.0,71.0,71,1328,3,175.2,True,True,False,553.6,0.0
5,0124,1,1997,1997-07-01,0.7964999973773956,1437.79,15.100000381469728,78.0,53.0,77,2861,5,175.2,True,True,False,553.6,725.0
5,0124,2,2001,2001-01-22,1.1469000101089477,1214.88,16.600000381469727,35.0,64.0,70,6593,9,175.2,True,True,False,553.6,1301.0
5,0124,2,2002,2002-04-01,0.954799997806549,1349.06,15.699999809265137,45.0,75.0,77,7404,10,175.2,True,True,False,553.6,434.0
5,0124,2,2003,2003-04-23,1.116699993610382,1284.28,15.600000381469728,48.0,80.0,75,8395,11,175.2,True,True,False,553.6,387.0
5,0124,2,2004,2004-03-19,1.0899000108242034,1640.97,16.299999237060547,61.0,59.0,75,9416,12,175.2,True,True,False,553.6,331.0
5,0124,3,2005,2005-04-06,1.167600017786026,915.76,16.899999618530273,22.0,59.0,70,10468,13,175.2,True,True,False,553.6,383.0
5,0124,3,2007,2007-05-22,1.170000010728836,1170.99,17.0,33.0,65.0,72,12667,15,175.2,True,True,False,553.6,776.0
5,0124,3,2008,2008-09-21,0.993200010061264,1271.01,15.5,38.0,85.0,74,13810,16,175.2,True,True,False,553.6,488.0
5,2042,1,1990,1990-11-15,2.868099999427796,1423.62,18.89999961853028,10.0,21.0,75,3384,19,132.1,False,True,False,299.7,0.0
5,2042,1,1991,1991-12-11,2.977199959754944,1734.9,18.200000762939453,2.0,34.0,79,3544,20,132.1,False,True,False,299.7,391.0
5,2042,2,1993,1993-09-08,3.4977999448776247,1532.16,17.799999237060547,0.0,36.0,75,3841,22,132.1,False,True,False,299.7,637.0
5,2042,3,1994,1994-09-21,1.0634999930858613,1488.45,18.100000381469727,16.0,39.0,77,4139,23,172.79999999999998,False,True,False,340.4,378.0
5,2042,3,1998,1998-03-24,1.1567000031471253,1757.79,19.89999961853028,15.0,22.0,72,4919,27,172.79999999999998,False,True,False,340.4,1280.0
5,2042,3,2000,2000-11-17,1.149800020456314,1382.32,18.799999237060547,25.0,50.0,68,5440,29,172.79999999999998,False,True,False,340.4,969.0
5,2042,3,2003,2003-04-08,1.1724000096321106,1218.58,18.39999961853028,6.0,43.0,74,6339,32,172.79999999999998,False,True,False,340.4,872.0
5,2042,3,2005,2005-02-14,1.2794999957084654,928.2,19.39999961853028,3.0,29.0,68,6926,34,172.79999999999998,False,True,False,340.4,678.0
5,3048,1,1990,1990-11-16,1.640299987792969,1600.21,17.5,20.0,39.0,75,625,10,132.2,False,True,False,320.2,0.0
5,3048,1,1991,1991-12-10,1.6615999937057495,1552.77,17.0,12.0,60.0,78,706,11,132.2,False,True,False,320.2,389.0
5,3048,1,1993,1993-09-09,1.6889999985694883,1418.77,16.600000381469727,10.0,65.0,73,875,13,132.2,False,True,False,320.2,639.0
5,3048,1,1994,1994-09-22,1.67389999628067,1500.99,16.700000762939453,38.0,46.0,77,967,14,132.2,False,True,False,320.2,378.0
5,3048,1,1998,1998-03-23,2.0305999994277952,1287.93,18.799999237060547,17.0,36.0,70,1316,18,132.2,False,True,False,320.2,1278.0
5,3048,1,2001,2001-02-08,2.8680999755859373,1592.21,17.200000762939453,28.0,50.0,72,1807,21,132.2,False,True,False,320.2,1053.0
5,3048,1,2003,2003-04-16,3.5431999683380124,1195.31,16.799999237060547,26.0,66.0,74,2104,23,132.2,False,True,False,320.2,797.0
5,3048,1,2004,2004-11-04,3.757800030708313,1757.38,17.0,34.0,54.0,76,2228,24,132.2,False,True,False,320.2,568.0
5,3058,1,1990,1990-11-30,0.7898000001907348,1611.35,16.0,54.0,55.0,75,330,2,152.4,False,True,False,337.8,0.0
5,3058,1,1991,1991-08-12,0.8367999970912934,1357.92,15.399999618530272,41.0,75.0,79,595,3,152.4,False,True,False,337.8,255.0
5,3058,1,1993,1993-09-14,0.8320999979972838,1402.77,14.600000381469728,52.0,83.0,76,1248,5,152.4,False,True,False,337.8,764.0
5,3058,1,1995,1995-07-26,0.9719999969005584,1174.01,15.300000190734863,51.0,79.0,73,2344,7,152.4,False,True,False,337.8,680.0
5,3058,2,1997,1997-10-03,0.7373000025749207,1411.0,14.5,86.0,64.0,77,3861,9,170.2,False,True,False,355.6,800.0
5,3058,2,2001,2001-01-20,0.8195999979972839,1177.47,16.100000381469727,42.0,72.0,70,7570,13,170.2,False,True,False,355.6,1205.0
5,3058,2,2003,2003-04-23,1.0232999980449675,1204.84,14.899999618530272,59.0,82.0,76,9747,15,170.2,False,True,False,355.6,823.0
5,3058,2,2005,2005-04-06,1.1467000007629395,898.63,16.200000762939453,28.0,66.0,71,11939,17,170.2,False,True,False,355.6,714.0
5,3071,1,1990,1990-08-30,0.5898000001907349,1404.44,14.600000381469728,72.0,78.0,74,3289,4,149.9,False,True,False,416.6,0.0
5,3071,1,1991,1991-01-22,0.5939999997615815,1268.81,14.699999809265137,107.0,87.0,74,4301,5,149.9,False,True,False,416.6,145.0
5,3071,1,1993,1993-03-11,0.645799994468689,1340.51,12.699999809265137,117.0,95.0,81,6385,7,149.9,False,True,False,416.6,779.0
5,3071,1,1994,1994-09-28,0.7056999981403351,1214.16,14.100000381469728,123.0,73.0,76,7557,8,149.9,False,True,False,416.6,566.0
5,3071,2,1997,1997-02-10,0.7966999948024749,1026.84,13.5,132.0,73.0,76,11562,11,160.1,False,True,False,426.8,866.0
5,3071,2,1999,1999-07-28,0.8171999990940094,1281.19,15.100000381469728,65.0,65.0,72,14446,13,160.1,False,True,False,426.8,898.0
5,3071,2,2001,2001-05-11,0.8415000081062317,1083.94,15.0,85.0,80.0,72,17217,15,160.1,False,True,False,426.8,653.0
5,3071,2,2003,2003-03-30,0.9865000009536744,983.9,14.399999618530272,91.0,86.0,72,20157,17,160.1,False,True,False,426.8,688.0
5,3071,2,2004,2004-03-11,0.9868999898433686,1223.75,14.399999618530272,110.0,63.0,76,21694,18,160.1,False,True,False,426.8,347.0
5,A310,1,1990,1990-08-31,0.4668999969959259,1404.44,14.600000381469728,72.0,78.0,74,3289,4,154.9,False,True,False,431.8,0.0
5,A310,2,1993,1993-03-11,1.01910001039505,1340.51,12.699999809265137,117.0,95.0,81,6385,7,177.8,False,True,False,454.69999999999993,923.0
5,A310,2,1994,1994-09-28,1.0526000022888184,1214.16,14.100000381469728,123.0,73.0,76,7557,8,177.8,False,True,False,454.69999999999993,566.0
5,A310,2,1997,1997-02-10,0.9322999894618988,1026.84,13.5,132.0,73.0,76,11562,11,177.8,False,True,False,454.69999999999993,866.0
5,A310,2,1999,1999-07-28,1.023499995470047,1281.19,15.100000381469728,65.0,65.0,72,14446,13,177.8,False,True,False,454.69999999999993,898.0
5,A310,2,2003,2003-06-14,0.9971000075340272,983.9,14.399999618530272,91.0,86.0,72,20157,17,177.8,False,True,False,454.69999999999993,1417.0
5,A310,2,2004,2004-03-11,0.9690999925136566,1223.75,14.399999618530272,110.0,63.0,76,21694,18,177.8,False,True,False,454.69999999999993,271.0
5,A320,1,1990,1990-08-31,0.6879999995231628,1404.44,14.600000381469728,72.0,78.0,74,3289,4,142.3,False,True,False,409.0,0.0
5,A320,2,1991,1991-01-22,0.8822999954223634,1268.81,14.699999809265137,107.0,87.0,74,4301,5,147.4,False,True,False,414.1,144.0
5,A320,2,1993,1993-03-11,0.9173000037670136,1340.51,12.699999809265137,117.0,95.0,81,6385,7,147.4,False,True,False,414.1,779.0
5,A320,2,1997,1997-02-10,0.8806999862194062,1026.84,13.5,132.0,73.0,76,11562,11,147.4,False,True,False,414.1,1432.0
5,A320,2,1999,1999-07-28,0.9287000060081482,1281.19,15.100000381469728,65.0,65.0,72,14446,13,147.4,False,True,False,414.1,898.0
5,A320,2,2003,2003-06-14,1.1555999994277952,983.9,14.399999618530272,91.0,86.0,72,20157,17,147.4,False,True,False,414.1,1417.0
5,A320,2,2004,2004-03-11,1.21839998960495,1223.75,14.399999618530272,110.0,63.0,76,21694,18,147.4,False,True,False,414.1,271.0
5,A350,1,1990,1990-08-31,0.6157999992370605,1404.44,14.600000381469728,72.0,78.0,74,3289,4,142.3,False,True,False,409.0,0.0
5,A350,2,1991,1991-01-23,0.753600001335144,1268.81,14.699999809265137,107.0,87.0,74,4301,5,147.4,False,True,False,414.1,145.0
5,A350,2,1993,1993-03-11,0.7369000077247619,1340.51,12.699999809265137,117.0,95.0,81,6385,7,147.4,False,True,False,414.1,778.0
5,A350,2,1994,1994-09-28,0.7509999930858613,1214.16,14.100000381469728,123.0,73.0,76,7557,8,147.4,False,True,False,414.1,566.0
5,A350,2,1997,1997-02-10,0.6567000091075896,1026.84,13.5,132.0,73.0,76,11562,11,147.4,False,True,False,414.1,866.0
5,A350,2,1999,1999-07-28,0.7174000024795533,1281.19,15.100000381469728,65.0,65.0,72,14446,13,147.4,False,True,False,414.1,898.0
5,A350,2,2003,2003-06-14,0.8039000034332275,983.9,14.399999618530272,91.0,86.0,72,20157,17,147.4,False,True,False,414.1,1417.0
5,A350,2,2004,2004-03-11,0.7796000003814698,1223.75,14.399999618530272,110.0,63.0,76,21694,18,147.4,False,True,False,414.1,271.0
6,0501,1,1990,1990-01-25,3.7207999944686887,57.73,17.299999237060547,16.0,55.0,35,21994,25,121.9,False,True,False,670.5,0.0
6,0501,1,1991,1991-02-16,3.643300008773804,113.5,16.899999618530273,0.0,35.0,39,24464,26,121.9,False,True,False,670.5,387.0
6,0501,1,1992,1992-02-11,3.889400005340576,208.73,17.299999237060547,0.0,42.0,44,26417,27,121.9,False,True,False,670.5,360.0
6,0501,2,1993,1993-02-02,1.123099970817566,202.83,16.600000381469727,0.0,37.0,44,28293,28,180.3,False,True,False,728.9000000000001,357.0
6,0501,2,1995,1995-04-04,1.2376999974250795,190.45,17.899999618530273,0.0,15.0,42,32215,30,180.3,False,True,False,728.9000000000001,791.0
6,0501,2,1997,1997-02-27,1.3511249870061874,179.38,18.100000381469727,0.0,24.0,39,36196,32,180.3,False,True,False,728.9000000000001,695.0
6,0501,2,1998,1998-02-11,1.4373999953269958,165.63,16.5,0.0,18.0,46,38479,33,180.3,False,True,False,728.9000000000001,349.0
6,0501,2,1999,1999-03-05,1.7331000208854674,89.76,17.700000762939453,0.0,27.0,35,40890,34,180.3,False,True,False,728.9000000000001,387.0
6,0501,3,2000,2000-03-10,1.915400004386902,87.16,18.299999237060547,0.0,21.0,38,43434,35,180.3,False,True,False,728.9,371.0
6,0501,4,2001,2001-02-17,1.40239999294281,169.7,18.5,0.0,39.0,38,46035,36,187.9,False,True,False,736.5,344.0
6,0501,4,2002,2002-02-12,1.6551000118255614,48.04,18.39999961853028,0.0,28.0,33,48692,37,187.9,False,True,False,736.5,360.0
6,0501,4,2003,2003-03-05,1.545900011062622,162.01,18.600000381469727,0.0,23.0,39,51428,38,187.9,False,True,False,736.5,386.0
6,0501,4,2004,2004-03-25,1.9187999963760376,163.21,18.100000381469727,0.0,27.0,38,54204,39,187.9,False,True,False,736.5,386.0
6,0501,4,2005,2005-03-12,2.4043999791145323,152.14,17.700000762939453,0.0,16.0,45,57072,40,187.9,False,True,False,736.5,352.0
6,0501,5,2007,2007-03-20,3.078099989891052,53.5,18.39999961853028,3.0,42.0,33,62448,42,187.9,False,True,False,736.5,738.0
6,0502,1,1990,1990-01-25,2.71780002117157,57.73,17.299999237060547,16.0,55.0,35,21994,25,129.5,False,True,False,706.0999999999999,0.0
6,0502,1,1991,1991-02-16,2.9597999811172486,113.5,16.899999618530273,0.0,35.0,39,24464,26,129.5,False,True,False,706.0999999999999,387.0
6,0502,1,1992,1992-02-11,3.13270001411438,208.73,17.299999237060547,0.0,42.0,44,26417,27,129.5,False,True,False,706.0999999999999,360.0
6,0502,2,1993,1993-02-02,0.95349999666214,202.83,16.600000381469727,0.0,37.0,44,28293,28,190.5,False,True,False,767.0999999999999,357.0
6,0502,2,1995,1995-04-04,1.000700008869171,190.45,17.899999618530273,0.0,15.0,42,32215,30,190.5,False,True,False,767.0999999999999,791.0
6,0502,2,1997,1997-02-27,1.2563749998807907,179.38,18.100000381469727,0.0,24.0,39,36196,32,190.5,False,True,False,767.0999999999999,695.0
6,0502,2,1998,1998-02-11,1.4021000027656556,165.63,16.5,0.0,18.0,46,38479,33,190.5,False,True,False,767.0999999999999,349.0
6,0502,2,1999,1999-03-05,1.9764999866485595,89.76,17.700000762939453,0.0,27.0,35,40890,34,190.5,False,True,False,767.0999999999999,387.0
6,0502,3,2000,2000-03-10,2.286999988555908,87.16,18.299999237060547,0.0,21.0,38,43434,35,190.5,False,True,False,767.0999999999999,371.0
6,0502,4,2001,2001-02-17,1.312000000476837,169.7,18.5,0.0,39.0,38,46035,36,195.6,False,True,False,772.1999999999999,344.0
6,0502,4,2002,2002-02-12,1.8666000008583068,48.04,18.39999961853028,0.0,28.0,33,48692,37,195.6,False,True,False,772.1999999999999,360.0
6,0502,4,2003,2003-03-05,2.0375999808311462,162.01,18.600000381469727,0.0,23.0,39,51428,38,195.6,False,True,False,772.1999999999999,386.0
6,0502,4,2004,2004-03-25,2.76800000667572,163.21,18.100000381469727,0.0,27.0,38,54204,39,195.6,False,True,False,772.1999999999999,386.0
6,0502,4,2005,2005-03-12,4.112899947166443,152.14,17.700000762939453,0.0,16.0,45,57072,40,195.6,False,True,False,772.1999999999999,352.0
6,0502,4,2007,2007-03-20,3.36439995765686,53.5,18.39999961853028,3.0,42.0,33,62448,42,195.6,False,True,False,772.1999999999999,738.0
6,0503,1,1990,1990-01-25,1.385699987411499,57.73,17.299999237060547,16.0,55.0,35,21994,25,124.5,False,True,False,790.0,0.0
6,0503,1,1991,1991-02-16,1.6952999949455263,113.5,16.899999618530273,0.0,35.0,39,24464,26,124.5,False,True,False,790.0,387.0
6,0503,1,1992,1992-02-11,1.7775000095367433,208.73,17.299999237060547,0.0,42.0,44,26417,27,124.5,False,True,False,790.0,360.0
6,0503,2,1993,1993-02-02,1.0788999915122988,202.83,16.600000381469727,0.0,37.0,44,28293,28,241.3,False,True,False,906.8,357.0
6,0503,2,1995,1995-04-04,1.0974000096321106,190.45,17.899999618530273,0.0,15.0,42,32215,30,241.3,False,True,False,906.8,791.0
6,0503,2,1997,1997-02-27,1.121625006198883,179.38,18.100000381469727,0.0,24.0,39,36196,32,241.3,False,True,False,906.8,695.0
6,0503,2,1998,1998-02-11,1.126099991798401,165.63,16.5,0.0,18.0,46,38479,33,241.3,False,True,False,906.8,349.0
6,0503,4,2000,2000-03-10,1.333899974822998,87.16,18.299999237060547,0.0,21.0,38,43434,35,241.3,False,True,False,906.8,758.0
6,0504,1,1990,1990-01-25,1.2947000026702882,57.73,17.299999237060547,16.0,55.0,35,21994,25,127.0,False,True,False,790.0,0.0
6,0504,1,1991,1991-02-16,1.6515000104904174,113.5,16.899999618530273,0.0,35.0,39,24464,26,127.0,False,True,False,790.0,387.0
6,0504,1,1992,1992-02-11,1.889200007915497,208.73,17.299999237060547,0.0,42.0,44,26417,27,127.0,False,True,False,790.0,360.0
6,0504,2,1993,1993-02-02,1.02389999628067,202.83,16.600000381469727,0.0,37.0,44,28293,28,210.8,False,True,False,873.8,357.0
6,0504,2,1995,1995-04-04,1.0305999994277952,190.45,17.899999618530273,0.0,15.0,42,32215,30,210.8,False,True,False,873.8,791.0
6,0504,2,1997,1997-02-27,1.0701249986886978,179.38,18.100000381469727,0.0,24.0,39,36196,32,210.8,False,True,False,873.8,695.0
6,0504,2,1998,1998-02-11,1.069300001859665,165.63,16.5,0.0,18.0,46,38479,33,210.8,False,True,False,873.8,349.0
6,0504,2,1999,1999-03-05,1.1238000035285949,89.76,17.700000762939453,0.0,27.0,35,40890,34,210.8,False,True,False,873.8,387.0
6,0504,2,2000,2000-03-10,1.1098999738693238,87.16,18.299999237060547,0.0,21.0,38,43434,35,210.8,False,True,False,873.8,371.0
6,0504,2,2001,2001-02-17,1.173199999332428,169.7,18.5,0.0,39.0,38,46035,36,210.8,False,True,False,873.8,344.0
6,0504,2,2002,2002-02-12,1.1981000065803529,48.04,18.39999961853028,0.0,28.0,33,48692,37,210.8,False,True,False,873.8,360.0
6,0504,3,2003,2003-03-05,1.2447999954223632,162.01,18.600000381469727,0.0,23.0,39,51428,38,210.8,False,True,False,873.8,386.0
6,0504,3,2004,2004-03-25,1.2814999938011171,163.21,18.100000381469727,0.0,27.0,38,54204,39,210.8,False,True,False,873.8,386.0
6,0504,3,2005,2005-03-12,1.281599986553192,152.14,17.700000762939453,0.0,16.0,45,57072,40,210.8,False,True,False,873.8,352.0
6,0504,3,2007,2007-03-20,1.517699992656708,53.5,18.39999961853028,3.0,42.0,33,62448,42,210.8,False,True,False,873.8,738.0
6,0505,1,1990,1990-01-25,1.297100007534027,57.73,17.299999237060547,16.0,55.0,35,21994,25,132.1,False,True,False,772.2,0.0
6,0505,1,1991,1991-02-16,1.408200001716614,113.5,16.899999618530273,0.0,35.0,39,24464,26,132.1,False,True,False,772.2,387.0
6,0505,1,1992,1992-02-11,1.5533999919891357,208.73,17.299999237060547,0.0,42.0,44,26417,27,132.1,False,True,False,772.2,360.0
6,0505,2,1993,1993-02-02,0.7173999965190887,202.83,16.600000381469727,0.0,37.0,44,28293,28,154.9,False,True,False,795.0,357.0
6,0505,2,1995,1995-04-04,0.9590999841690064,190.45,17.899999618530273,0.0,15.0,42,32215,30,154.9,False,True,False,795.0,791.0
6,0505,2,1997,1997-02-27,1.2782999873161316,179.38,18.100000381469727,0.0,24.0,39,36196,32,154.9,False,True,False,795.0,695.0
6,0505,2,1998,1998-02-11,1.43289999961853,165.63,16.5,0.0,18.0,46,38479,33,154.9,False,True,False,795.0,349.0
6,0505,2,1999,1999-03-05,1.7996999979019166,89.76,17.700000762939453,0.0,27.0,35,40890,34,154.9,False,True,False,795.0,387.0
6,0505,3,2000,2000-03-10,2.0656999707221986,87.16,18.299999237060547,0.0,21.0,38,43434,35,154.9,False,True,False,795.0,371.0
6,0505,4,2001,2001-02-17,1.191300004720688,169.7,18.5,0.0,39.0,38,46035,36,160.0,False,True,False,800.1,344.0
6,0505,4,2002,2002-02-12,1.402999985218048,48.04,18.39999961853028,0.0,28.0,33,48692,37,160.0,False,True,False,800.1,360.0
6,0505,4,2003,2003-03-05,1.5261000156402589,162.01,18.600000381469727,0.0,23.0,39,51428,38,160.0,False,True,False,800.1,386.0
6,0505,4,2004,2004-03-25,1.8343000054359435,163.21,18.100000381469727,0.0,27.0,38,54204,39,160.0,False,True,False,800.1,386.0
6,0505,4,2005,2005-04-11,2.355299985408783,152.14,17.700000762939453,0.0,16.0,45,57072,40,160.0,False,True,False,800.1,382.0
6,0505,4,2007,2007-03-21,3.3045999765396115,53.5,18.39999961853028,3.0,42.0,33,62448,42,160.0,False,True,False,800.1,709.0
6,0506,1,1990,1990-01-25,1.6270000100135804,57.73,17.299999237060547,16.0,55.0,35,21994,25,134.6,False,True,False,774.7,0.0
6,0506,1,1991,1991-02-16,1.8105999827384949,113.5,16.899999618530273,0.0,35.0,39,24464,26,134.6,False,True,False,774.7,387.0
6,0506,1,1992,1992-02-11,1.8077999830245968,208.73,17.299999237060547,0.0,42.0,44,26417,27,134.6,False,True,False,774.7,360.0
6,0506,2,1993,1993-02-02,0.807700002193451,202.83,16.600000381469727,0.0,37.0,44,28293,28,208.3,False,True,False,848.4,357.0
6,0506,2,1995,1995-04-04,0.9228000044822692,190.45,17.899999618530273,0.0,15.0,42,32215,30,208.3,False,True,False,848.4,791.0
6,0506,2,1997,1997-02-27,1.0366000056266786,179.38,18.100000381469727,0.0,24.0,39,36196,32,208.3,False,True,False,848.4,695.0
6,0506,2,1998,1998-02-11,1.0508999824523926,165.63,16.5,0.0,18.0,46,38479,33,208.3,False,True,False,848.4,349.0
6,0506,2,1999,1999-03-05,1.1435000061988831,89.76,17.700000762939453,0.0,27.0,35,40890,34,208.3,False,True,False,848.4,387.0
6,0506,3,2000,2000-03-10,1.2151000022888183,87.16,18.299999237060547,0.0,21.0,38,43434,35,208.3,False,True,False,848.4,371.0
6,0506,4,2001,2001-02-17,0.87739999294281,169.7,18.5,0.0,39.0,38,46035,36,213.4,False,True,False,853.5,344.0
6,0506,4,2002,2002-02-12,1.0614999830722809,48.04,18.39999961853028,0.0,28.0,33,48692,37,213.4,False,True,False,853.5,360.0
6,0506,4,2003,2003-03-05,1.1266999900341037,162.01,18.600000381469727,0.0,23.0,39,51428,38,213.4,False,True,False,853.5,386.0
6,0506,4,2004,2004-03-25,1.44200000166893,163.21,18.100000381469727,0.0,27.0,38,54204,39,213.4,False,True,False,853.5,386.0
6,0506,5,2005,2005-03-12,1.8271999835968016,152.14,17.700000762939453,0.0,16.0,45,57072,40,213.4,False,True,False,853.5,352.0
6,0506,5,2007,2007-03-21,3.1160999655723574,53.5,18.39999961853028,3.0,42.0,33,62448,42,213.4,False,True,False,853.5,739.0
6,0507,1,1990,1990-01-25,1.9498000025749207,57.73,17.299999237060547,16.0,55.0,35,21994,25,154.9,False,True,False,784.9,0.0
6,0507,1,1991,1991-02-16,2.1252999901771545,113.5,16.899999618530273,0.0,35.0,39,24464,26,154.9,False,True,False,784.9,387.0
6,0507,1,1992,1992-02-11,2.3507999897003176,208.73,17.299999237060547,0.0,42.0,44,26417,27,154.9,False,True,False,784.9,360.0
6,0507,2,1993,1993-02-02,0.8338999986648559,202.83,16.600000381469727,0.0,37.0,44,28293,28,256.5,False,True,False,886.5,357.0
6,0507,2,1995,1995-04-04,0.974899983406067,190.45,17.899999618530273,0.0,15.0,42,32215,30,256.5,False,True,False,886.5,791.0
6,0507,2,1997,1997-02-27,1.0592999815940858,179.38,18.100000381469727,0.0,24.0,39,36196,32,256.5,False,True,False,886.5,695.0
6,0507,2,1998,1998-02-11,1.1115999817848206,165.63,16.5,0.0,18.0,46,38479,33,256.5,False,True,False,886.5,349.0
6,0507,2,1999,1999-03-05,1.169600009918213,89.76,17.700000762939453,0.0,27.0,35,40890,34,256.5,False,True,False,886.5,387.0
6,0507,2,2000,2000-03-10,1.10550000667572,87.16,18.299999237060547,0.0,21.0,38,43434,35,256.5,False,True,False,886.5,371.0
6,0507,2,2001,2001-02-17,1.1875000119209291,169.7,18.5,0.0,39.0,38,46035,36,256.5,False,True,False,886.5,344.0
6,0507,2,2002,2002-02-12,1.1709999918937684,48.04,18.39999961853028,0.0,28.0,33,48692,37,256.5,False,True,False,886.5,360.0
6,0507,2,2003,2003-03-05,1.0935999870300293,162.01,18.600000381469727,0.0,23.0,39,51428,38,256.5,False,True,False,886.5,386.0
6,0507,2,2004,2004-03-25,1.250100016593933,163.21,18.100000381469727,0.0,27.0,38,54204,39,256.5,False,True,False,886.5,386.0
6,0507,2,2005,2005-03-12,1.3213000178337098,152.14,17.700000762939453,0.0,16.0,45,57072,40,256.5,False,True,False,886.5,352.0
6,0507,2,2007,2007-03-21,1.6076000094413758,53.5,18.39999961853028,3.0,42.0,33,62448,42,256.5,False,True,False,886.5,739.0
6,0508,1,1990,1990-01-25,1.772499978542328,57.73,17.299999237060547,16.0,55.0,35,21994,25,162.6,False,True,False,789.9,0.0
6,0508,1,1991,1991-02-16,1.8299999952316284,113.5,16.899999618530273,0.0,35.0,39,24464,26,162.6,False,True,False,789.9,387.0
6,0508,1,1992,1992-02-11,2.056599974632263,208.73,17.299999237060547,0.0,42.0,44,26417,27,162.6,False,True,False,789.9,360.0
6,0508,2,1993,1993-02-02,0.7468999922275543,202.83,16.600000381469727,0.0,37.0,44,28293,28,266.6,False,True,False,893.9,357.0
6,0508,2,1995,1995-04-04,0.8098000049591065,190.45,17.899999618530273,0.0,15.0,42,32215,30,266.6,False,True,False,893.9,791.0
6,0508,2,1997,1997-02-27,0.9421999990940092,179.38,18.100000381469727,0.0,24.0,39,36196,32,266.6,False,True,False,893.9,695.0
6,0508,2,1998,1998-02-11,1.0109000027179718,165.63,16.5,0.0,18.0,46,38479,33,266.6,False,True,False,893.9,349.0
6,0508,2,1999,1999-03-05,1.0705000102519988,89.76,17.700000762939453,0.0,27.0,35,40890,34,266.6,False,True,False,893.9,387.0
6,0508,2,2000,2000-03-10,1.109999990463257,87.16,18.299999237060547,0.0,21.0,38,43434,35,266.6,False,True,False,893.9,371.0
6,0508,3,2001,2001-02-17,0.8063000023365021,169.7,18.5,0.0,39.0,38,46035,36,269.1,False,True,False,896.4,344.0
6,0508,3,2002,2002-02-12,0.8571999967098236,48.04,18.39999961853028,0.0,28.0,33,48692,37,269.1,False,True,False,896.4,360.0
6,0508,3,2003,2003-03-05,0.9251999974250792,162.01,18.600000381469727,0.0,23.0,39,51428,38,269.1,False,True,False,896.4,386.0
6,0508,3,2004,2004-03-25,0.993800014257431,163.21,18.100000381469727,0.0,27.0,38,54204,39,269.1,False,True,False,896.4,386.0
6,0508,3,2005,2005-03-12,1.196100002527237,152.14,17.700000762939453,0.0,16.0,45,57072,40,269.1,False,True,False,896.4,352.0
6,0508,3,2007,2007-03-21,1.824000024795532,53.5,18.39999961853028,3.0,42.0,33,62448,42,269.1,False,True,False,896.4,739.0
6,0509,1,1990,1990-01-25,1.8406999945640563,57.73,17.299999237060547,16.0,55.0,35,21994,25,149.89999999999998,False,True,False,779.8,0.0
6,0509,1,1991,1991-02-16,1.9486000418663023,113.5,16.899999618530273,0.0,35.0,39,24464,26,149.89999999999998,False,True,False,779.8,387.0
6,0509,1,1992,1992-02-11,2.127250000834465,208.73,17.299999237060547,0.0,42.0,44,26417,27,149.89999999999998,False,True,False,779.8,360.0
6,0509,2,1993,1993-02-02,1.0104999899864198,202.83,16.600000381469727,0.0,37.0,44,28293,28,162.5,False,True,False,792.4,357.0
6,0509,2,1995,1995-04-04,1.1220000207424166,190.45,17.899999618530273,0.0,15.0,42,32215,30,162.5,False,True,False,792.4,791.0
6,0509,2,1997,1997-02-27,1.3099000096321105,179.38,18.100000381469727,0.0,24.0,39,36196,32,162.5,False,True,False,792.4,695.0
6,0509,2,1998,1998-02-11,1.494999992847443,165.63,16.5,0.0,18.0,46,38479,33,162.5,False,True,False,792.4,349.0
6,0509,2,1999,1999-03-05,2.0494000196456907,89.76,17.700000762939453,0.0,27.0,35,40890,34,162.5,False,True,False,792.4,387.0
6,0509,2,2000,2000-03-10,2.542100024223328,87.16,18.299999237060547,0.0,21.0,38,43434,35,162.5,False,True,False,792.4,371.0
6,0509,3,2001,2001-02-17,1.3848999977111816,169.7,18.5,0.0,39.0,38,46035,36,170.1,False,True,False,800.0,344.0
6,0509,3,2002,2002-02-12,2.116700005531311,48.04,18.39999961853028,0.0,28.0,33,48692,37,170.1,False,True,False,800.0,360.0
6,0509,3,2003,2003-03-05,2.1487999677658083,162.01,18.600000381469727,0.0,23.0,39,51428,38,170.1,False,True,False,800.0,386.0
6,0509,3,2004,2004-03-25,2.982800006866455,163.21,18.100000381469727,0.0,27.0,38,54204,39,170.1,False,True,False,800.0,386.0
6,0509,3,2005,2005-03-12,3.542400026321411,152.14,17.700000762939453,0.0,16.0,45,57072,40,170.1,False,True,False,800.0,352.0
6,0509,4,2007,2007-03-21,5.261500024795533,53.5,18.39999961853028,3.0,42.0,33,62448,42,170.1,False,True,False,800.0,739.0
6,0559,1,1990,1990-01-26,2.763900017738342,48.93,19.299999237060547,5.0,45.0,32,21994,25,127.0,False,True,False,774.6999999999999,0.0
6,0559,1,1991,1991-02-16,2.9680999994277952,124.64,18.89999961853028,0.0,16.0,36,24464,26,127.0,False,True,False,774.6999999999999,386.0
6,0559,2,1993,1993-02-02,0.9233000099658966,185.23,18.600000381469727,0.0,26.0,40,28293,28,254.0,False,True,False,901.7,717.0
6,0559,2,1995,1995-04-04,1.085200011730194,146.11,19.89999961853028,0.0,8.0,38,32215,30,254.0,False,True,False,901.7,791.0
6,0559,2,1997,1997-02-27,1.2641999959945678,225.22,20.0,0.0,20.0,35,36196,32,254.0,False,True,False,901.7,695.0
6,0559,2,1998,1998-02-11,1.252400004863739,146.01,18.600000381469727,0.0,12.0,40,38479,33,254.0,False,True,False,901.7,349.0
6,0559,3,1999,1999-03-05,0.8072000086307525,93.84,19.700000762939453,0.0,7.0,31,40890,34,261.6,False,True,False,909.3,387.0
6,0559,3,2000,2000-03-10,0.8977999985218048,61.25,20.39999961853028,0.0,8.0,33,43434,35,261.6,False,True,False,909.3,371.0
6,0559,3,2001,2001-02-17,0.9988999962806702,153.38,20.600000381469727,0.0,20.0,33,46035,36,261.6,False,True,False,909.3,344.0
6,0559,3,2002,2002-02-12,1.030799996852875,32.95,20.39999961853028,0.0,17.0,29,48692,37,261.6,False,True,False,909.3,360.0
6,0559,3,2003,2003-03-05,0.9336000025272368,153.04,20.799999237060547,0.0,12.0,34,51428,38,261.6,False,True,False,909.3,386.0
6,0559,3,2004,2004-03-25,1.0830000042915344,196.98,20.100000381469727,0.0,16.0,34,54204,39,261.6,False,True,False,909.3,386.0
6,0559,3,2005,2005-03-12,1.134100008010864,116.23,19.89999961853028,0.0,4.0,41,57072,40,261.6,False,True,False,909.3,352.0
6,0559,3,2007,2007-03-21,1.2364000022411346,43.19,20.5,1.0,24.0,29,62448,42,261.6,False,True,False,909.3,739.0
6,0560,1,1990,1990-01-26,1.9848999857902527,48.93,19.299999237060547,5.0,45.0,32,21994,25,127.0,False,True,False,767.1,0.0
6,0560,1,1991,1991-02-16,2.5693000078201296,124.64,18.89999961853028,0.0,16.0,36,24464,26,127.0,False,True,False,767.1,386.0
6,0560,1,1992,1992-02-14,3.0286000251770018,161.45,19.299999237060547,0.0,32.0,40,26417,27,127.0,False,True,False,767.1,363.0
6,0560,2,1993,1993-02-02,1.1574999928474423,185.23,18.600000381469727,0.0,26.0,40,28293,28,177.79999999999998,False,True,False,817.9,354.0
6,0560,2,1995,1995-04-04,1.5722000002861023,146.11,19.89999961853028,0.0,8.0,38,32215,30,177.79999999999998,False,True,False,817.9,791.0
6,0560,2,1997,1997-02-27,1.621399998664856,225.22,20.0,0.0,20.0,35,36196,32,177.79999999999998,False,True,False,817.9,695.0
6,0560,2,1998,1998-02-11,2.7895999908447267,146.01,18.600000381469727,0.0,12.0,40,38479,33,177.79999999999998,False,True,False,817.9,349.0
6,0561,1,1990,1990-01-26,1.860900020599365,48.93,19.299999237060547,5.0,45.0,32,21994,25,134.6,False,True,False,784.8,0.0
6,0561,1,1991,1991-02-16,2.248299968242645,124.64,18.89999961853028,0.0,16.0,36,24464,26,134.6,False,True,False,784.8,386.0
6,0561,1,1992,1992-02-14,2.630600023269653,161.45,19.299999237060547,0.0,32.0,40,26417,27,134.6,False,True,False,784.8,363.0
6,0561,2,1993,1993-02-02,1.02260000705719,185.23,18.600000381469727,0.0,26.0,40,28293,28,165.1,True,True,False,820.4,354.0
6,0561,2,1995,1995-04-04,1.1952999830245972,146.11,19.89999961853028,0.0,8.0,38,32215,30,165.1,True,True,False,820.4,791.0
6,0561,2,1997,1997-02-27,1.3289999961853027,225.22,20.0,0.0,20.0,35,36196,32,165.1,True,True,False,820.4,695.0
6,0561,2,1998,1998-02-11,1.367799997329712,146.01,18.600000381469727,0.0,12.0,40,38479,33,165.1,True,True,False,820.4,349.0
6,0561,2,1999,1999-03-05,1.4432000041007995,93.84,19.700000762939453,0.0,7.0,31,40890,34,165.1,True,True,False,820.4,387.0
6,0561,2,2000,2000-03-10,1.4016999840736388,61.25,20.39999961853028,0.0,8.0,33,43434,35,165.1,True,True,False,820.4,371.0
6,0561,2,2001,2001-02-17,1.677899992465973,153.38,20.600000381469727,0.0,20.0,33,46035,36,165.1,True,True,False,820.4,344.0
6,0561,3,2002,2002-02-12,1.909400010108948,32.95,20.39999961853028,0.0,17.0,29,48692,37,165.1,True,True,False,820.4,360.0
6,0561,4,2005,2005-03-12,3.288300013542175,116.23,19.89999961853028,0.0,4.0,41,57072,40,165.1,True,True,False,820.4,1124.0
6,0562,1,1990,1990-01-26,1.3942999720573424,48.93,19.299999237060547,5.0,45.0,32,21994,25,139.7,False,True,False,810.2,0.0
6,0562,1,1991,1991-02-16,1.7527999758720398,124.64,18.89999961853028,0.0,16.0,36,24464,26,139.7,False,True,False,810.2,386.0
6,0562,1,1992,1992-02-14,2.073099994659424,161.45,19.299999237060547,0.0,32.0,40,26417,27,139.7,False,True,False,810.2,363.0
6,0562,2,1993,1993-02-02,1.025599992275238,185.23,18.600000381469727,0.0,26.0,40,28293,28,182.9,True,True,False,858.5,354.0
6,0562,2,1995,1995-04-04,1.139900004863739,146.11,19.89999961853028,0.0,8.0,38,32215,30,182.9,True,True,False,858.5,791.0
6,0562,2,1997,1997-02-27,1.4593000054359435,225.22,20.0,0.0,20.0,35,36196,32,182.9,True,True,False,858.5,695.0
6,0562,2,1998,1998-02-11,1.519799995422363,146.01,18.600000381469727,0.0,12.0,40,38479,33,182.9,True,True,False,858.5,349.0
6,0563,1,1990,1990-01-26,1.3281999945640566,48.93,19.299999237060547,5.0,45.0,32,21994,25,142.2,False,True,False,820.4000000000001,0.0
6,0563,1,1991,1991-02-16,1.559599995613098,124.64,18.89999961853028,0.0,16.0,36,24464,26,142.2,False,True,False,820.4000000000001,386.0
6,0563,1,1992,1992-02-14,2.0234999895095824,161.45,19.299999237060547,0.0,32.0,40,26417,27,142.2,False,True,False,820.4000000000001,363.0
6,0563,2,1993,1993-02-02,0.8894000113010406,185.23,18.600000381469727,0.0,26.0,40,28293,28,177.79999999999998,False,True,False,856.0,354.0
6,0563,2,1995,1995-04-04,0.9564000070095062,146.11,19.89999961853028,0.0,8.0,38,32215,30,177.79999999999998,False,True,False,856.0,791.0
6,0563,2,1997,1997-02-27,1.024399995803833,225.22,20.0,0.0,20.0,35,36196,32,177.79999999999998,False,True,False,856.0,695.0
6,0563,2,1998,1998-02-11,1.071624994277954,146.01,18.600000381469727,0.0,12.0,40,38479,33,177.79999999999998,False,True,False,856.0,349.0
6,0563,2,1999,1999-03-05,1.080800008773804,93.84,19.700000762939453,0.0,7.0,31,40890,34,177.79999999999998,False,True,False,856.0,387.0
6,0563,2,2000,2000-03-10,1.1789999961853028,61.25,20.39999961853028,0.0,8.0,33,43434,35,177.79999999999998,False,True,False,856.0,371.0
6,0563,3,2001,2001-02-17,1.2083000183105468,153.38,20.600000381469727,0.0,20.0,33,46035,36,177.8,False,True,False,856.0,344.0
6,0563,3,2002,2002-02-12,1.286600017547607,32.95,20.39999961853028,0.0,17.0,29,48692,37,177.8,False,True,False,856.0,360.0
6,0563,4,2003,2003-03-05,1.3095000028610229,153.04,20.799999237060547,0.0,12.0,34,51428,38,177.8,False,True,False,856.0,386.0
6,0563,4,2004,2004-03-25,1.3514999985694884,196.98,20.100000381469727,0.0,16.0,34,54204,39,177.8,False,True,False,856.0,386.0
6,0563,4,2005,2005-03-12,1.4795999884605409,116.23,19.89999961853028,0.0,4.0,41,57072,40,177.8,False,True,False,856.0,352.0
6,0563,4,2007,2007-03-21,1.8467999935150143,43.19,20.5,1.0,24.0,29,62448,42,177.8,False,True,False,856.0,739.0
6,0564,1,1990,1990-01-26,1.6050999879837036,48.93,19.299999237060547,5.0,45.0,32,21994,25,142.2,False,True,False,835.7,0.0
6,0564,1,1991,1991-02-16,1.7789999842643738,124.64,18.89999961853028,0.0,16.0,36,24464,26,142.2,False,True,False,835.7,386.0
6,0564,1,1992,1992-02-14,2.0493000149726868,161.45,19.299999237060547,0.0,32.0,40,26417,27,142.2,False,True,False,835.7,363.0
6,0564,2,1993,1993-02-02,0.7356000006198883,185.23,18.600000381469727,0.0,26.0,40,28293,28,185.4,False,True,False,878.9,354.0
6,0564,2,1995,1995-04-04,0.9147000074386598,146.11,19.89999961853028,0.0,8.0,38,32215,30,185.4,False,True,False,878.9,791.0
6,0564,4,1997,1997-02-27,1.370700013637543,225.22,20.0,0.0,20.0,35,36196,32,185.4,False,True,False,878.9000000000001,695.0
6,0564,4,1998,1998-02-11,1.3976999938488008,146.01,18.600000381469727,0.0,12.0,40,38479,33,185.4,False,True,False,878.9000000000001,349.0
6,0565,1,1990,1990-01-26,2.283799993991852,48.93,19.299999237060547,5.0,45.0,32,21994,25,139.7,False,True,False,802.7,0.0
6,0565,1,1991,1991-02-16,2.1777999997138977,124.64,18.89999961853028,0.0,16.0,36,24464,26,139.7,False,True,False,802.7,386.0
6,0565,1,1992,1992-02-14,2.3319000005722046,161.45,19.299999237060547,0.0,32.0,40,26417,27,139.7,False,True,False,802.7,363.0
6,0565,2,1993,1993-02-02,0.7970999956130982,185.23,18.600000381469727,0.0,26.0,40,28293,28,208.3,False,True,False,871.3000000000001,354.0
6,0565,2,1995,1995-04-04,0.932699990272522,146.11,19.89999961853028,0.0,8.0,38,32215,30,208.3,False,True,False,871.3000000000001,791.0
6,0565,2,1997,1997-02-27,1.2461999893188476,225.22,20.0,0.0,20.0,35,36196,32,208.3,False,True,False,871.3000000000001,695.0
6,0565,3,1998,1998-02-11,1.4009000182151794,146.01,18.600000381469727,0.0,12.0,40,38479,33,208.3,False,True,False,871.3000000000001,349.0
6,0565,3,1999,1999-03-05,1.6715000033378602,93.84,19.700000762939453,0.0,7.0,31,40890,34,208.3,False,True,False,871.3000000000001,387.0
6,0565,3,2000,2000-03-10,1.814900016784668,61.25,20.39999961853028,0.0,8.0,33,43434,35,208.3,False,True,False,871.3000000000001,371.0
6,0565,4,2001,2001-02-17,2.1922999858856205,153.38,20.600000381469727,0.0,20.0,33,46035,36,208.3,False,True,False,871.3000000000001,344.0
6,0565,4,2002,2002-02-12,2.133099973201752,32.95,20.39999961853028,0.0,17.0,29,48692,37,208.3,False,True,False,871.3000000000001,360.0
6,0565,4,2003,2003-03-05,2.226700019836426,153.04,20.799999237060547,0.0,12.0,34,51428,38,208.3,False,True,False,871.3000000000001,386.0
6,0565,4,2004,2004-03-25,2.7848000288009644,196.98,20.100000381469727,0.0,16.0,34,54204,39,208.3,False,True,False,871.3000000000001,386.0
6,0565,4,2005,2005-03-12,3.4882999897003173,116.23,19.89999961853028,0.0,4.0,41,57072,40,208.3,False,True,False,871.3000000000001,352.0
6,0565,4,2007,2007-03-21,4.07039999961853,43.19,20.5,1.0,24.0,29,62448,42,208.3,False,True,False,871.3000000000001,739.0
6,0566,1,1990,1990-01-26,1.7165000081062316,48.93,19.299999237060547,5.0,45.0,32,21994,25,129.5,False,True,False,779.6999999999999,0.0
6,0566,1,1991,1991-02-16,2.023300015926361,124.64,18.89999961853028,0.0,16.0,36,24464,26,129.5,False,True,False,779.6999999999999,386.0
6,0566,1,1992,1992-02-14,3.049499988555908,161.45,19.299999237060547,0.0,32.0,40,26417,27,129.5,False,True,False,779.6999999999999,363.0
6,0566,2,1993,1993-02-02,0.7707000017166137,185.23,18.600000381469727,0.0,26.0,40,28293,28,200.6,False,True,False,850.8,354.0
6,0566,2,1995,1995-04-04,0.9077999889850616,146.11,19.89999961853028,0.0,8.0,38,32215,30,200.6,False,True,False,850.8,791.0
6,0566,2,1997,1997-02-27,1.158299994468689,225.22,20.0,0.0,20.0,35,36196,32,200.6,False,True,False,850.8,695.0
6,0566,2,1998,1998-02-11,1.1467999935150146,146.01,18.600000381469727,0.0,12.0,40,38479,33,200.6,False,True,False,850.8,349.0
6,0566,2,1999,1999-03-05,1.1128000140190126,93.84,19.700000762939453,0.0,7.0,31,40890,34,200.6,False,True,False,850.8,387.0
6,0566,2,2000,2000-03-10,1.1870999932289124,61.25,20.39999961853028,0.0,8.0,33,43434,35,200.6,False,True,False,850.8,371.0
6,0566,2,2001,2001-02-17,1.3663999915122986,153.38,20.600000381469727,0.0,20.0,33,46035,36,200.6,False,True,False,850.8,344.0
6,0566,2,2002,2002-02-12,1.3349000096321106,32.95,20.39999961853028,0.0,17.0,29,48692,37,200.6,False,True,False,850.8,360.0
6,0566,2,2003,2003-03-05,1.2008999943733216,153.04,20.799999237060547,0.0,12.0,34,51428,38,200.6,False,True,False,850.8,386.0
6,0566,2,2004,2004-03-25,1.3368000030517575,196.98,20.100000381469727,0.0,16.0,34,54204,39,200.6,False,True,False,850.8,386.0
6,0566,2,2005,2005-03-12,1.2348000049591064,116.23,19.89999961853028,0.0,4.0,41,57072,40,200.6,False,True,False,850.8,352.0
6,0566,2,2007,2007-03-21,1.382300007343292,43.19,20.5,1.0,24.0,29,62448,42,200.6,False,True,False,850.8,739.0
6,0567,1,1990,1990-01-26,2.812100005149841,48.93,19.299999237060547,5.0,45.0,32,21994,25,132.1,False,True,False,774.6999999999999,0.0
6,0567,1,1991,1991-02-16,3.0345999956130982,124.64,18.89999961853028,0.0,16.0,36,24464,26,132.1,False,True,False,774.6999999999999,386.0
6,0567,1,1992,1992-02-14,4.105699968338013,161.45,19.299999237060547,0.0,32.0,40,26417,27,132.1,False,True,False,774.6999999999999,363.0
6,0567,2,1993,1993-02-02,0.6057000041007996,185.23,18.600000381469727,0.0,26.0,40,28293,28,203.2,False,True,False,845.8,354.0
6,0567,2,1995,1995-04-04,0.7322000026702882,146.11,19.89999961853028,0.0,8.0,38,32215,30,203.2,False,True,False,845.8,791.0
6,0567,2,1997,1997-02-27,0.800600004196167,225.22,20.0,0.0,20.0,35,36196,32,203.2,False,True,False,845.8,695.0
6,0567,2,1998,1998-02-11,0.8423999965190887,146.01,18.600000381469727,0.0,12.0,40,38479,33,203.2,False,True,False,845.8,349.0
6,0567,3,1999,1999-03-05,0.9108999907970428,93.84,19.700000762939453,0.0,7.0,31,40890,34,210.8,False,True,False,853.4,387.0
6,0567,3,2000,2000-03-10,0.8829000055789947,61.25,20.39999961853028,0.0,8.0,33,43434,35,210.8,False,True,False,853.4,371.0
6,0567,3,2001,2001-02-17,0.8722000002861023,153.38,20.600000381469727,0.0,20.0,33,46035,36,210.8,False,True,False,853.4,344.0
6,0567,3,2002,2002-02-12,0.871399998664856,32.95,20.39999961853028,0.0,17.0,29,48692,37,210.8,False,True,False,853.4,360.0
6,0567,4,2003,2003-03-05,0.8967999994754792,153.04,20.799999237060547,0.0,12.0,34,51428,38,210.8,False,True,False,853.4,386.0
6,0567,4,2004,2004-03-25,1.0022000074386597,196.98,20.100000381469727,0.0,16.0,34,54204,39,210.8,False,True,False,853.4,386.0
6,0567,4,2005,2005-03-12,1.1605000019073486,116.23,19.89999961853028,0.0,4.0,41,57072,40,210.8,False,True,False,853.4,352.0
6,0567,4,2007,2007-03-21,1.433599990606308,43.19,20.5,1.0,24.0,29,62448,42,210.8,False,True,False,853.4,739.0
6,0568,1,1990,1990-01-26,2.9262999534606937,48.93,19.299999237060547,5.0,45.0,32,21994,25,132.1,False,True,False,756.9,0.0
6,0568,1,1991,1991-02-16,3.0109999656677244,124.64,18.89999961853028,0.0,16.0,36,24464,26,132.1,False,True,False,756.9,386.0
6,0568,1,1992,1992-02-14,3.195200037956238,161.45,19.299999237060547,0.0,32.0,40,26417,27,132.1,False,True,False,756.9,363.0
6,0568,2,1993,1993-02-02,0.8574999988079071,185.23,18.600000381469727,0.0,26.0,40,28293,28,226.1,False,True,False,850.9,354.0
6,0568,2,1995,1995-04-04,1.010699987411499,146.11,19.89999961853028,0.0,8.0,38,32215,30,226.1,False,True,False,850.9,791.0
6,0568,3,1997,1997-02-27,1.194300001859665,225.22,20.0,0.0,20.0,35,36196,32,226.1,False,True,False,850.9,695.0
6,0568,3,1998,1998-02-11,1.0994000017642975,146.01,18.600000381469727,0.0,12.0,40,38479,33,226.1,False,True,False,850.9,349.0
6,0568,4,1999,1999-03-05,1.1341000258922578,93.84,19.700000762939453,0.0,7.0,31,40890,34,226.1,False,True,False,850.9,387.0
6,0568,4,2000,2000-03-10,1.1073000013828278,61.25,20.39999961853028,0.0,8.0,33,43434,35,226.1,False,True,False,850.9,371.0
6,0568,4,2001,2001-02-17,1.166800022125244,153.38,20.600000381469727,0.0,20.0,33,46035,36,226.1,False,True,False,850.9,344.0
6,0568,4,2002,2002-02-12,1.1349999904632568,32.95,20.39999961853028,0.0,17.0,29,48692,37,226.1,False,True,False,850.9,360.0
6,0568,4,2003,2003-03-05,1.0185000061988831,153.04,20.799999237060547,0.0,12.0,34,51428,38,226.1,False,True,False,850.9,386.0
6,0568,4,2004,2004-03-25,1.207899987697601,196.98,20.100000381469727,0.0,16.0,34,54204,39,226.1,False,True,False,850.9,386.0
6,0568,4,2005,2005-03-12,1.170800006389618,116.23,19.89999961853028,0.0,4.0,41,57072,40,226.1,False,True,False,850.9,352.0
6,0568,4,2007,2007-03-21,1.4405999898910524,43.19,20.5,1.0,24.0,29,62448,42,226.1,False,True,False,850.9,739.0
6,0569,1,1992,1992-02-11,1.135800004005432,208.73,17.299999237060547,0.0,42.0,44,26417,27,149.89999999999998,False,True,False,769.6,0.0
6,0569,2,1993,1993-02-02,0.9041999995708464,202.83,16.600000381469727,0.0,37.0,44,28293,28,248.9,False,True,False,868.6,357.0
6,0569,2,1995,1995-04-04,1.1445000052452088,190.45,17.899999618530273,0.0,15.0,42,32215,30,248.9,False,True,False,868.6,791.0
6,0569,2,1997,1997-02-27,1.554200005531311,179.38,18.100000381469727,0.0,24.0,39,36196,32,248.9,False,True,False,868.6,695.0
6,0569,2,1998,1998-02-11,1.667899990081787,165.63,16.5,0.0,18.0,46,38479,33,248.9,False,True,False,868.6,349.0
6,0569,2,1999,1999-03-05,2.036999988555908,89.76,17.700000762939453,0.0,27.0,35,40890,34,248.9,False,True,False,868.6,387.0
6,0569,2,2000,2000-03-10,2.244099998474121,87.16,18.299999237060547,0.0,21.0,38,43434,35,248.9,False,True,False,868.6,371.0
6,0569,3,2001,2001-02-17,1.082799994945526,169.7,18.5,0.0,39.0,38,46035,36,261.6,False,True,False,881.3000000000001,344.0
6,0569,3,2002,2002-02-12,1.188100004196167,48.04,18.39999961853028,0.0,28.0,33,48692,37,261.6,False,True,False,881.3000000000001,360.0
6,0569,3,2003,2003-03-05,1.2422000050544737,162.01,18.600000381469727,0.0,23.0,39,51428,38,261.6,False,True,False,881.3000000000001,386.0
6,0569,3,2004,2004-03-25,1.4377000093460084,163.21,18.100000381469727,0.0,27.0,38,54204,39,261.6,False,True,False,881.3000000000001,386.0
6,0569,3,2005,2005-03-12,1.5910000205039978,152.14,17.700000762939453,0.0,16.0,45,57072,40,261.6,False,True,False,881.3000000000001,352.0
6,0569,3,2007,2007-03-21,2.247900009155273,53.5,18.39999961853028,3.0,42.0,33,62448,42,261.6,False,True,False,881.3000000000001,739.0
6,0570,1,1992,1992-02-11,1.2183999896049498,208.73,17.299999237060547,0.0,42.0,44,26417,27,134.6,False,True,False,774.6999999999999,0.0
6,0570,2,1993,1993-02-02,0.8056999981403351,202.83,16.600000381469727,0.0,37.0,44,28293,28,220.90000000000003,False,True,False,861.0,357.0
6,0570,2,1995,1995-04-04,0.973199999332428,190.45,17.899999618530273,0.0,15.0,42,32215,30,220.90000000000003,False,True,False,861.0,791.0
6,0570,2,1997,1997-02-27,1.3704000115394592,179.38,18.100000381469727,0.0,24.0,39,36196,32,220.90000000000003,False,True,False,861.0,695.0
6,0570,3,1998,1998-02-11,1.5136000156402587,165.63,16.5,0.0,18.0,46,38479,33,220.9,False,True,False,861.0,349.0
6,0570,3,1999,1999-03-05,1.881375029683113,89.76,17.700000762939453,0.0,27.0,35,40890,34,220.9,False,True,False,861.0,387.0
6,0570,3,2000,2000-03-10,2.133200001716614,87.16,18.299999237060547,0.0,21.0,38,43434,35,220.9,False,True,False,861.0,371.0
6,0570,4,2001,2001-02-17,1.1126999855041504,169.7,18.5,0.0,39.0,38,46035,36,231.1,False,True,False,871.1999999999999,344.0
6,0570,4,2002,2002-02-12,1.1967999815940855,48.04,18.39999961853028,0.0,28.0,33,48692,37,231.1,False,True,False,871.1999999999999,360.0
6,0570,4,2003,2003-03-05,1.3110000014305114,162.01,18.600000381469727,0.0,23.0,39,51428,38,231.1,False,True,False,871.1999999999999,386.0
6,0570,4,2004,2004-03-25,1.395200002193451,163.21,18.100000381469727,0.0,27.0,38,54204,39,231.1,False,True,False,871.1999999999999,386.0
6,0570,4,2005,2005-03-12,1.547499990463257,152.14,17.700000762939453,0.0,16.0,45,57072,40,231.1,False,True,False,871.1999999999999,352.0
6,0570,4,2007,2007-03-21,2.00660001039505,53.5,18.39999961853028,3.0,42.0,33,62448,42,231.1,False,True,False,871.1999999999999,739.0
6,0571,2,1993,1993-02-02,0.9148999989032744,202.83,16.600000381469727,0.0,37.0,44,28293,28,259.0,False,True,False,916.9,0.0
6,0571,2,1995,1995-04-04,0.9351999998092652,190.45,17.899999618530273,0.0,15.0,42,32215,30,259.0,False,True,False,916.9,791.0
6,0571,2,1997,1997-02-27,1.0585000097751618,179.38,18.100000381469727,0.0,24.0,39,36196,32,259.0,False,True,False,916.9,695.0
6,0571,2,1998,1998-02-11,1.0379000067710875,165.63,16.5,0.0,18.0,46,38479,33,259.0,False,True,False,916.9,349.0
6,0571,2,1999,1999-03-05,1.15900000333786,89.76,17.700000762939453,0.0,27.0,35,40890,34,259.0,False,True,False,916.9,387.0
6,0571,2,2000,2000-03-10,1.1979000091552736,87.16,18.299999237060547,0.0,21.0,38,43434,35,259.0,False,True,False,916.9,371.0
6,0571,3,2001,2001-02-17,1.124899995326996,169.7,18.5,0.0,39.0,38,46035,36,259.0,False,True,False,916.9,344.0
6,0571,3,2002,2002-02-12,1.153100001811981,48.04,18.39999961853028,0.0,28.0,33,48692,37,259.0,False,True,False,916.9,360.0
6,0571,3,2003,2003-03-05,1.127899992465973,162.01,18.600000381469727,0.0,23.0,39,51428,38,259.0,False,True,False,916.9,386.0
6,0571,3,2004,2004-03-25,1.2305999994277954,163.21,18.100000381469727,0.0,27.0,38,54204,39,259.0,False,True,False,916.9,386.0
6,0571,3,2005,2005-03-12,1.2765999913215635,152.14,17.700000762939453,0.0,16.0,45,57072,40,259.0,False,True,False,916.9,352.0
6,0571,4,2007,2007-03-21,1.5711999893188475,53.5,18.39999961853028,3.0,42.0,33,62448,42,259.0,False,True,False,916.9,739.0
6,1253,1,1989,1989-12-06,1.7335000038146973,1190.76,15.100000381469728,6.0,33.0,57,1701,20,96.5,False,False,False,485.1,0.0
6,1253,1,1990,1990-08-07,1.74339998960495,896.51,15.699999809265137,10.0,48.0,51,1911,21,96.5,False,False,False,485.1,244.0
6,1253,1,1991,1991-05-09,1.7229999959468842,1004.27,16.0,0.0,16.0,51,2015,22,96.5,False,False,False,485.1,275.0
6,1253,1,1992,1992-04-11,1.7552500009536742,1449.43,16.399999618530273,0.0,17.0,57,2066,23,96.5,False,False,False,485.1,338.0
6,1253,1,1993,1993-04-06,1.7748499989509583,1564.61,14.800000190734863,7.0,33.0,60,2217,24,96.5,False,False,False,485.1,360.0
6,1253,1,1994,1994-06-10,1.8415555556615195,904.9,15.399999618530272,0.0,33.0,54,2377,25,96.5,False,False,False,485.1,430.0
6,1253,1,1998,1998-05-05,2.102299988269806,2081.42,14.100000381469728,3.0,22.0,67,3116,29,96.5,False,False,False,485.1,1425.0
6,1253,1,1999,1999-10-30,2.192400026321411,1245.21,15.5,0.0,30.0,54,3328,30,96.5,False,False,False,485.1,543.0
6,1253,1,2001,2001-10-04,2.2162000060081484,1324.62,16.5,0.0,36.0,54,3791,32,96.5,False,False,False,485.1,705.0
6,1253,1,2003,2003-04-04,2.03420000076294,1471.74,16.200000762939453,0.0,15.0,59,4308,34,96.5,False,False,False,485.1,547.0
6,1253,1,2005,2005-02-25,2.1378000140190125,1841.97,16.0,0.0,11.0,60,4887,36,96.5,False,False,False,485.1,693.0
6,1253,1,2007,2007-11-06,2.3613000392913817,886.3,16.100000381469727,0.0,36.0,52,5535,38,96.5,False,False,False,485.1,984.0
6,2002,1,1989,1989-12-07,1.5106999993324282,710.55,8.5,179.0,135.0,67,5702,10,121.9,False,True,False,703.6,0.0
6,2002,1,1991,1991-05-11,1.3383000135421752,649.0,9.399999618530272,48.0,155.0,64,6929,12,121.9,False,True,False,703.6,520.0
6,2002,1,1992,1992-04-14,1.3830000042915345,745.56,9.800000190734863,139.0,109.0,66,7550,13,121.9,False,True,False,703.6,339.0
6,2002,2,1993,1993-04-05,1.4044999837875367,846.1,7.5,270.0,135.0,71,8150,14,121.9,False,True,False,703.6,356.0
6,2002,3,1994,1994-06-08,1.4363000035285949,580.17,8.800000190734863,205.0,138.0,65,8750,15,121.9,False,True,False,703.6,429.0
6,2002,4,1998,1998-05-06,1.9102000117301945,1243.39,8.100000381469727,145.0,148.0,73,10948,19,121.9,False,True,False,703.6,1428.0
6,2002,5,1999,1999-06-24,1.846399998664856,667.3,8.600000381469727,161.0,155.0,66,11491,20,121.9,False,True,False,703.6,414.0
6,2002,6,1999,1999-10-28,0.7498000025749206,667.3,8.600000381469727,161.0,155.0,66,11491,20,210.8,False,True,False,792.5,126.0
6,2002,6,2001,2001-10-04,0.7839000046253204,752.95,9.399999618530272,207.0,129.0,65,12517,22,210.8,False,True,False,792.5,707.0
6,2002,6,2003,2003-04-10,0.7495999932289124,852.3,9.800000190734863,61.0,127.0,68,13742,24,210.8,False,True,False,792.5,553.0
6,2002,6,2005,2005-04-26,0.8998999953269958,1031.46,9.199999809265137,90.0,119.0,69,14835,26,210.8,False,True,False,792.5,747.0
6,2002,6,2007,2007-11-08,0.8995999991893768,582.39,9.300000190734863,168.0,122.0,65,15907,28,210.8,False,True,False,792.5,926.0
6,2002,6,2012,2012-03-23,0.9055999994277956,828.71,9.399999618530272,144.0,134.0,65,18440,33,210.8,False,True,False,792.5,1597.0
6,2002,6,2013,2013-02-11,0.9022000074386596,410.84,9.600000381469728,146.0,134.0,63,18939,34,210.8,False,True,False,792.5,325.0
6,2004,1,1990,1990-01-29,1.4728999972343444,229.58,16.600000381469727,2.0,36.0,48,13663,15,104.2,False,True,False,810.3000000000001,0.0
6,2004,1,1991,1991-02-20,1.662000012397766,471.98,16.0,0.0,14.0,53,15415,16,104.2,False,True,False,810.3000000000001,387.0
6,2004,1,1992,1992-03-08,1.8383000016212463,486.28,16.799999237060547,0.0,14.0,55,18415,17,104.2,False,True,False,810.3000000000001,382.0
6,2004,1,1993,1993-03-15,2.1134999990463257,514.72,16.0,0.0,11.0,57,21415,18,104.2,False,True,False,810.3000000000001,372.0
6,2038,1,1989,1989-12-13,1.1398999810218813,1452.77,10.5,48.0,52.0,75,7004,18,111.8,False,True,False,373.5,0.0
6,2038,1,1991,1991-02-11,1.0589000046253203,1377.41,11.300000190734863,0.0,64.0,73,7776,20,111.8,False,True,False,373.5,425.0
6,2038,1,1992,1992-04-21,1.151699995994568,1662.3,12.199999809265137,2.0,45.0,73,8166,21,111.8,False,True,False,373.5,435.0
6,2038,1,1993,1993-03-25,1.1552999854087829,1933.62,10.5,12.0,59.0,76,8556,22,111.8,False,True,False,373.5,338.0
6,2038,1,1994,1994-06-07,1.1604999780654903,1546.8,10.699999809265137,4.0,69.0,75,8956,23,111.8,False,True,False,373.5,439.0
6,2038,3,2001,2001-07-29,1.6736000061035154,1538.08,11.199999809265137,1.0,56.0,75,11206,30,111.8,False,True,False,373.5,2609.0
6,2038,4,2003,2003-04-30,1.5241999983787538,1831.69,11.600000381469728,0.0,42.0,76,12302,32,124.5,False,True,False,386.2,640.0
6,2038,4,2005,2005-04-14,1.591799998283386,2148.87,11.300000190734863,3.0,38.0,78,13700,34,124.5,False,True,False,386.2,715.0
6,2038,4,2008,2008-05-14,1.6687000036239623,1731.85,10.699999809265137,15.0,74.0,74,15839,37,124.5,False,True,False,386.2,1126.0
6,2038,4,2010,2010-05-07,1.818500006198883,2295.09,10.300000190734863,6.0,43.0,80,17288,39,124.5,False,True,False,386.2,723.0
6,2038,5,2011,2011-04-14,0.8373999893665314,1728.18,10.199999809265137,9.0,71.0,77,17710,40,142.3,False,True,False,404.0,342.0
6,2038,5,2012,2012-04-09,0.8461000025272369,2539.7,10.600000381469728,8.0,64.0,77,18433,41,142.3,False,True,False,404.0,361.0
6,2038,5,2013,2013-02-14,0.8560999989509582,967.42,10.800000190734863,19.0,67.0,75,19155,42,142.3,False,True,False,404.0,311.0
6,2038,5,2014,2014-06-04,0.8921999990940095,1900.36,12.300000190734863,1.0,28.0,74,19876,43,142.3,False,True,False,404.0,475.0
6,2038,5,2015,2015-02-12,0.8597000062465667,1691.17,12.5,6.0,35.0,73,20596,44,142.3,False,True,False,404.0,253.0
6,2038,5,2016,2016-11-02,0.8572999894618989,2168.24,11.600000381469728,7.0,36.0,76,21315,45,142.3,False,True,False,404.0,629.0
6,2040,1,1989,1989-12-13,1.0235000014305116,1010.22,11.600000381469728,0.0,2.0,84,3347,11,139.7,False,True,False,800.1,0.0
6,2040,1,1991,1991-02-11,1.0588999927043914,926.43,11.800000190734863,0.0,0.0,82,4424,13,139.7,False,True,False,800.1,425.0
6,2040,1,1992,1992-04-20,1.1819000244140625,1257.43,13.100000381469728,0.0,0.0,83,5167,14,139.7,False,True,False,800.1,434.0
6,2040,1,1993,1993-03-25,1.4384000062942506,1318.19,12.199999809265137,0.0,0.0,82,5867,15,139.7,False,True,False,800.1,339.0
6,2040,2,1994,1994-06-06,1.2817000031471253,1120.55,12.0,0.0,0.0,83,6629,16,139.7,False,True,False,800.1,438.0
6,2040,4,1998,1998-01-21,2.01119999885559,2001.55,11.899999618530272,0.0,0.0,85,9681,20,139.7,False,True,False,800.1,1325.0
6,2041,1,1992,1992-04-20,1.4003000140190125,1529.57,13.100000381469728,0.0,34.0,71,7332,22,119.4,False,True,False,640.1,0.0
6,2041,1,1993,1993-03-25,1.419599997997284,1581.38,11.5,5.0,45.0,73,8032,23,119.4,False,True,False,640.1,339.0
6,2041,1,1994,1994-06-06,1.674300003051758,1213.82,11.600000381469728,2.0,58.0,73,8794,24,119.4,False,True,False,640.1,438.0
6,2051,1,1989,1989-12-14,0.9160000026226044,548.95,14.899999618530272,0.0,21.0,65,6543,9,127.0,False,True,False,469.9,0.0
6,2051,1,1991,1991-05-04,1.0303000032901766,626.37,15.600000381469728,0.0,6.0,61,7742,11,127.0,False,True,False,469.9,506.0
6,2051,1,1992,1992-03-19,0.9959999918937684,826.61,16.0,0.0,7.0,66,8336,12,127.0,False,True,False,469.9,320.0
6,2051,1,1993,1993-03-24,1.0396000027656551,965.27,14.800000190734863,0.0,20.0,67,9336,13,127.0,False,True,False,469.9,370.0
6,2051,1,1994,1994-06-03,1.0092999994754792,707.03,15.0,0.0,15.0,64,10336,14,127.0,False,True,False,469.9,436.0
6,2053,1,1989,1989-12-15,1.3188000082969666,385.51,13.199999809265137,0.0,1.0,81,4630,17,104.1,False,True,True,667.9,0.0
6,2053,1,1991,1991-05-03,1.396999990940094,471.44,13.100000381469728,0.0,0.0,82,5740,19,104.1,False,True,True,667.9,504.0
6,2053,1,1992,1992-03-17,1.3497000098228455,510.71,14.300000190734863,0.0,0.0,82,6108,20,104.1,False,True,True,667.9,319.0
6,2053,1,1994,1994-06-03,1.40900000333786,563.23,13.0,0.0,0.0,82,6897,22,104.1,False,True,True,667.9,808.0
6,2053,1,1997,1997-04-15,1.463800013065338,611.99,14.300000190734863,0.0,0.0,82,8257,25,104.1,False,True,True,667.9,1047.0
6,2053,1,1998,1998-02-27,1.4497999906539918,949.48,13.300000190734863,0.0,0.0,83,8773,26,104.1,False,True,True,667.9,318.0
6,2053,1,1999,1999-11-02,1.5883000016212463,559.14,12.5,0.0,0.0,83,9332,27,104.1,False,True,True,667.9,613.0
6,2053,2,2001,2001-11-26,1.6894999980926513,779.41,13.0,0.0,0.0,84,10727,29,104.1,False,True,True,667.9,755.0
6,2053,2,2003,2003-04-03,1.5835999965667724,564.7,13.600000381469728,0.0,0.0,83,11943,31,104.1,False,True,True,667.9,493.0
6,2053,2,2004,2004-08-06,1.6982000112533568,622.15,13.5,0.0,0.0,83,12607,32,104.1,False,True,True,667.9,491.0
6,2647,1,1989,1989-12-16,0.8938999950885773,646.87,15.899999618530272,6.0,23.0,53,5155,14,96.5,False,True,False,543.5,0.0
6,2647,1,1991,1991-05-02,0.9595999956130982,884.53,16.200000762939453,0.0,7.0,51,5775,16,96.5,False,True,False,543.5,502.0
6,2647,1,1992,1992-03-16,0.9179999947547912,965.67,16.899999618530273,0.0,11.0,54,6044,17,96.5,False,True,False,543.5,319.0
6,2647,1,1993,1993-03-22,0.9437000095844268,1007.34,15.800000190734863,0.0,10.0,56,6474,18,96.5,False,True,False,543.5,371.0
6,2647,1,1994,1994-06-13,0.8843999981880188,806.49,16.0,0.0,15.0,52,7004,19,96.5,False,True,False,543.5,448.0
6,2647,1,1997,1997-04-14,0.9519999980926516,915.56,16.799999237060547,0.0,12.0,54,8512,22,96.5,False,True,False,543.5,1036.0
6,2647,1,1998,1998-09-23,1.107699990272522,1642.04,14.600000381469728,2.0,15.0,64,8914,23,96.5,False,True,False,543.5,527.0
6,2647,1,1999,1999-11-02,1.249300014972687,860.46,15.899999618530272,0.0,14.0,53,9388,24,96.5,False,True,False,543.5,405.0
6,2647,1,2001,2001-12-04,1.4740000128746034,1169.38,16.700000762939453,0.0,21.0,52,10419,26,96.5,False,True,False,543.5,763.0
6,2647,1,2002,2002-11-21,1.6300000071525576,903.63,16.399999618530273,0.0,20.0,53,11017,27,96.5,False,True,False,543.5,352.0
6,2647,1,2004,2004-11-04,1.85770001411438,997.38,16.600000381469727,0.0,9.0,54,12298,29,96.5,False,True,False,543.5,714.0
6,2647,1,2007,2007-03-09,2.2462000250816345,654.39,16.299999237060547,0.0,23.0,51,14508,32,96.5,False,True,False,543.5,855.0
6,6044,1,1989,1989-12-04,0.8490999937057495,867.09,16.200000762939453,5.0,22.0,54,32725,43,203.2,False,False,False,530.8,0.0
6,6044,1,1991,1991-05-01,0.8817000031471253,928.34,16.700000762939453,0.0,2.0,51,34825,45,203.2,False,False,False,530.8,513.0
6,6044,1,1992,1992-03-21,0.8753999948501587,1130.86,17.299999237060547,0.0,10.0,56,35365,46,203.2,False,False,False,530.8,325.0
6,6044,1,1993,1993-04-16,0.8842000007629394,1341.54,15.800000190734863,1.0,16.0,60,35905,47,203.2,False,False,False,530.8,391.0
6,6044,1,1994,1994-06-01,0.9077000021934508,990.23,16.299999237060547,0.0,15.0,53,36252,48,203.2,False,False,False,530.8,411.0
6,6044,1,1997,1997-04-16,0.9587000012397766,1125.63,17.100000381469727,0.0,16.0,56,37297,51,203.2,False,False,False,530.8,1050.0
6,7452,1,1989,1989-12-14,1.3670000076293944,816.86,14.0,3.0,21.0,64,2957,18,99.1,False,True,False,518.2,0.0
6,7452,1,1991,1991-05-04,1.407099997997284,885.44,14.800000190734863,0.0,6.0,60,3643,20,99.1,False,True,False,518.2,506.0
6,7452,1,1992,1992-03-20,1.35660001039505,1256.65,15.300000190734863,0.0,4.0,64,3736,21,99.1,False,True,False,518.2,321.0
6,7452,1,1993,1993-03-24,1.4722000002861022,1318.43,14.0,0.0,11.0,66,3944,22,99.1,False,True,False,518.2,369.0
6,7452,1,1994,1994-06-06,1.4666999936103822,875.23,14.100000381469728,0.0,17.0,64,4158,23,99.1,False,True,False,518.2,439.0
6,7452,1,1998,1998-01-21,1.575600004196167,1830.4,13.5,1.0,13.0,71,4972,27,99.1,False,True,False,518.2,1325.0
6,7452,2,1999,1999-09-29,0.7644999980926515,1051.71,14.0,0.0,20.0,64,5287,28,200.7,False,True,False,619.8,616.0
6,7452,2,2001,2001-10-08,0.7803000032901763,1299.29,14.600000381469728,0.0,17.0,65,5874,30,200.7,False,True,False,619.8,740.0
6,7452,2,2003,2003-04-07,0.7928000032901763,1278.6,14.600000381469728,0.0,3.0,68,6471,32,200.7,False,True,False,619.8,546.0
6,7452,2,2005,2005-04-12,0.8465000033378601,1435.8,14.399999618530272,0.0,2.0,69,7191,34,200.7,False,True,False,619.8,736.0
6,7452,2,2009,2009-12-02,1.1313999891281128,927.21,14.5,0.0,15.0,64,8767,38,200.7,False,True,False,619.8,1695.0
6,7452,2,2010,2010-05-06,1.3470000267028808,1682.29,13.399999618530272,0.0,10.0,71,9095,39,200.7,False,True,False,619.8,155.0
6,7452,3,2011,2011-04-13,0.9120000064373016,984.24,13.5,0.0,15.0,67,9409,40,185.4,False,True,False,604.5,342.0
6,7452,3,2013,2013-02-12,0.9268999993801116,311.35,14.699999809265137,0.0,22.0,60,9979,42,185.4,False,True,False,604.5,671.0
6,7452,3,2014,2014-06-03,1.0014999866485597,1099.71,15.699999809265137,0.0,7.0,64,10266,43,185.4,False,True,False,604.5,476.0
6,7452,3,2015,2015-02-11,0.9185999929904938,602.62,15.600000381469728,0.0,9.0,64,10602,44,185.4,False,True,False,604.5,253.0
6,7452,3,2020,2020-02-18,1.06839998960495,408.74,15.699999809265137,0.0,4.0,60,12432,49,185.4,False,True,False,604.5,1833.0
6,7454,1,1989,1989-12-16,1.7365000367164611,646.87,15.899999618530272,6.0,23.0,53,1549,18,104.1,False,False,False,515.6,0.0
6,7454,1,1991,1991-05-02,1.7102999687194824,884.53,16.200000762939453,0.0,7.0,51,1802,20,104.1,False,False,False,515.6,502.0
6,7454,1,1992,1992-03-17,1.6967999935150146,965.67,16.899999618530273,0.0,11.0,54,1862,21,104.1,False,False,False,515.6,320.0
6,7454,1,1993,1993-03-22,1.8411999940872192,1007.34,15.800000190734863,0.0,10.0,56,1952,22,104.1,False,False,False,515.6,370.0
6,7454,1,1994,1994-06-13,1.933399999141693,806.49,16.0,0.0,15.0,52,2044,23,104.1,False,False,False,515.6,448.0
6,7454,1,1997,1997-04-14,1.7532999992370604,915.56,16.799999237060547,0.0,12.0,54,2297,26,104.1,False,False,False,515.6,1036.0
6,7454,1,1998,1998-12-15,1.8020000219345087,1642.04,14.600000381469728,2.0,15.0,64,2381,27,104.1,False,False,False,515.6,610.0
6,7454,1,1999,1999-09-17,1.733799970149994,860.46,15.899999618530272,0.0,14.0,53,2477,28,104.1,False,False,False,515.6,276.0
6,7454,2,2001,2001-12-04,2.1323999881744387,1169.38,16.700000762939453,0.0,21.0,52,2670,30,149.8,False,False,False,561.3,809.0
6,7454,2,2002,2002-07-26,2.2522499918937684,903.63,16.399999618530273,0.0,20.0,53,2768,31,149.8,False,False,False,561.3,234.0
6,7454,2,2004,2004-11-04,2.505299997329712,997.38,16.600000381469727,0.0,9.0,54,2967,33,149.8,False,False,False,561.3,832.0
6,7454,2,2010,2010-12-15,2.2811999797821043,1597.3,15.100000381469728,1.0,16.0,61,3588,39,149.8,False,False,False,561.3,2232.0
6,7454,2,2012,2012-03-20,2.3388999938964843,1268.23,16.600000381469727,0.0,15.0,52,3803,41,149.8,False,False,False,561.3,461.0
6,7454,2,2013,2013-01-31,2.25369999408722,283.13,16.799999237060547,1.0,22.0,49,3912,42,149.8,False,False,False,561.3,317.0
6,7454,2,2014,2014-03-25,2.286600017547608,858.66,17.899999618530273,0.0,6.0,50,4023,43,149.8,False,False,False,561.3,418.0
6,7454,2,2015,2015-01-29,2.2296999931335453,599.69,17.5,0.0,13.0,53,4135,44,149.8,False,False,False,561.3,310.0
6,7491,1,1990,1990-01-24,1.576900017261505,152.13,19.39999961853028,5.0,40.0,32,19059,24,109.2,False,True,False,231.1,0.0
6,7491,1,1991,1991-03-13,1.7745999932289125,224.38,19.200000762939453,0.0,12.0,34,20627,25,109.2,False,True,False,231.1,413.0
6,7491,1,1992,1992-02-16,1.987600004673004,300.61,19.600000381469727,0.0,28.0,39,21842,26,109.2,False,True,False,231.1,340.0
6,7491,1,1993,1993-02-03,2.282299995422364,382.65,18.89999961853028,0.0,20.0,38,23057,27,109.2,False,True,False,231.1,353.0
6,7491,1,1995,1995-04-27,2.944599986076355,174.14,20.299999237060547,0.0,10.0,34,25238,29,109.2,False,True,False,231.1,813.0
6,7491,1,1997,1997-02-28,3.208199977874756,225.38,20.200000762939453,0.0,24.0,33,27852,31,109.2,False,True,False,231.1,673.0
6,7491,2,1998,1998-04-15,0.7512000024318695,244.13,18.89999961853028,0.0,18.0,38,29149,32,180.3,False,True,False,302.2,411.0
6,7491,2,1999,1999-03-04,0.7992999970912933,105.15,20.200000762939453,0.0,5.0,28,31496,33,180.3,False,True,False,302.2,323.0
6,7491,2,2000,2000-03-16,0.7979999959468842,90.69,20.700000762939453,0.0,10.0,30,33843,34,180.3,False,True,False,302.2,378.0
6,7491,2,2002,2002-02-11,0.836599987745285,41.44,20.700000762939453,0.0,19.0,25,39101,36,180.3,False,True,False,302.2,697.0
6,7491,2,2004,2004-03-24,0.8589999973773956,301.31,20.100000381469727,0.0,17.0,34,44671,38,180.3,False,True,False,302.2,772.0
6,7491,2,2007,2007-03-16,0.909799998998642,193.42,20.39999961853028,2.0,28.0,29,53460,41,180.3,False,True,False,302.2,1087.0
6,7491,2,2010,2010-12-09,1.0154999911785123,327.94,19.700000762939453,1.0,9.0,36,64880,44,180.3,False,True,False,302.2,1364.0
6,7491,3,2012,2012-03-07,1.018800014257431,158.17,21.0,0.0,8.0,29,73826,46,180.3,False,True,False,302.2,454.0
6,7491,3,2013,2013-01-15,1.0429000079631805,312.51,20.0,2.0,26.0,32,78753,47,180.3,False,True,False,302.2,314.0
6,7491,4,2014,2014-03-12,0.8673000097274781,234.98,21.299999237060547,0.0,6.0,30,84010,48,208.2,False,True,False,330.1,421.0
6,7491,4,2015,2015-01-13,0.5007000029087066,160.91,21.100000381469727,0.0,17.0,33,89619,49,208.2,False,True,False,330.1,307.0
6,7491,4,2017,2017-02-07,0.5087999939918518,271.14,21.600000381469727,0.0,7.0,31,101989,51,208.2,False,True,False,330.1,756.0
6,8149,1,1990,1990-01-23,0.8643999934196472,103.68,17.799999237060547,16.0,51.0,33,36849,20,134.6,False,True,False,261.6,0.0
6,8149,1,1991,1991-03-13,0.9293999910354612,179.26,17.600000381469727,0.0,29.0,36,38916,21,134.6,False,True,False,261.6,414.0
6,8149,1,1992,1992-02-16,1.0935000002384183,280.64,17.899999618530273,0.0,39.0,41,40846,22,134.6,False,True,False,261.6,340.0
6,8149,2,1993,1993-02-02,0.731500005722046,383.43,17.200000762939453,0.0,28.0,40,42722,23,134.7,False,True,False,261.7,352.0
6,8149,2,1995,1995-04-27,0.6546000063419342,189.86,18.5,0.0,21.0,37,46644,25,134.7,False,True,False,261.7,814.0
6,8149,2,1997,1997-02-28,0.6539999902248383,284.34,18.700000762939453,0.0,30.0,34,50625,27,134.7,False,True,False,261.7,673.0
6,8149,2,1998,1998-02-10,0.6558000028133393,188.21,17.200000762939453,0.0,27.0,40,52908,28,134.7,False,True,False,261.7,347.0
6,8149,2,1999,1999-02-26,0.6800000011920929,108.49,18.5,0.0,9.0,30,55319,29,134.7,False,True,False,261.7,381.0
6,8149,2,2000,2000-03-16,0.684799998998642,94.68,19.100000381469727,0.0,17.0,32,57863,30,134.7,False,True,False,261.7,384.0
6,8149,2,2002,2002-02-11,0.7060000002384186,35.9,19.200000762939453,0.0,31.0,27,63121,32,134.7,False,True,False,261.7,697.0
6,8149,2,2004,2004-03-24,0.8155999958515168,302.35,18.600000381469727,0.0,22.0,35,68633,34,134.7,False,True,False,261.7,772.0
6,8149,2,2007,2007-03-16,1.024899995326996,110.48,19.0,4.0,33.0,29,76868,37,134.7,False,True,False,261.7,1087.0
6,8149,3,2009,2009-11-03,0.993499994277954,138.24,18.700000762939453,0.0,27.0,31,81780,39,139.8,False,True,False,266.8,963.0
6,8149,4,2012,2012-03-07,1.227999997138977,161.7,19.5,0.0,16.0,30,88863,42,139.8,False,True,False,266.8,855.0
6,8149,4,2013,2013-01-15,1.2678000032901764,194.65,18.700000762939453,6.0,33.0,32,91287,43,139.8,False,True,False,266.8,314.0
6,8149,5,2014,2014-03-13,0.960800004005432,161.38,20.0,0.0,8.0,30,94003,44,195.5,False,True,False,322.5,422.0
6,8149,5,2015,2015-01-13,0.59099999666214,150.78,19.600000381469727,0.0,20.0,34,96739,45,195.5,False,True,False,322.5,306.0
6,8149,5,2017,2017-02-07,0.6307999908924102,308.93,20.0,0.0,11.0,33,102306,47,195.5,False,True,False,322.5,756.0
6,8150,1,1990,1990-01-29,0.6786000072956084,173.73,17.899999618530273,0.0,25.0,45,1421,7,111.8,False,True,False,467.4,0.0
6,8150,1,1991,1991-02-18,0.6097000002861023,413.09,17.200000762939453,0.0,3.0,50,1646,8,111.8,False,True,False,467.4,385.0
6,8150,1,1992,1992-03-12,0.659799998998642,533.63,17.899999618530273,0.0,5.0,54,1842,9,111.8,False,True,False,467.4,388.0
6,8150,1,1993,1993-03-17,0.7409000039100646,550.88,17.0,0.0,6.0,56,2358,10,111.8,False,True,False,467.4,370.0
6,8150,1,1995,1995-04-03,0.89410001039505,613.49,18.0,0.0,1.0,55,3675,12,111.8,False,True,False,467.4,747.0
6,8150,1,1997,1997-02-26,0.9901000082492828,295.0,18.299999237060547,0.0,5.0,52,5284,14,111.8,False,True,False,467.4,695.0
6,8150,2,1998,1998-02-24,1.001799988746643,546.81,16.5,0.0,8.0,60,6430,15,111.8,False,True,False,467.4,363.0
6,8150,2,1999,1999-03-08,0.99510001540184,184.76,17.799999237060547,0.0,3.0,47,7486,16,111.8,False,True,False,467.4,377.0
6,8150,3,1999,1999-11-06,1.604700005054474,184.76,17.799999237060547,0.0,3.0,47,7486,16,137.2,False,True,False,492.8,243.0
6,8150,3,2001,2001-02-16,1.565399980545044,403.05,18.100000381469727,0.0,9.0,52,9756,18,137.2,False,True,False,492.8,468.0
6,8150,3,2002,2002-03-22,1.5788999915122988,179.4,18.0,0.0,5.0,47,10947,19,137.2,False,True,False,492.8,399.0
6,8150,3,2004,2004-03-26,1.5614999771118163,409.81,18.100000381469727,0.0,4.0,51,13920,21,137.2,False,True,False,492.8,735.0
6,8150,3,2007,2007-03-14,1.5984000086784362,172.49,18.299999237060547,0.0,9.0,45,20246,24,137.2,False,True,False,492.8,1083.0
6,8150,3,2009,2009-11-16,1.6289999961853026,239.86,18.200000762939453,0.0,5.0,48,23811,26,137.2,False,True,False,492.8,978.0
6,8150,4,2011,2011-03-16,1.6778000235557555,342.67,17.100000381469727,0.0,10.0,51,27106,28,137.2,False,True,False,492.8,485.0
6,8150,5,2012,2012-03-15,0.9657999932765962,239.8,18.700000762939453,0.0,3.0,46,28445,29,190.5,False,True,False,546.1,365.0
6,8150,5,2013,2013-01-28,0.9827999770641328,215.92,18.299999237060547,0.0,11.0,45,30076,30,190.5,False,True,False,546.1,319.0
6,8150,6,2014,2014-03-20,1.049199992418289,261.84,19.700000762939453,0.0,2.0,46,31808,31,215.9,False,True,False,571.5,416.0
6,8150,6,2015,2015-01-21,1.0512999951839448,317.99,19.200000762939453,0.0,5.0,48,33463,32,215.9,False,True,False,571.5,307.0
6,8150,6,2017,2017-03-06,1.082799994945526,520.11,19.200000762939453,0.0,4.0,50,39580,34,215.9,False,True,False,571.5,775.0
6,8151,1,1990,1990-01-25,0.7085000097751617,67.9,20.299999237060547,2.0,35.0,31,19419,18,121.9,False,True,False,274.3,0.0
6,8151,1,1992,1992-02-15,2.569500005245209,155.47,20.39999961853028,0.0,16.0,38,23594,20,121.9,False,True,False,274.3,751.0
6,8153,1,1990,1990-01-21,1.3542999982833863,164.89,16.0,0.0,2.0,64,3517,14,104.1,False,False,False,718.8000000000001,0.0
6,8153,1,1991,1991-02-14,1.247699999809265,400.57,15.399999618530272,0.0,0.0,68,3586,15,104.1,False,False,False,718.8000000000001,389.0
6,8153,1,1992,1992-03-13,1.4342000007629396,425.36,16.5,0.0,0.0,70,3716,16,104.1,False,False,False,718.8000000000001,393.0
6,8153,1,1993,1993-03-19,1.5473999977111816,405.23,15.899999618530272,0.0,0.0,70,3781,17,104.1,False,False,False,718.8000000000001,371.0
6,8153,1,1995,1995-03-30,1.6495000243186952,645.27,15.800000190734863,0.0,0.0,73,4039,19,104.1,False,False,False,718.8000000000001,741.0
6,8153,2,1997,1997-04-10,0.7787999927997589,353.13,16.399999618530273,0.0,0.0,70,4589,21,132.0,False,False,False,746.7,742.0
6,8153,2,1998,1998-02-26,0.7588999986648559,729.09,14.899999618530272,0.0,0.0,75,4941,22,132.0,False,False,False,746.7,322.0
6,8153,2,1999,1999-11-05,0.903299993276596,265.75,15.0,0.0,0.0,69,5306,23,132.0,False,False,False,746.7,617.0
6,8153,3,2001,2001-11-21,1.194900006055832,466.24,15.300000190734863,0.0,0.0,72,6036,25,137.1,False,False,False,751.8000000000001,747.0
6,8153,3,2002,2002-11-16,1.147999995946884,273.35,15.199999809265137,0.0,0.0,70,6452,26,137.1,False,False,False,751.8000000000001,360.0
6,8153,3,2004,2004-11-20,1.5583000063896175,392.72,15.699999809265137,0.0,0.0,71,7300,28,137.1,False,False,False,751.8000000000001,735.0
6,8156,1,1990,1990-01-21,1.7182000041007996,174.2,16.799999237060547,4.0,34.0,48,2592,17,99.0,False,False,False,480.0,0.0
6,8156,1,1991,1991-02-14,1.5280999898910523,387.64,16.399999618530273,0.0,7.0,53,2780,18,99.0,False,False,False,480.0,389.0
6,8156,1,1992,1992-03-13,1.7088000297546386,492.8,17.0,0.0,8.0,57,2985,19,99.0,False,False,False,480.0,393.0
6,8156,1,1993,1993-03-19,1.761900007724762,462.45,16.100000381469727,0.0,6.0,58,3154,20,99.0,False,False,False,480.0,371.0
6,8156,1,1995,1995-03-30,1.94449999332428,574.99,16.700000762939453,0.0,2.0,60,3470,22,99.0,False,False,False,480.0,741.0
6,8156,1,1997,1997-04-09,2.216200041770935,374.43,17.0,0.0,12.0,57,3888,24,99.0,False,False,False,480.0,741.0
6,8156,1,1998,1998-12-13,2.3277000308036806,745.67,14.899999618530272,0.0,12.0,66,4045,25,99.0,False,False,False,480.0,613.0
6,8156,2,1999,1999-11-05,2.3285000324249268,253.5,16.299999237060547,0.0,11.0,53,4237,26,99.0,False,False,False,480.0,327.0
6,8156,3,2001,2001-11-21,2.555299997329712,514.19,16.799999237060547,0.0,14.0,57,4674,28,104.1,False,False,False,485.1,747.0
6,8156,3,2002,2002-11-16,2.2240999817848204,272.3,16.700000762939453,0.0,16.0,53,4949,29,104.1,False,False,False,485.1,360.0
6,8156,3,2004,2004-11-20,2.407399988174438,393.92,16.899999618530273,0.0,7.0,55,5536,31,104.1,False,False,False,485.1,735.0
6,8156,3,2007,2007-03-13,2.560800004005432,204.78,17.0,0.0,23.0,50,6518,34,104.1,False,False,False,485.1,843.0
6,8156,3,2009,2009-11-20,2.4190999984741213,303.95,16.899999618530273,0.0,11.0,53,7248,36,104.1,False,False,False,485.1,983.0
6,8156,5,2012,2012-03-18,2.602799987792969,295.75,17.299999237060547,0.0,12.0,51,8469,39,104.1,False,False,False,485.1,849.0
6,8156,6,2013,2013-01-29,2.5605000019073487,131.76,17.200000762939453,0.0,22.0,48,8913,40,104.1,False,False,False,485.1,317.0
6,8156,7,2014,2014-03-21,2.55329999923706,296.08,18.299999237060547,0.0,6.0,50,9376,41,104.1,False,False,False,485.1,416.0
6,8156,7,2015,2015-01-22,2.58510000705719,200.64,17.899999618530273,0.0,11.0,53,9860,42,104.1,False,False,False,485.1,307.0
6,8156,8,2017,2017-03-03,0.9829999923706054,400.27,17.799999237060547,0.0,11.0,54,11399,44,134.6,False,False,False,515.6,771.0
6,8201,1,1990,1990-01-22,1.3205999851226808,256.05,16.299999237060547,8.0,45.0,43,1713,20,119.4,False,True,False,419.1,0.0
6,8201,1,1991,1991-02-15,1.3103000164031982,392.68,16.200000762939453,0.0,17.0,46,1838,21,119.4,False,True,False,419.1,389.0
6,8201,1,1992,1992-03-11,1.3960999965667724,476.2,17.0,0.0,15.0,49,1980,22,119.4,False,True,False,419.1,390.0
6,8201,1,1993,1993-03-18,1.418500018119812,524.46,16.0,0.0,19.0,50,2153,23,119.4,False,True,False,419.1,372.0
6,8201,1,1995,1995-03-29,1.3686999917030334,612.34,16.799999237060547,0.0,6.0,52,2479,25,119.4,False,True,False,419.1,741.0
6,8201,1,1997,1997-04-08,1.5282999992370607,384.08,16.799999237060547,0.0,22.0,49,3122,27,119.4,False,True,False,419.1,741.0
6,8201,1,1998,1998-02-25,1.5442000031471252,876.49,14.899999618530272,0.0,17.0,59,3610,28,119.4,False,True,False,419.1,323.0
6,8201,1,1999,1999-11-05,1.6062000036239623,252.62,16.5,0.0,21.0,45,4226,29,119.4,False,True,False,419.1,618.0
6,8201,1,2001,2001-12-06,1.63639999628067,554.39,16.899999618530273,0.0,26.0,49,5497,31,119.4,False,True,False,419.1,762.0
6,8201,1,2002,2002-11-15,1.6129000067710877,382.21,16.700000762939453,0.0,24.0,46,6211,32,119.4,False,True,False,419.1,344.0
6,8201,1,2004,2004-11-18,1.6530000209808349,385.23,16.799999237060547,0.0,16.0,47,7576,34,119.4,False,True,False,419.1,734.0
6,8201,1,2005,2005-03-11,1.6701000094413758,500.08,16.899999618530273,0.0,3.0,53,8304,35,119.4,False,True,False,419.1,113.0
6,8202,1,1990,1990-01-20,1.9927999854087828,112.56,18.799999237060547,1.0,20.0,45,4392,21,129.6,False,True,False,424.2000000000001,0.0
6,8202,1,1991,1991-02-13,1.849500012397766,292.67,18.700000762939453,0.0,1.0,48,4741,22,129.6,False,True,False,424.2000000000001,389.0
6,8202,1,1992,1992-03-13,2.0548999905586243,323.2,19.5,0.0,5.0,52,4982,23,129.6,False,True,False,424.2000000000001,394.0
6,8202,1,1993,1993-03-19,2.087699997425079,311.5,18.299999237060547,0.0,4.0,54,5167,24,129.6,False,True,False,424.2000000000001,371.0
6,8202,1,1995,1995-03-29,2.257300007343292,484.4,18.89999961853028,0.0,0.0,56,6106,26,129.6,False,True,False,424.2000000000001,740.0
6,8202,1,1997,1997-04-07,2.412299990653992,285.24,19.200000762939453,0.0,7.0,52,7162,28,129.6,False,True,False,424.2000000000001,740.0
6,8202,1,1998,1998-02-26,2.3558000326156616,532.5,17.200000762939453,0.0,9.0,61,7582,29,129.6,False,True,False,424.2000000000001,325.0
6,8202,1,1999,1999-11-04,2.6328999996185303,203.09,18.39999961853028,0.0,4.0,49,8143,30,129.6,False,True,False,424.2000000000001,616.0
6,8202,2,2001,2001-12-05,2.532999968528748,377.28,19.39999961853028,0.0,6.0,51,9353,32,129.6,False,True,False,424.2000000000001,762.0
6,8202,2,2002,2002-11-18,2.4460999965667725,154.49,19.200000762939453,0.0,10.0,49,10082,33,129.6,False,True,False,424.2000000000001,348.0
6,8202,2,2004,2004-11-21,2.812599992752076,334.78,19.299999237060547,0.0,7.0,51,11532,35,129.6,False,True,False,424.2000000000001,734.0
6,8202,2,2007,2007-11-16,3.098199987411499,205.01,19.100000381469727,0.0,15.0,47,13855,38,129.6,False,True,False,424.2000000000001,1090.0
6,8534,1,1990,1990-02-02,1.38860000371933,41.41,23.299999237060547,0.0,7.0,35,8192,21,121.9,False,False,False,746.6999999999999,0.0
6,8534,1,1991,1991-03-12,1.4204000115394593,188.53,22.700000762939453,0.0,0.0,39,8670,22,121.9,False,False,False,746.6999999999999,403.0
6,8534,2,1992,1992-02-29,0.682099986076355,161.08,23.200000762939453,0.0,1.0,41,9207,23,210.8,False,False,False,835.6,354.0
6,8534,2,1993,1993-03-02,0.6909000039100647,129.8,22.600000381469727,0.0,1.0,43,9705,24,210.8,False,False,False,835.6,367.0
6,8534,2,1995,1995-04-11,0.7015999972820282,73.99,23.89999961853028,0.0,0.0,39,10785,26,210.8,False,False,False,835.6,770.0
6,8534,2,1997,1997-02-23,0.7333999931812286,182.79,23.89999961853028,0.0,0.0,38,12052,28,210.8,False,False,False,835.6,684.0
6,8534,2,1998,1998-02-12,0.7552000045776368,100.24,22.600000381469727,0.0,0.0,43,12834,29,210.8,False,False,False,835.6,354.0
6,8534,3,1999,1999-03-11,0.7953000009059906,46.35,23.700000762939453,0.0,0.0,34,13674,30,210.8,False,False,False,835.5999999999999,392.0
6,8534,3,2000,2000-08-25,0.7927000164985656,35.44,24.200000762939453,0.0,0.0,35,14463,31,210.8,False,False,False,835.5999999999999,533.0
6,8534,4,2001,2001-11-16,1.152400016784668,101.09,24.39999961853028,0.0,0.0,37,15271,32,266.7,False,False,False,891.5,448.0
6,8534,4,2002,2002-11-08,1.0979999959468842,11.48,24.0,0.0,0.0,33,16208,33,266.7,False,False,False,891.5,357.0
6,8534,4,2004,2004-12-06,1.080400013923645,143.11,23.799999237060547,0.0,0.0,37,18079,35,266.7,False,False,False,891.5,759.0
6,8534,4,2007,2007-01-26,1.388800013065338,79.71,23.89999961853028,0.0,2.0,33,21122,38,266.7,False,False,False,891.5,781.0
6,8534,5,2009,2009-11-04,1.410699999332428,33.98,24.0,0.0,0.0,35,22811,40,266.7,False,False,False,891.5,1013.0
6,8534,6,2010,2010-12-11,1.4202999949455262,134.83,23.200000762939453,0.0,0.0,40,23567,41,284.5,False,False,False,909.3,402.0
6,8534,6,2012,2012-03-09,1.336199986934662,136.29,24.600000381469727,0.0,0.0,35,25112,43,284.5,False,False,False,909.3,454.0
6,8534,6,2013,2013-01-17,1.3730000138282774,72.04,24.0,0.0,2.0,35,25838,44,284.5,False,False,False,909.3,314.0
6,8534,6,2014,2014-03-14,1.4819999933242798,29.02,25.299999237060547,0.0,0.0,33,26560,45,284.5,False,False,False,909.3,421.0
6,8534,6,2015,2015-01-15,1.4366000175476077,92.88,25.0,0.0,0.0,35,27370,46,284.5,False,False,False,909.3,307.0
6,8534,6,2020,2020-09-21,1.6317999839782713,123.86,25.0,0.0,0.0,34,32093,51,284.5,False,False,False,909.3,2076.0
6,8535,1,1990,1990-02-02,1.0158999919891358,41.41,23.299999237060547,0.0,7.0,35,13172,23,185.4,False,False,False,833.1,0.0
6,8535,2,1991,1991-03-12,0.780700010061264,188.53,22.700000762939453,0.0,0.0,39,13922,24,261.6,False,False,False,909.3,403.0
6,8535,2,1992,1992-02-29,0.7486999988555908,161.08,23.200000762939453,0.0,1.0,41,14681,25,261.6,False,False,False,909.3,354.0
6,8535,2,1993,1993-03-02,0.7652000069618226,129.8,22.600000381469727,0.0,1.0,43,15436,26,261.6,False,False,False,909.3,367.0
6,8535,2,1995,1995-04-11,0.7459999978542329,73.99,23.89999961853028,0.0,0.0,39,17065,28,261.6,False,False,False,909.3,770.0
6,8535,2,1997,1997-02-23,0.7636999964714051,182.79,23.89999961853028,0.0,0.0,38,18898,30,261.6,False,False,False,909.3,684.0
6,8535,3,1998,1998-02-12,0.7821000039577484,100.24,22.600000381469727,0.0,0.0,43,19954,31,266.70000000000005,False,False,False,914.4,354.0
6,8535,3,1999,1999-03-11,0.7817000031471253,46.35,23.700000762939453,0.0,0.0,34,21134,32,266.70000000000005,False,False,False,914.4,392.0
6,8535,3,2000,2000-08-25,0.7458999991416931,35.44,24.200000762939453,0.0,0.0,35,22448,33,266.70000000000005,False,False,False,914.4,533.0
6,8535,4,2001,2001-11-16,0.9690999984741212,101.09,24.39999961853028,0.0,0.0,37,23712,34,325.1,False,False,False,972.8,448.0
6,8535,4,2002,2002-11-08,0.9694000005722048,11.48,24.0,0.0,0.0,33,25259,35,325.1,False,False,False,972.8,357.0
6,8535,4,2004,2004-12-06,0.9673000037670136,143.11,23.799999237060547,0.0,0.0,37,27667,37,325.1,False,False,False,972.8,759.0
6,8535,4,2007,2007-01-26,0.9982000172138216,79.71,23.89999961853028,0.0,2.0,33,32057,40,325.1,False,False,False,972.8,781.0
6,8535,5,2009,2009-11-05,1.1028000116348269,33.98,24.0,0.0,0.0,35,34342,42,327.6,False,False,False,975.3,1014.0
6,8535,5,2010,2010-12-11,1.107200014591217,134.83,23.200000762939453,0.0,0.0,40,35467,43,327.6,False,False,False,975.3,401.0
6,8535,5,2012,2012-03-09,1.1401999831199645,136.29,24.600000381469727,0.0,0.0,35,37795,45,327.6,False,False,False,975.3,454.0
6,8535,5,2013,2013-01-17,1.1931000113487245,72.04,24.0,0.0,2.0,35,38719,46,327.6,False,False,False,975.3,314.0
6,8535,5,2014,2014-03-14,1.146999990940094,29.02,25.299999237060547,0.0,0.0,33,39808,47,327.6,False,False,False,975.3,421.0
6,8535,5,2015,2015-01-15,1.3089999914169312,92.88,25.0,0.0,0.0,35,40949,48,327.6,False,False,False,975.3,307.0
6,A310,2,1990,1990-08-07,1.542700004577637,896.51,15.699999809265137,10.0,48.0,51,1911,21,116.8,False,False,False,505.4,0.0
6,A310,2,1991,1991-05-09,1.5177999973297118,1004.27,16.0,0.0,16.0,51,2015,22,116.8,False,False,False,505.4,275.0
6,A310,2,1992,1992-04-13,1.539199984073639,1449.43,16.399999618530273,0.0,17.0,57,2066,23,116.8,False,False,False,505.4,340.0
6,A310,2,1993,1993-04-06,1.5187999963760377,1564.61,14.800000190734863,7.0,33.0,60,2217,24,116.8,False,False,False,505.4,358.0
6,A310,2,1994,1994-06-10,1.5636000156402587,904.9,15.399999618530272,0.0,33.0,54,2377,25,116.8,False,False,False,505.4,430.0
6,A310,2,1998,1998-05-05,1.7121000051498414,2081.42,14.100000381469728,3.0,22.0,67,3116,29,116.8,False,False,False,505.4,1425.0
6,A310,3,1999,1999-10-30,1.663699984550476,1245.21,15.5,0.0,30.0,54,3328,30,116.8,False,False,False,505.4,543.0
6,A310,3,2001,2001-10-04,1.675100028514862,1324.62,16.5,0.0,36.0,54,3791,32,116.8,False,False,False,505.4,705.0
6,A310,3,2003,2003-04-04,1.6789000034332275,1471.74,16.200000762939453,0.0,15.0,59,4308,34,116.8,False,False,False,505.4,547.0
6,A310,3,2005,2005-02-26,1.6887000083923338,1841.97,16.0,0.0,11.0,60,4887,36,116.8,False,False,False,505.4,694.0
6,A311,2,1990,1990-08-07,1.3954000115394591,896.51,15.699999809265137,10.0,48.0,51,1911,21,132.1,False,False,False,520.7,0.0
6,A311,2,1991,1991-05-09,1.4178000211715698,1004.27,16.0,0.0,16.0,51,2015,22,132.1,False,False,False,520.7,275.0
6,A311,2,1992,1992-04-13,1.3857000112533568,1449.43,16.399999618530273,0.0,17.0,57,2066,23,132.1,False,False,False,520.7,340.0
6,A311,2,1993,1993-04-06,1.3794000029563902,1564.61,14.800000190734863,7.0,33.0,60,2217,24,132.1,False,False,False,520.7,358.0
6,A311,2,1994,1994-06-10,1.3623000025749206,904.9,15.399999618530272,0.0,33.0,54,2377,25,132.1,False,False,False,520.7,430.0
6,A311,2,1998,1998-05-05,1.4580000042915344,2081.42,14.100000381469728,3.0,22.0,67,3116,29,132.1,False,False,False,520.7,1425.0
6,A311,3,1999,1999-10-30,1.410800004005432,1245.21,15.5,0.0,30.0,54,3328,30,132.1,False,False,False,520.7,543.0
6,A311,3,2001,2001-10-04,1.3718000054359436,1324.62,16.5,0.0,36.0,54,3791,32,132.1,False,False,False,520.7,705.0
6,A311,3,2003,2003-04-04,1.3746999979019163,1471.74,16.200000762939453,0.0,15.0,59,4308,34,132.1,False,False,False,520.7,547.0
6,A311,3,2005,2005-02-26,1.4099000096321106,1841.97,16.0,0.0,11.0,60,4887,36,132.1,False,False,False,520.7,694.0
6,A320,2,1990,1990-08-07,1.879899990558624,896.51,15.699999809265137,10.0,48.0,51,1911,21,99.1,False,False,False,487.7000000000001,0.0
6,A320,2,1991,1991-05-09,1.8933000206947328,1004.27,16.0,0.0,16.0,51,2015,22,99.1,False,False,False,487.7000000000001,275.0
6,A320,2,1992,1992-04-13,1.9105000257492064,1449.43,16.399999618530273,0.0,17.0,57,2066,23,99.1,False,False,False,487.7000000000001,340.0
6,A320,2,1993,1993-04-06,1.9250999808311464,1564.61,14.800000190734863,7.0,33.0,60,2217,24,99.1,False,False,False,487.7000000000001,358.0
6,A320,2,1994,1994-06-10,1.9896999955177308,904.9,15.399999618530272,0.0,33.0,54,2377,25,99.1,False,False,False,487.7000000000001,430.0
6,A320,2,1998,1998-05-05,2.112099993228912,2081.42,14.100000381469728,3.0,22.0,67,3116,29,99.1,False,False,False,487.7000000000001,1425.0
6,A320,3,1999,1999-10-30,2.3650999903678893,1245.21,15.5,0.0,30.0,54,3328,30,99.1,False,False,False,487.7000000000001,543.0
6,A320,4,2001,2001-10-04,2.2728999733924864,1324.62,16.5,0.0,36.0,54,3791,32,99.1,False,False,False,487.7000000000001,705.0
6,A320,4,2003,2003-04-04,2.2487000226974487,1471.74,16.200000762939453,0.0,15.0,59,4308,34,99.1,False,False,False,487.7000000000001,547.0
6,A320,4,2005,2005-02-26,2.256400012969971,1841.97,16.0,0.0,11.0,60,4887,36,99.1,False,False,False,487.7000000000001,694.0
6,A321,2,1990,1990-08-07,1.5543999910354611,896.51,15.699999809265137,10.0,48.0,51,1911,21,111.8,False,False,False,500.4,0.0
6,A321,2,1991,1991-05-09,1.57810001373291,1004.27,16.0,0.0,16.0,51,2015,22,111.8,False,False,False,500.4,275.0
6,A321,2,1992,1992-04-13,1.6365000009536743,1449.43,16.399999618530273,0.0,17.0,57,2066,23,111.8,False,False,False,500.4,340.0
6,A321,2,1993,1993-04-06,1.617900002002716,1564.61,14.800000190734863,7.0,33.0,60,2217,24,111.8,False,False,False,500.4,358.0
6,A321,2,1994,1994-06-10,1.6389999985694883,904.9,15.399999618530272,0.0,33.0,54,2377,25,111.8,False,False,False,500.4,430.0
6,A321,2,1998,1998-05-05,1.7539000034332275,2081.42,14.100000381469728,3.0,22.0,67,3116,29,111.8,False,False,False,500.4,1425.0
6,A321,3,1999,1999-10-30,1.9312000036239625,1245.21,15.5,0.0,30.0,54,3328,30,111.8,False,False,False,500.4,543.0
6,A321,3,2001,2001-10-04,1.91470000743866,1324.62,16.5,0.0,36.0,54,3791,32,111.8,False,False,False,500.4,705.0
6,A321,3,2003,2003-04-04,1.8659000039100648,1471.74,16.200000762939453,0.0,15.0,59,4308,34,111.8,False,False,False,500.4,547.0
6,A321,3,2005,2005-02-26,2.043299996852875,1841.97,16.0,0.0,11.0,60,4887,36,111.8,False,False,False,500.4,694.0
6,A330,1,1990,1990-08-07,1.7192999958992004,896.51,15.699999809265137,10.0,48.0,51,1911,21,96.5,False,False,False,485.1,0.0
6,A330,2,1991,1991-05-09,1.7476000070571898,1004.27,16.0,0.0,16.0,51,2015,22,96.5,False,False,False,485.1,275.0
6,A330,2,1992,1992-04-13,1.80349999666214,1449.43,16.399999618530273,0.0,17.0,57,2066,23,96.5,False,False,False,485.1,340.0
6,A330,2,1993,1993-04-06,1.7873000025749206,1564.61,14.800000190734863,7.0,33.0,60,2217,24,96.5,False,False,False,485.1,358.0
6,A330,2,1994,1994-06-10,1.8364999890327447,904.9,15.399999618530272,0.0,33.0,54,2377,25,96.5,False,False,False,485.1,430.0
6,A330,2,1998,1998-05-05,1.9069999694824216,2081.42,14.100000381469728,3.0,22.0,67,3116,29,96.5,False,False,False,485.1,1425.0
6,A330,3,1999,1999-10-30,2.0657999992370604,1245.21,15.5,0.0,30.0,54,3328,30,96.5,False,False,False,485.1,543.0
6,A330,3,2001,2001-10-04,1.9586000204086305,1324.62,16.5,0.0,36.0,54,3791,32,96.5,False,False,False,485.1,705.0
6,A330,3,2003,2003-04-04,2.0627000093460084,1471.74,16.200000762939453,0.0,15.0,59,4308,34,96.5,False,False,False,485.1,547.0
6,A330,3,2005,2005-02-26,1.995000004768372,1841.97,16.0,0.0,11.0,60,4887,36,96.5,False,False,False,485.1,694.0
6,A340,1,1990,1990-08-07,1.574399983882904,896.51,15.699999809265137,10.0,48.0,51,1911,21,99.1,False,False,False,487.7000000000001,0.0
6,A340,1,1991,1991-05-09,1.664299988746643,1004.27,16.0,0.0,16.0,51,2015,22,99.1,False,False,False,487.7000000000001,275.0
6,A340,1,1992,1992-04-13,1.6878999948501583,1449.43,16.399999618530273,0.0,17.0,57,2066,23,99.1,False,False,False,487.7000000000001,340.0
6,A340,1,1993,1993-04-06,1.699400007724762,1564.61,14.800000190734863,7.0,33.0,60,2217,24,99.1,False,False,False,487.7000000000001,358.0
6,A340,1,1994,1994-06-10,1.763499987125397,904.9,15.399999618530272,0.0,33.0,54,2377,25,99.1,False,False,False,487.7000000000001,430.0
6,A340,1,1998,1998-05-05,2.0305000066757204,2081.42,14.100000381469728,3.0,22.0,67,3116,29,99.1,False,False,False,487.7000000000001,1425.0
6,A340,2,1999,1999-10-30,2.04650000333786,1245.21,15.5,0.0,30.0,54,3328,30,99.1,False,False,False,487.7000000000001,543.0
6,A340,2,2001,2001-10-04,2.2,1324.62,16.5,0.0,36.0,54,3791,32,99.1,False,False,False,487.7000000000001,705.0
6,A340,2,2003,2003-04-04,2.137400007247925,1471.74,16.200000762939453,0.0,15.0,59,4308,34,99.1,False,False,False,487.7000000000001,547.0
6,A340,2,2005,2005-02-26,2.047100019454956,1841.97,16.0,0.0,11.0,60,4887,36,99.1,False,False,False,487.7000000000001,694.0
6,A350,2,1990,1990-08-07,1.4274999856948851,896.51,15.699999809265137,10.0,48.0,51,1911,21,106.7,False,False,False,495.3,0.0
6,A350,2,1991,1991-05-09,1.5875,1004.27,16.0,0.0,16.0,51,2015,22,106.7,False,False,False,495.3,275.0
6,A350,2,1992,1992-04-13,1.6193000078201294,1449.43,16.399999618530273,0.0,17.0,57,2066,23,106.7,False,False,False,495.3,340.0
6,A350,2,1993,1993-04-06,1.626800012588501,1564.61,14.800000190734863,7.0,33.0,60,2217,24,106.7,False,False,False,495.3,358.0
6,A350,2,1994,1994-06-10,1.6431000113487244,904.9,15.399999618530272,0.0,33.0,54,2377,25,106.7,False,False,False,495.3,430.0
6,A350,2,1998,1998-05-05,1.6836000084877014,2081.42,14.100000381469728,3.0,22.0,67,3116,29,106.7,False,False,False,495.3,1425.0
6,A350,3,1999,1999-10-30,1.7955999851226807,1245.21,15.5,0.0,30.0,54,3328,30,106.7,False,False,False,495.3,543.0
6,A350,3,2001,2001-10-04,1.7353999853134154,1324.62,16.5,0.0,36.0,54,3791,32,106.7,False,False,False,495.3,705.0
6,A350,3,2003,2003-04-04,1.7567000031471252,1471.74,16.200000762939453,0.0,15.0,59,4308,34,106.7,False,False,False,495.3,547.0
6,A350,3,2005,2005-02-26,1.7949000120162966,1841.97,16.0,0.0,11.0,60,4887,36,106.7,False,False,False,495.3,694.0
6,A351,2,1990,1990-08-07,1.692300009727478,896.51,15.699999809265137,10.0,48.0,51,1911,21,111.8,False,False,False,500.4,0.0
6,A351,2,1991,1991-05-09,1.7503999948501583,1004.27,16.0,0.0,16.0,51,2015,22,111.8,False,False,False,500.4,275.0
6,A351,2,1992,1992-04-13,1.7303000092506409,1449.43,16.399999618530273,0.0,17.0,57,2066,23,111.8,False,False,False,500.4,340.0
6,A351,2,1993,1993-04-06,1.7966000080108642,1564.61,14.800000190734863,7.0,33.0,60,2217,24,111.8,False,False,False,500.4,358.0
6,A351,2,1994,1994-06-10,1.818800020217896,904.9,15.399999618530272,0.0,33.0,54,2377,25,111.8,False,False,False,500.4,430.0
6,A351,2,1998,1998-05-05,1.9003999948501584,2081.42,14.100000381469728,3.0,22.0,67,3116,29,111.8,False,False,False,500.4,1425.0
6,A351,3,1999,1999-10-30,2.1723000049591064,1245.21,15.5,0.0,30.0,54,3328,30,111.8,False,False,False,500.4,543.0
6,A351,3,2001,2001-10-04,2.099199986457825,1324.62,16.5,0.0,36.0,54,3791,32,111.8,False,False,False,500.4,705.0
6,A351,3,2003,2003-04-04,2.078399991989136,1471.74,16.200000762939453,0.0,15.0,59,4308,34,111.8,False,False,False,500.4,547.0
6,A351,3,2005,2005-02-26,2.0728000164031983,1841.97,16.0,0.0,11.0,60,4887,36,111.8,False,False,False,500.4,694.0
6,A352,2,1990,1990-08-07,2.248799967765808,896.51,15.699999809265137,10.0,48.0,51,1911,21,116.9,False,False,False,505.5,0.0
6,A352,2,1991,1991-05-09,2.348299956321716,1004.27,16.0,0.0,16.0,51,2015,22,116.9,False,False,False,505.5,275.0
6,A352,2,1992,1992-04-13,2.131299996376037,1449.43,16.399999618530273,0.0,17.0,57,2066,23,116.9,False,False,False,505.5,340.0
6,A352,2,1993,1993-04-06,2.206499981880188,1564.61,14.800000190734863,7.0,33.0,60,2217,24,116.9,False,False,False,505.5,358.0
6,A352,2,1994,1994-06-10,2.2371000051498413,904.9,15.399999618530272,0.0,33.0,54,2377,25,116.9,False,False,False,505.5,430.0
6,A352,2,1998,1998-05-05,2.5691999912261965,2081.42,14.100000381469728,3.0,22.0,67,3116,29,116.9,False,False,False,505.5,1425.0
6,A352,3,1999,1999-10-30,2.4955999851226807,1245.21,15.5,0.0,30.0,54,3328,30,116.9,False,False,False,505.5,543.0
6,A352,3,2001,2001-10-04,2.6215999841690065,1324.62,16.5,0.0,36.0,54,3791,32,116.9,False,False,False,505.5,705.0
6,A352,3,2003,2003-04-04,2.6143999814987184,1471.74,16.200000762939453,0.0,15.0,59,4308,34,116.9,False,False,False,505.5,547.0
6,A352,3,2005,2005-02-26,2.6150999784469606,1841.97,16.0,0.0,11.0,60,4887,36,116.9,False,False,False,505.5,694.0
6,A353,2,1990,1990-08-07,1.5432000041007994,896.51,15.699999809265137,10.0,48.0,51,1911,21,114.3,False,False,False,502.9,0.0
6,A353,2,1991,1991-05-09,1.7077000021934508,1004.27,16.0,0.0,16.0,51,2015,22,114.3,False,False,False,502.9,275.0
6,A353,2,1992,1992-04-13,1.9243000030517576,1449.43,16.399999618530273,0.0,17.0,57,2066,23,114.3,False,False,False,502.9,340.0
6,A353,2,1993,1993-04-06,1.8782999992370608,1564.61,14.800000190734863,7.0,33.0,60,2217,24,114.3,False,False,False,502.9,358.0
6,A353,2,1994,1994-06-10,2.085099971294403,904.9,15.399999618530272,0.0,33.0,54,2377,25,114.3,False,False,False,502.9,430.0
6,A353,2,1998,1998-05-05,2.2401999473571776,2081.42,14.100000381469728,3.0,22.0,67,3116,29,114.3,False,False,False,502.9,1425.0
6,A353,3,1999,1999-10-30,2.064200019836426,1245.21,15.5,0.0,30.0,54,3328,30,114.3,False,False,False,502.9,543.0
6,A353,3,2001,2001-10-04,2.0588000297546385,1324.62,16.5,0.0,36.0,54,3791,32,114.3,False,False,False,502.9,705.0
6,A353,3,2003,2003-04-04,2.120899963378906,1471.74,16.200000762939453,0.0,15.0,59,4308,34,114.3,False,False,False,502.9,547.0
6,A353,3,2005,2005-02-26,2.0518999814987184,1841.97,16.0,0.0,11.0,60,4887,36,114.3,False,False,False,502.9,694.0
6,A361,2,1990,1990-08-07,1.2813000082969666,896.51,15.699999809265137,10.0,48.0,51,1911,21,139.7,False,False,False,528.3000000000001,0.0
6,A361,2,1991,1991-05-09,1.524500012397766,1004.27,16.0,0.0,16.0,51,2015,22,139.7,False,False,False,528.3000000000001,275.0
6,A361,2,1992,1992-04-13,1.2464999914169312,1449.43,16.399999618530273,0.0,17.0,57,2066,23,139.7,False,False,False,528.3000000000001,340.0
6,A361,2,1993,1993-04-06,1.27150000333786,1564.61,14.800000190734863,7.0,33.0,60,2217,24,139.7,False,False,False,528.3000000000001,358.0
6,A361,2,1994,1994-06-10,1.3062999963760376,904.9,15.399999618530272,0.0,33.0,54,2377,25,139.7,False,False,False,528.3000000000001,430.0
6,A361,2,1998,1998-05-05,1.626800000667572,2081.42,14.100000381469728,3.0,22.0,67,3116,29,139.7,False,False,False,528.3000000000001,1425.0
6,A361,3,1999,1999-10-30,1.3422000288963316,1245.21,15.5,0.0,30.0,54,3328,30,139.7,False,False,False,528.3000000000001,543.0
6,A361,3,2001,2001-10-04,1.4616999864578246,1324.62,16.5,0.0,36.0,54,3791,32,139.7,False,False,False,528.3000000000001,705.0
6,A361,3,2003,2003-04-04,1.4824999928474427,1471.74,16.200000762939453,0.0,15.0,59,4308,34,139.7,False,False,False,528.3000000000001,547.0
6,A361,3,2005,2005-02-26,1.4408999919891357,1841.97,16.0,0.0,11.0,60,4887,36,139.7,False,False,False,528.3000000000001,694.0
6,A362,2,1990,1990-08-07,1.230999994277954,896.51,15.699999809265137,10.0,48.0,51,1911,21,132.1,False,False,False,520.7,0.0
6,A362,2,1991,1991-05-09,1.4585999965667726,1004.27,16.0,0.0,16.0,51,2015,22,132.1,False,False,False,520.7,275.0
6,A362,2,1992,1992-04-13,1.1658000111579896,1449.43,16.399999618530273,0.0,17.0,57,2066,23,132.1,False,False,False,520.7,340.0
6,A362,2,1993,1993-04-06,1.2991000056266784,1564.61,14.800000190734863,7.0,33.0,60,2217,24,132.1,False,False,False,520.7,358.0
6,A362,2,1994,1994-06-10,1.3978000044822694,904.9,15.399999618530272,0.0,33.0,54,2377,25,132.1,False,False,False,520.7,430.0
6,A362,2,1998,1998-05-05,1.5956000089645386,2081.42,14.100000381469728,3.0,22.0,67,3116,29,132.1,False,False,False,520.7,1425.0
6,A362,3,1999,1999-10-30,1.39889999628067,1245.21,15.5,0.0,30.0,54,3328,30,132.1,False,False,False,520.7,543.0
6,A362,3,2001,2001-10-04,1.5112000107765198,1324.62,16.5,0.0,36.0,54,3791,32,132.1,False,False,False,520.7,705.0
6,A362,3,2003,2003-04-04,1.5437000036239623,1471.74,16.200000762939453,0.0,15.0,59,4308,34,132.1,False,False,False,520.7,547.0
6,A362,3,2005,2005-02-26,1.6466999888420104,1841.97,16.0,0.0,11.0,60,4887,36,132.1,False,False,False,520.7,694.0
6,A363,2,1990,1990-08-07,1.3620000034570694,896.51,15.699999809265137,10.0,48.0,51,1911,21,114.3,False,False,False,502.9,0.0
6,A363,2,1991,1991-05-09,1.4793999910354614,1004.27,16.0,0.0,16.0,51,2015,22,114.3,False,False,False,502.9,275.0
6,A363,2,1992,1992-04-13,1.4303999900817872,1449.43,16.399999618530273,0.0,17.0,57,2066,23,114.3,False,False,False,502.9,340.0
6,A363,2,1993,1993-04-06,1.4942999958992005,1564.61,14.800000190734863,7.0,33.0,60,2217,24,114.3,False,False,False,502.9,358.0
6,A363,2,1994,1994-06-10,1.4726999998092651,904.9,15.399999618530272,0.0,33.0,54,2377,25,114.3,False,False,False,502.9,430.0
6,A363,2,1998,1998-05-05,1.5827999830245971,2081.42,14.100000381469728,3.0,22.0,67,3116,29,114.3,False,False,False,502.9,1425.0
6,A363,3,1999,1999-10-30,1.6121000170707702,1245.21,15.5,0.0,30.0,54,3328,30,114.3,False,False,False,502.9,543.0
6,A363,3,2001,2001-10-04,1.6353000044822692,1324.62,16.5,0.0,36.0,54,3791,32,114.3,False,False,False,502.9,705.0
6,A363,3,2003,2003-04-04,1.6422999978065491,1471.74,16.200000762939453,0.0,15.0,59,4308,34,114.3,False,False,False,502.9,547.0
6,A363,3,2005,2005-02-26,1.7175999999046323,1841.97,16.0,0.0,11.0,60,4887,36,114.3,False,False,False,502.9,694.0
8,0501,2,1992,1992-11-04,0.7641000092029571,816.94,11.0,160.0,126.0,55,10085,19,210.8,False,True,False,314.9,0.0
8,0501,2,1993,1993-11-01,0.8365000069141388,883.45,10.0,263.0,140.0,56,10951,20,210.8,False,True,False,314.9,362.0
8,0501,2,1994,1994-10-31,0.8782999992370606,591.92,11.800000190734863,156.0,133.0,51,11840,21,210.8,False,True,False,314.9,364.0
8,0501,2,1995,1995-10-20,0.9339000046253204,628.28,10.899999618530272,170.0,115.0,54,12667,22,210.8,False,True,False,314.9,354.0
8,0501,3,1997,1997-11-07,1.4404999971389771,632.95,10.699999809265137,266.0,120.0,55,13827,24,210.8,False,True,False,314.9,749.0
8,0501,3,1998,1998-08-11,1.3438999891281127,648.52,11.5,150.0,124.0,54,14574,25,210.8,False,True,False,314.9,277.0
8,0501,3,1999,1999-07-22,1.1856000065803527,595.29,11.699999809265137,65.0,132.0,52,16140,26,210.8,False,True,False,314.9,345.0
8,0501,3,2000,2000-04-24,1.4911999940872191,407.73,11.800000190734863,166.0,129.0,50,17715,27,210.8,False,True,False,314.9,277.0
8,0502,1,1991,1991-05-28,1.490399992465973,642.27,11.100000381469728,194.0,131.0,53,9126,18,137.2,False,True,False,200.7,0.0
8,0502,2,1991,1991-11-13,0.9366000115871428,642.27,11.100000381469728,194.0,131.0,53,9126,18,236.2,False,True,False,299.7,169.0
8,0502,2,1992,1992-11-04,0.8962999939918519,816.94,11.0,160.0,126.0,55,10085,19,236.2,False,True,False,299.7,357.0
8,0502,2,1993,1993-11-01,0.9199999928474426,883.45,10.0,263.0,140.0,56,10951,20,236.2,False,True,False,299.7,362.0
8,0502,2,1994,1994-10-31,0.9058999955654145,591.92,11.800000190734863,156.0,133.0,51,11840,21,236.2,False,True,False,299.7,364.0
8,0502,2,1995,1995-10-20,0.9397000074386596,628.28,10.899999618530272,170.0,115.0,54,12667,22,236.2,False,True,False,299.7,354.0
8,0502,3,1997,1997-11-07,1.1039999961853026,632.95,10.699999809265137,266.0,120.0,55,13827,24,236.2,False,True,False,299.7,749.0
8,0502,3,1998,1998-08-11,1.1612000107765197,648.52,11.5,150.0,124.0,54,14574,25,236.2,False,True,False,299.7,277.0
8,0502,3,1999,1999-07-22,1.247000014781952,595.29,11.699999809265137,65.0,132.0,52,16140,26,236.2,False,True,False,299.7,345.0
8,0502,3,2000,2000-04-24,1.323199999332428,407.73,11.800000190734863,166.0,129.0,50,17715,27,236.2,False,True,False,299.7,277.0
8,0503,1,1991,1991-05-28,1.7448999881744385,642.27,11.100000381469728,194.0,131.0,53,9126,18,132.1,False,True,False,195.6,0.0
8,0503,2,1991,1991-11-13,0.7762000083923339,642.27,11.100000381469728,194.0,131.0,53,9126,18,274.29999999999995,False,True,False,337.79999999999995,169.0
8,0503,2,1992,1992-11-04,0.7936000049114227,816.94,11.0,160.0,126.0,55,10085,19,274.29999999999995,False,True,False,337.79999999999995,357.0
8,0503,2,1993,1993-11-01,0.769599997997284,883.45,10.0,263.0,140.0,56,10951,20,274.29999999999995,False,True,False,337.79999999999995,362.0
8,0503,2,1994,1994-10-31,0.7797999978065491,591.92,11.800000190734863,156.0,133.0,51,11840,21,274.29999999999995,False,True,False,337.79999999999995,364.0
8,0503,2,1995,1995-10-20,0.7806000053882598,628.28,10.899999618530272,170.0,115.0,54,12667,22,274.29999999999995,False,True,False,337.79999999999995,354.0
8,0503,3,1997,1997-11-07,0.8187000036239624,632.95,10.699999809265137,266.0,120.0,55,13827,24,274.3,False,True,False,337.8,749.0
8,0503,3,1998,1998-08-11,0.8159000039100647,648.52,11.5,150.0,124.0,54,14574,25,274.3,False,True,False,337.8,277.0
8,0503,4,1999,1999-07-22,0.8177999973297119,595.29,11.699999809265137,65.0,132.0,52,16140,26,274.3,False,True,False,337.8,345.0
8,0503,4,2000,2000-04-24,0.8282999992370605,407.73,11.800000190734863,166.0,129.0,50,17715,27,274.3,False,True,False,337.8,277.0
8,0504,1,1991,1991-05-28,1.51010000705719,642.27,11.100000381469728,194.0,131.0,53,9126,18,104.1,False,True,False,162.5,0.0
8,0504,2,1991,1991-11-13,0.8282499983906746,642.27,11.100000381469728,194.0,131.0,53,9126,18,251.3,False,True,False,309.7,169.0
8,0504,2,1992,1992-11-04,0.830400002002716,816.94,11.0,160.0,126.0,55,10085,19,251.3,False,True,False,309.7,357.0
8,0504,2,1993,1993-11-01,0.8363999962806701,883.45,10.0,263.0,140.0,56,10951,20,251.3,False,True,False,309.7,362.0
8,0504,2,1994,1994-10-31,0.8231000006198883,591.92,11.800000190734863,156.0,133.0,51,11840,21,251.3,False,True,False,309.7,364.0
8,0504,2,1995,1995-10-20,0.8462999999523162,628.28,10.899999618530272,170.0,115.0,54,12667,22,251.3,False,True,False,309.7,354.0
8,0504,3,1997,1997-11-07,0.9294000029563904,632.95,10.699999809265137,266.0,120.0,55,13827,24,251.3,False,True,False,309.7,749.0
8,0504,3,1998,1998-08-11,0.98539999127388,648.52,11.5,150.0,124.0,54,14574,25,251.3,False,True,False,309.7,277.0
8,0504,4,1999,1999-07-22,0.9156000018119812,595.29,11.699999809265137,65.0,132.0,52,16140,26,251.3,False,True,False,309.7,345.0
8,0504,4,2000,2000-04-24,0.9593999981880188,407.73,11.800000190734863,166.0,129.0,50,17715,27,251.3,False,True,False,309.7,277.0
8,0505,1,1991,1991-05-28,1.3845999836921692,642.27,11.100000381469728,194.0,131.0,53,9126,18,165.1,False,True,False,241.3,0.0
8,0505,2,1991,1991-11-13,0.7758333384990692,642.27,11.100000381469728,194.0,131.0,53,9126,18,248.9,False,True,False,325.1,169.0
8,0505,2,1992,1992-11-04,0.7412000000476837,816.94,11.0,160.0,126.0,55,10085,19,248.9,False,True,False,325.1,357.0
8,0505,2,1993,1993-11-01,0.6907999873161317,883.45,10.0,263.0,140.0,56,10951,20,248.9,False,True,False,325.1,362.0
8,0505,2,1994,1994-10-31,0.7251000046730042,591.92,11.800000190734863,156.0,133.0,51,11840,21,248.9,False,True,False,325.1,364.0
8,0505,2,1995,1995-10-20,0.7524999916553496,628.28,10.899999618530272,170.0,115.0,54,12667,22,248.9,False,True,False,325.1,354.0
8,0505,3,1997,1997-11-07,1.069300013780594,632.95,10.699999809265137,266.0,120.0,55,13827,24,248.9,False,True,False,325.1,749.0
8,0505,3,1998,1998-08-11,1.0206999897956848,648.52,11.5,150.0,124.0,54,14574,25,248.9,False,True,False,325.1,277.0
8,0505,4,1999,1999-07-22,0.8509999990463257,595.29,11.699999809265137,65.0,132.0,52,16140,26,248.9,False,True,False,325.1,345.0
8,0505,4,2000,2000-04-24,1.0491000175476075,407.73,11.800000190734863,166.0,129.0,50,17715,27,248.9,False,True,False,325.1,277.0
8,0507,2,1992,1992-11-04,0.74789999127388,816.94,11.0,160.0,126.0,55,10085,19,271.7,False,True,False,297.1,0.0
8,0507,2,1993,1993-11-01,0.7819000065326691,883.45,10.0,263.0,140.0,56,10951,20,271.7,False,True,False,297.1,362.0
8,0507,2,1994,1994-10-31,0.8095000028610229,591.92,11.800000190734863,156.0,133.0,51,11840,21,271.7,False,True,False,297.1,364.0
8,0507,2,1995,1995-10-20,0.8563000023365022,628.28,10.899999618530272,170.0,115.0,54,12667,22,271.7,False,True,False,297.1,354.0
8,0507,3,1997,1997-11-07,1.4993000030517578,632.95,10.699999809265137,266.0,120.0,55,13827,24,271.7,False,True,False,297.1,749.0
8,0507,3,1998,1998-08-11,1.4324000000953674,648.52,11.5,150.0,124.0,54,14574,25,271.7,False,True,False,297.1,277.0
8,0507,4,1999,1999-07-22,1.1470999836921691,595.29,11.699999809265137,65.0,132.0,52,16140,26,271.7,False,True,False,297.1,345.0
8,0507,4,2000,2000-04-24,1.1572999954223633,407.73,11.800000190734863,166.0,129.0,50,17715,27,271.7,False,True,False,297.1,277.0
8,0508,1,1991,1991-05-28,1.8621000051498413,642.27,11.100000381469728,194.0,131.0,53,9126,18,127.0,False,True,False,167.6,0.0
8,0508,2,1991,1991-11-13,0.7784999966621399,642.27,11.100000381469728,194.0,131.0,53,9126,18,261.5,False,True,False,302.1,169.0
8,0508,2,1992,1992-11-04,0.8308999955654144,816.94,11.0,160.0,126.0,55,10085,19,261.5,False,True,False,302.1,357.0
8,0508,2,1993,1993-11-01,0.7683999955654144,883.45,10.0,263.0,140.0,56,10951,20,261.5,False,True,False,302.1,362.0
8,0508,2,1994,1994-10-31,0.8114000022411346,591.92,11.800000190734863,156.0,133.0,51,11840,21,261.5,False,True,False,302.1,364.0
8,0508,2,1995,1995-10-20,0.8199999988079071,628.28,10.899999618530272,170.0,115.0,54,12667,22,261.5,False,True,False,302.1,354.0
8,0508,3,1997,1997-11-07,0.8360000014305115,632.95,10.699999809265137,266.0,120.0,55,13827,24,261.5,False,True,False,302.1,749.0
8,0508,3,1998,1998-08-11,0.8509999930858612,648.52,11.5,150.0,124.0,54,14574,25,261.5,False,True,False,302.1,277.0
8,0508,4,1999,1999-07-22,0.8730000078678131,595.29,11.699999809265137,65.0,132.0,52,16140,26,261.5,False,True,False,302.1,345.0
8,0508,4,2000,2000-04-24,0.8321000039577484,407.73,11.800000190734863,166.0,129.0,50,17715,27,261.5,False,True,False,302.1,277.0
8,0509,2,1991,1991-11-13,0.9108999967575072,642.27,11.100000381469728,194.0,131.0,53,9126,18,190.4,False,True,False,248.8,0.0
8,0509,2,1992,1992-11-04,0.9377000093460084,816.94,11.0,160.0,126.0,55,10085,19,190.4,False,True,False,248.8,357.0
8,0509,2,1993,1993-11-01,0.9303999960422517,883.45,10.0,263.0,140.0,56,10951,20,190.4,False,True,False,248.8,362.0
8,0509,2,1994,1994-10-31,0.9371999979019164,591.92,11.800000190734863,156.0,133.0,51,11840,21,190.4,False,True,False,248.8,364.0
8,0509,2,1995,1995-10-20,0.947299998998642,628.28,10.899999618530272,170.0,115.0,54,12667,22,190.4,False,True,False,248.8,354.0
8,0509,3,1997,1997-11-07,1.0061999917030335,632.95,10.699999809265137,266.0,120.0,55,13827,24,190.4,False,True,False,248.8,749.0
8,0509,3,1998,1998-08-11,1.0304000079631803,648.52,11.5,150.0,124.0,54,14574,25,190.4,False,True,False,248.8,277.0
8,0509,4,1999,1999-07-22,1.0510999858379364,595.29,11.699999809265137,65.0,132.0,52,16140,26,190.4,False,True,False,248.8,345.0
8,0509,4,2000,2000-04-24,0.9944999933242796,407.73,11.800000190734863,166.0,129.0,50,17715,27,190.4,False,True,False,248.8,277.0
8,0559,1,1991,1991-05-28,1.3089000165462492,642.27,11.100000381469728,194.0,131.0,53,9126,18,165.1,False,True,False,259.1,0.0
8,0559,2,1991,1991-11-13,1.4276000022888184,642.27,11.100000381469728,194.0,131.0,53,9126,18,337.7,False,True,False,431.7,169.0
8,0559,2,1992,1992-11-04,1.323800003528595,816.94,11.0,160.0,126.0,55,10085,19,337.7,False,True,False,431.7,357.0
8,0559,2,1993,1993-11-01,1.33199999332428,883.45,10.0,263.0,140.0,56,10951,20,337.7,False,True,False,431.7,362.0
8,0559,2,1994,1994-10-31,1.3146000027656557,591.92,11.800000190734863,156.0,133.0,51,11840,21,337.7,False,True,False,431.7,364.0
8,0559,2,1995,1995-10-20,1.3166999936103825,628.28,10.899999618530272,170.0,115.0,54,12667,22,337.7,False,True,False,431.7,354.0
8,0559,3,1997,1997-11-07,1.395800006389618,632.95,10.699999809265137,266.0,120.0,55,13827,24,337.7,False,True,False,431.7,749.0
8,0560,2,1991,1991-11-13,0.8056999981403351,642.27,11.100000381469728,194.0,131.0,53,9126,18,302.3,False,True,False,365.8,0.0
8,0560,2,1992,1992-11-04,0.8632999956607819,816.94,11.0,160.0,126.0,55,10085,19,302.3,False,True,False,365.8,357.0
8,0560,2,1993,1993-11-01,0.8236000061035156,883.45,10.0,263.0,140.0,56,10951,20,302.3,False,True,False,365.8,362.0
8,0560,2,1994,1994-10-31,0.8622999966144562,591.92,11.800000190734863,156.0,133.0,51,11840,21,302.3,False,True,False,365.8,364.0
8,0560,2,1995,1995-10-20,0.8955999970436097,628.28,10.899999618530272,170.0,115.0,54,12667,22,302.3,False,True,False,365.8,354.0
8,0560,3,1997,1997-11-07,1.012600016593933,632.95,10.699999809265137,266.0,120.0,55,13827,24,302.3,False,True,False,365.8,749.0
8,0560,3,1998,1998-08-11,1.1099999845027924,648.52,11.5,150.0,124.0,54,14574,25,302.3,False,True,False,365.8,277.0
8,0560,4,1999,1999-07-22,1.177600008249283,595.29,11.699999809265137,65.0,132.0,52,16140,26,302.3,False,True,False,365.8,345.0
8,0560,4,2000,2000-04-24,1.1703999936580658,407.73,11.800000190734863,166.0,129.0,50,17715,27,302.3,False,True,False,365.8,277.0
8,1029,1,1990,1990-04-13,2.2660000205039976,336.48,8.100000381469727,517.0,143.0,48,1573,19,106.6,False,False,False,528.1999999999999,0.0
8,1029,1,1991,1991-10-29,2.3000999808311464,370.81,7.199999809265137,562.0,144.0,53,1673,20,106.6,False,False,False,528.1999999999999,564.0
8,1029,1,1992,1992-11-07,2.3870999932289125,458.27,7.900000095367432,485.0,122.0,53,1763,21,106.6,False,False,False,528.1999999999999,375.0
8,1029,1,1993,1993-11-03,2.447699999809265,466.1,6.400000095367432,564.0,142.0,57,1911,22,106.6,False,False,False,528.1999999999999,361.0
8,1029,3,1995,1995-10-24,1.584400010108948,483.03,7.800000190734863,260.0,177.0,56,2061,24,124.4,False,False,False,546.0,720.0
8,1029,3,1997,1997-09-20,1.757199990749359,495.92,7.300000190734863,543.0,144.0,57,2244,26,124.4,False,False,False,546.0,697.0
8,1029,3,1998,1998-08-19,1.7740999937057496,360.8,7.900000095367432,391.0,149.0,56,2395,27,124.4,False,False,False,546.0,333.0
8,1029,3,1999,1999-08-14,1.8864000320434569,396.89,8.199999809265137,263.0,159.0,51,2472,28,124.4,False,False,False,546.0,360.0
8,1029,3,2001,2001-08-29,1.895199966430664,339.43,9.0,362.0,142.0,49,2637,30,124.4,False,False,False,546.0,746.0
8,1029,4,2003,2003-03-14,1.8895999789237976,355.26,9.199999809265137,292.0,152.0,49,2688,32,124.4,False,False,False,546.0,562.0
8,1029,5,2003,2003-11-02,0.9164999961853026,355.26,9.199999809265137,292.0,152.0,49,2688,32,180.3,False,False,False,601.9,233.0
8,1029,5,2004,2004-06-23,0.9146999925374985,389.32,8.600000381469727,383.0,123.0,51,2753,33,180.3,False,False,False,601.9,234.0
8,1029,5,2007,2007-08-15,0.9886000216007234,382.42,8.899999618530273,522.0,122.0,49,2945,36,180.3,False,False,False,601.9,1148.0
8,1029,5,2010,2010-10-20,1.107200014591217,558.41,7.900000095367432,427.0,146.0,52,3130,39,180.3,False,False,False,601.9,1162.0
8,1029,6,2011,2011-09-18,1.2295000076293945,533.23,7.5,469.0,163.0,53,3190,40,190.5,False,False,False,612.0999999999999,333.0
8,1029,6,2012,2012-10-29,1.2320000052452087,318.95,9.800000190734863,322.0,137.0,44,3250,41,190.5,False,False,False,612.0999999999999,407.0
8,1029,6,2013,2013-10-01,1.3073000073432923,460.13,8.0,530.0,146.0,50,3309,42,190.5,False,False,False,612.0999999999999,337.0
8,1029,6,2014,2014-05-14,1.3850999951362608,536.56,8.5,352.0,148.0,52,3367,43,190.5,False,False,False,612.0999999999999,225.0
8,1047,1,1990,1990-04-13,1.6407999992370603,298.03,8.399999618530273,496.0,139.0,48,1396,8,91.4,False,False,False,579.1,0.0
8,1047,1,1991,1991-10-29,1.8102999925613403,336.7,7.400000095367432,508.0,150.0,53,1626,9,91.4,False,False,False,579.1,564.0
8,1047,2,1992,1992-11-07,1.2018999934196473,422.79,8.199999809265137,463.0,125.0,54,1826,10,162.5,False,False,False,650.2,375.0
8,1047,2,1993,1993-11-03,1.351800012588501,452.62,6.599999904632568,564.0,142.0,57,2053,11,162.5,False,False,False,650.2,361.0
8,1053,1,1990,1990-04-15,1.198699986934662,338.31,8.899999618530273,395.0,130.0,49,2119,7,116.8,False,False,False,850.9,0.0
8,1053,1,1991,1991-10-27,1.162999987602234,316.9,8.199999809265137,336.0,162.0,52,2494,8,116.8,False,False,False,850.9,560.0
8,1053,1,1992,1992-11-08,1.2160000205039978,346.31,8.600000381469727,338.0,134.0,54,2869,9,116.8,False,False,False,850.9,378.0
8,1053,1,1993,1993-11-05,1.2328999996185304,300.48,7.5,382.0,163.0,55,3388,10,116.8,False,False,False,850.9,362.0
8,1053,1,1994,1994-06-09,1.2202499926090242,289.73,9.0,348.0,152.0,51,4003,11,116.8,False,False,False,850.9,216.0
8,1053,1,1995,1995-03-30,1.2454999923706054,320.06,8.5,166.0,174.0,54,5046,12,116.8,False,False,False,850.9,294.0
8,1053,1,1996,1996-12-09,1.2849000096321106,337.48,8.5,420.0,152.0,51,5472,13,116.8,False,False,False,850.9,620.0
8,1053,1,1997,1997-06-11,1.2881749987602231,368.22,8.100000381469727,361.0,156.0,57,5753,14,116.8,False,False,False,850.9,184.0
8,1053,1,1998,1998-08-18,1.339999997615814,266.85,8.600000381469727,278.0,163.0,54,6203,15,116.8,False,False,False,850.9,433.0
8,1053,1,1999,1999-07-18,1.3212000012397764,268.96,9.0,176.0,157.0,49,6524,16,116.8,False,False,False,850.9,334.0
8,1053,1,2001,2001-04-05,1.281500029563904,394.6,9.600000381469728,276.0,139.0,49,7439,18,116.8,False,False,False,850.9,627.0
8,1053,2,2001,2001-08-30,0.8096000015735626,394.6,9.600000381469728,276.0,139.0,49,7439,18,172.79999999999998,False,False,False,906.9,147.0
8,1053,2,2003,2003-10-30,0.8168999910354614,439.1,9.800000190734863,221.0,157.0,49,8468,20,172.79999999999998,False,False,False,906.9,791.0
8,1053,2,2004,2004-10-10,0.8025000035762787,323.93,9.100000381469728,294.0,136.0,50,9005,21,172.79999999999998,False,False,False,906.9,346.0
8,1053,2,2007,2007-08-20,0.8341000080108643,308.39,9.399999618530272,402.0,115.0,51,10712,24,172.79999999999998,False,False,False,906.9,1044.0
8,1053,2,2010,2010-10-21,0.8837000012397767,442.16,8.699999809265137,301.0,157.0,53,12573,27,172.79999999999998,False,False,False,906.9,1158.0
8,1053,2,2011,2011-09-16,0.942500001192093,332.12,8.300000190734863,342.0,172.0,52,13230,28,172.79999999999998,False,False,False,906.9,330.0
8,1053,2,2012,2012-10-25,0.930599993467331,309.05,10.199999809265137,279.0,140.0,45,13906,29,172.79999999999998,False,False,False,906.9,405.0
8,1053,2,2013,2013-09-29,0.9614000082015992,421.35,8.399999618530273,436.0,152.0,52,14602,30,172.79999999999998,False,False,False,906.9,339.0
8,1053,2,2014,2014-05-16,1.0186000049114226,330.82,9.300000190734863,244.0,147.0,52,15318,31,172.79999999999998,False,False,False,906.9,229.0
8,1053,2,2016,2016-05-08,1.088500010967255,372.98,9.100000381469728,347.0,128.0,53,16814,33,172.79999999999998,False,False,False,906.9,723.0
8,1057,1,1990,1990-04-12,1.1123999953269958,366.26,9.800000190734863,363.0,120.0,48,1130,5,99.1,True,False,False,548.6,0.0
8,1057,1,1991,1991-10-28,1.1258000016212462,318.05,8.800000190734863,343.0,155.0,52,1360,6,99.1,True,False,False,548.6,564.0
8,1057,1,1992,1992-11-07,1.152499997615814,357.68,9.399999618530272,352.0,121.0,53,1610,7,99.1,True,False,False,548.6,376.0
8,1057,2,1993,1993-11-05,1.2192000150680542,420.36,8.199999809265137,344.0,159.0,55,2033,8,111.8,True,False,False,561.3,363.0
8,1057,2,1995,1995-10-25,1.239199995994568,349.24,9.5,133.0,159.0,53,2793,10,111.8,True,False,False,561.3,719.0
8,2008,1,1990,1990-04-22,2.0584999918937683,449.56,13.600000381469728,121.0,110.0,48,4966,19,94.0,False,True,False,282.0,0.0
8,2008,1,1991,1991-11-14,2.370300006866456,449.03,13.300000190734863,101.0,125.0,51,5231,20,94.0,False,True,False,282.0,571.0
8,2008,1,1992,1992-11-05,2.3999000072479246,542.12,13.300000190734863,62.0,105.0,53,5501,21,94.0,False,True,False,282.0,357.0
8,2008,2,1993,1993-11-01,2.5164999961853027,639.71,12.600000381469728,123.0,124.0,52,5861,22,94.0,False,True,False,282.0,361.0
8,6002,1,1990,1990-04-21,2.424899995326996,609.59,12.0,153.0,127.0,47,21766,33,218.4,False,False,False,464.8,0.0
8,6002,1,1991,1991-11-18,2.597199964523316,731.83,11.699999809265137,128.0,135.0,48,22986,34,218.4,False,False,False,464.8,576.0
8,6002,1,1992,1992-11-05,2.664800000190735,712.28,11.899999618530272,101.0,117.0,49,24226,35,218.4,False,False,False,464.8,353.0
8,6002,1,1993,1993-11-02,3.005599975585937,624.97,11.100000381469728,156.0,131.0,49,25817,36,218.4,False,False,False,464.8,362.0
8,6002,1,1995,1995-05-10,3.3700000286102294,439.79,11.800000190734863,100.0,114.0,49,28190,38,218.4,False,False,False,464.8,554.0
8,6002,2,1997,1997-11-11,1.113100004196167,526.8,11.399999618530272,192.0,126.0,51,30471,40,266.7,False,False,False,513.1,916.0
8,6002,2,1998,1998-08-12,1.337999975681305,641.46,12.199999809265137,107.0,126.0,50,31065,41,266.7,False,False,False,513.1,274.0
8,6002,2,1999,1999-07-20,1.588000011444092,694.56,12.399999618530272,39.0,122.0,48,32533,42,266.7,False,False,False,513.1,342.0
8,6002,3,2004,2004-10-22,3.074899959564209,713.76,12.100000381469728,106.0,112.0,49,40692,47,266.7,False,False,False,513.1,1921.0
8,6013,1,1990,1990-04-24,1.80699999332428,446.94,11.199999809265137,240.0,132.0,50,5530,26,106.7,False,True,False,718.8000000000001,0.0
8,6013,1,1991,1991-11-12,1.912000036239624,644.23,11.300000190734863,186.0,138.0,53,5735,27,106.7,False,True,False,718.8000000000001,567.0
8,6013,1,1992,1992-11-02,2.325399959087372,558.17,11.199999809265137,156.0,121.0,54,5915,28,106.7,False,True,False,718.8000000000001,356.0
8,6013,2,1993,1993-10-27,2.187900018692017,659.03,9.800000190734863,282.0,139.0,56,6106,29,106.7,False,True,False,718.8,359.0
8,6013,2,1995,1995-05-11,2.3028999805450443,705.52,10.899999618530272,179.0,115.0,54,6473,31,106.7,False,True,False,718.8,561.0
8,6013,2,1997,1997-11-04,2.60629997253418,528.67,10.899999618530272,260.0,121.0,54,6891,33,106.7,False,True,False,718.8,908.0
8,6013,3,1998,1998-08-07,2.8007999897003177,495.58,11.600000381469728,155.0,121.0,54,7171,34,106.7,False,True,False,718.8,276.0
8,6013,3,1999,1999-08-12,3.005599999427796,432.91,11.899999618530272,62.0,126.0,52,7461,35,106.7,False,True,False,718.8,370.0
8,6013,5,2004,2004-10-17,2.8014000177383425,648.21,11.800000190734863,135.0,121.0,53,8565,40,106.7,False,True,False,718.8,1893.0
8,7780,1,1992,1992-11-06,1.2135000109672545,691.36,7.300000190734863,370.0,149.0,53,5431,20,162.5,False,False,False,302.2,0.0
8,7780,1,1993,1993-11-02,1.2251000165939332,704.95,6.599999904632568,411.0,177.0,53,5920,21,162.5,False,False,False,302.2,361.0
8,7780,1,1995,1995-05-10,1.271400010585785,688.98,7.099999904632568,292.0,189.0,54,6393,23,162.5,False,False,False,302.2,554.0
8,7780,1,1997,1997-11-07,1.3394999980926514,660.51,7.0,499.0,159.0,55,7162,25,162.5,False,False,False,302.2,912.0
8,7780,1,1998,1998-08-12,1.364300000667572,828.86,7.599999904632568,337.0,169.0,53,7712,26,162.5,False,False,False,302.2,278.0
8,7780,1,1999,1999-08-10,1.380599999427795,819.53,7.800000190734863,247.0,168.0,51,8242,27,162.5,False,False,False,302.2,363.0
8,7780,1,2001,2001-04-25,1.3402999997138978,672.21,8.300000190734863,324.0,169.0,50,9182,29,162.5,False,False,False,302.2,624.0
8,7780,2,2001,2001-10-19,1.099899995326996,672.21,8.300000190734863,324.0,169.0,50,9182,29,208.3,False,False,False,348.0,177.0
8,7780,2,2003,2003-10-28,1.0732000112533568,712.52,8.399999618530273,291.0,165.0,49,10113,31,208.3,False,False,False,348.0,739.0
8,7780,2,2004,2004-10-19,1.0986000061035155,802.96,7.599999904632568,339.0,154.0,52,10593,32,208.3,False,False,False,348.0,357.0
8,7780,3,2007,2007-08-22,1.2547999978065492,731.8,7.800000190734863,484.0,145.0,53,12090,35,208.3,False,False,False,348.0,1037.0
8,7780,4,2009,2009-09-24,1.4552999973297118,636.87,7.099999904632568,397.0,163.0,52,13136,37,208.3,False,False,False,348.0,764.0
8,7781,1,1990,1990-04-23,2.223599982261658,449.56,13.600000381469728,121.0,110.0,48,4881,19,78.69999999999999,False,True,False,883.8,0.0
8,7781,2,1991,1991-11-14,1.1146000027656555,449.03,13.300000190734863,101.0,125.0,51,5146,20,134.6,False,True,False,939.7,570.0
8,7781,2,1992,1992-11-04,1.2262499928474426,542.12,13.300000190734863,62.0,105.0,53,5416,21,134.6,False,True,False,939.7,356.0
8,7781,2,1993,1993-11-01,1.3066999852657315,639.71,12.600000381469728,123.0,124.0,52,5775,22,134.6,False,True,False,939.7,362.0
8,7781,2,1995,1995-05-09,1.6054000020027162,372.64,13.5,64.0,97.0,49,6558,24,134.6,False,True,False,939.7,554.0
8,7781,3,1997,1997-11-10,2.275600028038025,549.0,12.800000190734863,155.0,118.0,55,7215,26,134.6,False,True,False,939.7,916.0
8,7781,3,1998,1998-08-12,2.3770999908447266,442.28,13.600000381469728,78.0,115.0,53,7551,27,134.6,False,True,False,939.7,275.0
8,7781,3,1999,1999-07-20,2.4274000167846683,576.16,14.0,25.0,103.0,50,7892,28,134.6,False,True,False,939.7,342.0
8,7781,4,2004,2004-10-21,2.932800006866456,541.89,13.699999809265137,56.0,102.0,51,9679,33,142.2,False,True,False,947.3,1920.0
8,7781,4,2007,2007-08-27,3.155699992179871,336.56,13.800000190734863,165.0,101.0,52,10818,36,142.2,False,True,False,947.3,1040.0
8,7781,4,2010,2010-10-17,3.343199992179871,341.92,14.199999809265137,70.0,115.0,48,12009,39,142.2,False,True,False,947.3,1147.0
8,7781,5,2011,2011-09-27,0.7071000039577484,394.29,14.100000381469728,155.0,106.0,44,12419,40,210.7,False,True,False,1015.8,345.0
8,7781,5,2012,2012-10-31,0.7247999966144563,204.08,15.600000381469728,48.0,92.0,41,12835,41,210.7,False,True,False,1015.8,400.0
8,7781,5,2013,2013-09-25,0.7587000012397767,382.56,13.800000190734863,116.0,120.0,45,13257,42,210.7,False,True,False,1015.8,329.0
8,7781,5,2014,2014-09-22,0.8334999918937683,575.43,13.800000190734863,179.0,110.0,47,13686,43,210.7,False,True,False,1015.8,362.0
8,7781,5,2015,2015-08-18,0.8282999932765961,799.87,14.399999618530272,122.0,82.0,52,14121,44,210.7,False,True,False,1015.8,330.0
8,7783,1,1990,1990-04-14,0.9946000099182128,393.85,8.0,506.0,137.0,49,3735,7,218.4,False,False,False,782.3,0.0
8,7783,1,1991,1991-10-28,1.1039000153541565,394.27,7.0,533.0,149.0,54,4505,8,218.4,False,False,False,782.3,562.0
8,7783,1,1992,1992-11-06,1.129200005531311,446.09,7.599999904632568,489.0,124.0,55,5180,9,218.4,False,False,False,782.3,375.0
8,7783,1,1994,1994-01-17,1.1883000016212464,365.44,8.199999809265137,448.0,143.0,51,6627,11,218.4,False,False,False,782.3,437.0
8,7783,1,1995,1995-10-25,1.2120999932289125,458.93,7.599999904632568,253.0,175.0,56,7435,12,218.4,False,False,False,782.3,646.0
8,7783,2,1997,1997-09-19,1.2947000026702882,490.68,7.199999809265137,512.0,145.0,58,9028,14,218.4,False,False,False,782.3,695.0
8,7783,2,1998,1998-08-16,1.303000009059906,351.68,7.699999809265137,389.0,150.0,55,10110,15,218.4,False,False,False,782.3,331.0
8,7783,2,1999,1999-07-19,1.2729999780654908,325.78,8.199999809265137,258.0,160.0,49,10970,16,218.4,False,False,False,782.3,337.0
8,7783,2,2001,2001-09-07,1.3587000131607057,371.87,8.800000190734863,356.0,142.0,49,12645,18,218.4,False,False,False,782.3,781.0
8,7783,2,2003,2003-05-20,1.5024999976158142,340.16,8.899999618530273,294.0,152.0,49,14588,20,218.4,False,False,False,782.3,620.0
8,7783,3,2004,2004-06-04,0.6136999994516372,503.24,8.199999809265137,417.0,130.0,52,15654,21,246.4,False,False,False,810.3,381.0
8,7783,3,2007,2007-08-20,0.666899996995926,397.4,8.399999618530273,555.0,117.0,51,19122,24,246.4,False,False,False,810.3,1172.0
8,7783,3,2010,2010-10-19,0.7180000007152558,602.16,7.699999809265137,426.0,154.0,53,23034,27,246.4,False,False,False,810.3,1156.0
8,7783,3,2011,2011-09-16,0.7344999969005584,480.76,7.400000095367432,433.0,168.0,53,24446,28,246.4,False,False,False,810.3,332.0
8,7783,3,2012,2012-10-25,0.7479999959468842,390.61,9.300000190734863,365.0,138.0,45,25916,29,246.4,False,False,False,810.3,405.0
8,7783,3,2013,2013-09-29,0.7721999943256378,497.86,7.599999904632568,542.0,147.0,53,27446,30,246.4,False,False,False,810.3,339.0
8,7783,3,2014,2014-05-15,0.7652000069618226,498.76,8.199999809265137,358.0,150.0,54,29039,31,246.4,False,False,False,810.3,228.0
8,7783,3,2017,2017-05-10,0.9211999952793122,465.25,8.699999809265137,342.0,146.0,54,34220,34,246.4,False,False,False,810.3,1091.0
8,A310,1,1990,1990-08-29,0.654399996995926,338.31,8.899999618530273,395.0,130.0,49,2119,7,116.8,False,False,False,850.9,0.0
8,A310,2,1991,1991-10-27,1.0012000024318697,316.9,8.199999809265137,336.0,162.0,52,2494,8,152.4,False,False,False,886.5,424.0
8,A310,2,1992,1992-11-08,1.0898000001907349,346.31,8.600000381469727,338.0,134.0,54,2869,9,152.4,False,False,False,886.5,378.0
8,A310,2,1993,1993-11-05,1.1265999913215636,300.48,7.5,382.0,163.0,55,3388,10,152.4,False,False,False,886.5,362.0
8,A310,3,1995,1995-10-27,1.3380000114440918,320.06,8.5,166.0,174.0,54,5046,12,152.4,False,False,False,886.5,721.0
8,A310,3,1996,1996-12-09,1.7674999952316284,337.48,8.5,420.0,152.0,51,5472,13,152.4,False,False,False,886.5,409.0
8,A310,3,1997,1997-09-18,1.8760000109672548,368.22,8.100000381469727,361.0,156.0,57,5753,14,152.4,False,False,False,886.5,283.0
8,A310,4,1998,1998-08-18,1.800100028514862,266.85,8.600000381469727,278.0,163.0,54,6203,15,152.4,False,False,False,886.5,334.0
8,A310,4,1999,1999-07-18,1.83089998960495,268.96,9.0,176.0,157.0,49,6524,16,152.4,False,False,False,886.5,334.0
8,A320,1,1990,1990-08-29,0.9016000032424928,338.31,8.899999618530273,395.0,130.0,49,2119,7,137.2,False,False,False,871.3,0.0
8,A320,2,1991,1991-10-27,1.110900020599365,316.9,8.199999809265137,336.0,162.0,52,2494,8,142.29999999999998,False,False,False,876.4,424.0
8,A320,2,1992,1992-11-08,1.191699993610382,346.31,8.600000381469727,338.0,134.0,54,2869,9,142.29999999999998,False,False,False,876.4,378.0
8,A320,2,1993,1993-11-05,1.157099997997284,300.48,7.5,382.0,163.0,55,3388,10,142.29999999999998,False,False,False,876.4,362.0
8,A320,2,1995,1995-10-27,1.2225000143051146,320.06,8.5,166.0,174.0,54,5046,12,142.29999999999998,False,False,False,876.4,721.0
8,A320,2,1996,1996-12-09,1.1957000017166135,337.48,8.5,420.0,152.0,51,5472,13,142.29999999999998,False,False,False,876.4,409.0
8,A320,2,1997,1997-09-18,1.3316999912261962,368.22,8.100000381469727,361.0,156.0,57,5753,14,142.29999999999998,False,False,False,876.4,283.0
8,A320,2,1998,1998-08-18,1.4921000123023986,266.85,8.600000381469727,278.0,163.0,54,6203,15,142.29999999999998,False,False,False,876.4,334.0
8,A320,2,1999,1999-07-18,1.5636999964714051,268.96,9.0,176.0,157.0,49,6524,16,142.29999999999998,False,False,False,876.4,334.0
8,A330,1,1990,1990-08-29,0.9684000074863434,338.31,8.899999618530273,395.0,130.0,49,2119,7,116.8,False,False,False,850.8999999999999,0.0
8,A330,2,1991,1991-10-27,1.2764999866485596,316.9,8.199999809265137,336.0,162.0,52,2494,8,116.8,False,False,False,850.9,424.0
8,A330,2,1992,1992-11-08,1.4668000221252442,346.31,8.600000381469727,338.0,134.0,54,2869,9,116.8,False,False,False,850.9,378.0
8,A330,3,1993,1993-11-05,1.4470999836921692,300.48,7.5,382.0,163.0,55,3388,10,116.8,False,False,False,850.9,362.0
8,A330,3,1995,1995-10-27,1.6072999954223632,320.06,8.5,166.0,174.0,54,5046,12,116.8,False,False,False,850.9,721.0
8,A330,3,1996,1996-12-09,1.845100009441376,337.48,8.5,420.0,152.0,51,5472,13,116.8,False,False,False,850.9,409.0
8,A330,3,1997,1997-09-18,2.0526999711990355,368.22,8.100000381469727,361.0,156.0,57,5753,14,116.8,False,False,False,850.9,283.0
8,A330,3,1998,1998-08-18,2.442399978637696,266.85,8.600000381469727,278.0,163.0,54,6203,15,116.8,False,False,False,850.9,334.0
8,A330,3,1999,1999-07-18,2.6134000062942504,268.96,9.0,176.0,157.0,49,6524,16,116.8,False,False,False,850.9,334.0
8,A340,1,1990,1990-08-29,0.867299997806549,338.31,8.899999618530273,395.0,130.0,49,2119,7,116.8,False,False,False,850.8999999999999,0.0
8,A340,1,1991,1991-10-27,1.060199999809265,316.9,8.199999809265137,336.0,162.0,52,2494,8,116.8,False,False,False,850.8999999999999,424.0
8,A340,1,1992,1992-11-08,1.2764999866485596,346.31,8.600000381469727,338.0,134.0,54,2869,9,116.8,False,False,False,850.8999999999999,378.0
8,A340,1,1993,1993-11-05,1.2788999915122985,300.48,7.5,382.0,163.0,55,3388,10,116.8,False,False,False,850.8999999999999,362.0
8,A340,1,1995,1995-10-27,1.422200012207031,320.06,8.5,166.0,174.0,54,5046,12,116.8,False,False,False,850.8999999999999,721.0
8,A340,1,1996,1996-12-09,1.6752999901771546,337.48,8.5,420.0,152.0,51,5472,13,116.8,False,False,False,850.8999999999999,409.0
8,A340,1,1997,1997-09-18,2.128699994087219,368.22,8.100000381469727,361.0,156.0,57,5753,14,116.8,False,False,False,850.8999999999999,283.0
8,A340,1,1998,1998-08-18,2.4045000076293945,266.85,8.600000381469727,278.0,163.0,54,6203,15,116.8,False,False,False,850.8999999999999,334.0
8,A340,1,1999,1999-07-18,2.7270000219345096,268.96,9.0,176.0,157.0,49,6524,16,116.8,False,False,False,850.8999999999999,334.0
8,A350,1,1990,1990-08-29,1.107399982213974,338.31,8.899999618530273,395.0,130.0,49,2119,7,132.1,False,False,False,866.1999999999999,0.0
8,A350,2,1991,1991-10-27,1.4095999956130982,316.9,8.199999809265137,336.0,162.0,52,2494,8,142.29999999999998,False,False,False,876.4,424.0
8,A350,2,1992,1992-11-08,1.532099997997284,346.31,8.600000381469727,338.0,134.0,54,2869,9,142.29999999999998,False,False,False,876.4,378.0
8,A350,2,1993,1993-11-05,1.5255000114440918,300.48,7.5,382.0,163.0,55,3388,10,142.29999999999998,False,False,False,876.4,362.0
8,A350,2,1995,1995-10-27,1.7266000032424929,320.06,8.5,166.0,174.0,54,5046,12,142.29999999999998,False,False,False,876.4,721.0
8,A350,2,1996,1996-12-09,1.771999990940094,337.48,8.5,420.0,152.0,51,5472,13,142.29999999999998,False,False,False,876.4,409.0
8,A350,2,1997,1997-09-18,1.9012000083923344,368.22,8.100000381469727,361.0,156.0,57,5753,14,142.29999999999998,False,False,False,876.4,283.0
8,A350,2,1998,1998-08-18,2.0079999804496764,266.85,8.600000381469727,278.0,163.0,54,6203,15,142.29999999999998,False,False,False,876.4,334.0
8,A350,2,1999,1999-07-18,1.994099998474121,268.96,9.0,176.0,157.0,49,6524,16,142.29999999999998,False,False,False,876.4,334.0
8,B310,1,1990,1990-04-22,2.171699965000153,449.56,13.600000381469728,121.0,110.0,48,4881,19,81.3,False,True,False,589.3000000000001,0.0
8,B310,2,1991,1991-11-14,1.2988000035285951,449.03,13.300000190734863,101.0,125.0,51,5146,20,111.8,False,True,False,619.8000000000001,571.0
8,B310,2,1992,1992-11-05,1.5505999803543091,542.12,13.300000190734863,62.0,105.0,53,5416,21,111.8,False,True,False,619.8000000000001,357.0
8,B310,2,1993,1993-11-02,1.8989000082015992,639.71,12.600000381469728,123.0,124.0,52,5775,22,111.8,False,True,False,619.8000000000001,362.0
8,B320,1,1990,1990-04-22,1.6383999943733216,449.56,13.600000381469728,121.0,110.0,48,4881,19,83.8,False,True,False,622.3000000000001,0.0
8,B320,2,1991,1991-11-14,1.81470000743866,449.03,13.300000190734863,101.0,125.0,51,5146,20,88.9,False,True,False,627.4,571.0
8,B320,2,1992,1992-11-05,1.934700000286102,542.12,13.300000190734863,62.0,105.0,53,5416,21,88.9,False,True,False,627.4,357.0
8,B320,2,1993,1993-11-02,2.152400004863739,639.71,12.600000381469728,123.0,124.0,52,5775,22,88.9,False,True,False,627.4,362.0
8,B330,1,1990,1990-04-22,1.9176999807357784,449.56,13.600000381469728,121.0,110.0,48,4881,19,132.1,False,True,False,652.8000000000001,0.0
8,B330,2,1991,1991-11-14,2.2658999919891354,449.03,13.300000190734863,101.0,125.0,51,5146,20,132.1,False,True,False,652.8000000000001,571.0
8,B330,2,1992,1992-11-05,2.446399998664856,542.12,13.300000190734863,62.0,105.0,53,5416,21,132.1,False,True,False,652.8000000000001,357.0
8,B330,2,1993,1993-11-02,2.611400032043457,639.71,12.600000381469728,123.0,124.0,52,5775,22,132.1,False,True,False,652.8000000000001,362.0
8,B350,1,1990,1990-04-22,1.5379000067710875,449.56,13.600000381469728,121.0,110.0,48,4881,19,111.8,False,True,False,630.0,0.0
8,B350,3,1991,1991-11-14,1.2871000051498411,449.03,13.300000190734863,101.0,125.0,51,5146,20,139.7,False,True,False,657.9,571.0
8,B350,3,1992,1992-11-05,1.3828999996185305,542.12,13.300000190734863,62.0,105.0,53,5416,21,139.7,False,True,False,657.9,357.0
9,1803,1,1989,1989-10-26,1.494099998474121,1541.07,9.100000381469728,367.0,86.0,81,540,5,182.9,False,False,False,482.6,0.0
9,1803,1,1990,1990-08-30,1.6263999938964844,1469.74,10.600000381469728,124.0,93.0,81,665,6,182.9,False,False,False,482.6,308.0
9,1803,1,1991,1991-07-26,1.5885999917984008,1410.97,10.699999809265137,177.0,84.0,78,782,7,182.9,False,False,False,482.6,330.0
9,1803,1,1992,1992-07-29,1.5130000114440918,1355.65,9.199999809265137,223.0,98.0,78,883,8,182.9,False,False,False,482.6,369.0
9,1803,1,1993,1993-07-28,1.5433000087738038,1320.8,9.800000190734863,291.0,85.0,78,991,9,182.9,False,False,False,482.6,364.0
9,1803,1,1994,1994-05-17,1.6558199977874757,1240.25,9.699999809265137,386.0,74.0,79,1137,10,182.9,False,False,False,482.6,293.0
9,1803,1,1995,1995-01-09,1.5692000031471252,1170.95,10.100000381469728,238.0,94.0,77,1330,11,182.9,False,False,False,482.6,237.0
9,1803,2,1995,1995-04-29,1.5980999986330668,1170.95,10.100000381469728,238.0,94.0,77,1330,11,182.9,False,False,False,482.6,110.0
9,1803,3,1996,1996-11-14,1.652300024032593,1773.82,9.300000190734863,333.0,83.0,81,1540,12,182.9,False,False,False,482.6,565.0
9,1803,3,1997,1997-05-18,1.6348399972915648,1221.11,9.800000190734863,161.0,109.0,77,1750,13,182.9,False,False,False,482.6,185.0
9,1803,3,1998,1998-06-11,1.6526000022888183,1398.28,11.0,94.0,76.0,80,1960,14,182.9,False,False,False,482.6,389.0
9,1803,3,1999,1999-07-06,1.6876000046730042,1219.44,11.199999809265137,140.0,86.0,75,2144,15,182.9,False,False,False,482.6,390.0
9,1803,3,2000,2000-06-10,1.7073000073432922,1265.29,9.800000190734863,269.0,84.0,78,2330,16,182.9,False,False,False,482.6,340.0
9,1803,4,2000,2000-10-03,1.126200008392334,1265.29,9.800000190734863,269.0,84.0,78,2330,16,231.2,False,False,False,530.9,115.0
9,1803,4,2001,2001-08-14,1.103700006008148,1132.58,10.899999618530272,146.0,93.0,76,2518,17,231.2,False,False,False,530.9,315.0
9,1803,4,2002,2002-11-14,1.0646999955177308,1516.92,11.199999809265137,76.0,91.0,76,2708,18,231.2,False,False,False,530.9,457.0
9,1803,4,2004,2004-08-12,1.1406000018119813,1598.01,9.899999618530272,323.0,74.0,80,2898,20,231.2,False,False,False,530.9,637.0
9,1803,4,2007,2007-06-13,1.2757999897003174,1502.45,10.300000190734863,277.0,80.0,78,3126,23,231.2,False,False,False,530.9,1035.0
9,1803,4,2010,2010-06-17,1.485099995136261,1612.18,11.100000381469728,206.0,69.0,78,3476,26,231.2,False,False,False,530.9,1100.0
9,1803,4,2011,2011-04-14,1.523799991607666,1673.64,10.899999618530272,228.0,74.0,81,3595,27,231.2,False,False,False,530.9,301.0
9,1803,4,2012,2012-05-02,1.5807000041007997,1249.09,11.899999618530272,68.0,77.0,78,3714,28,231.2,False,False,False,530.9,384.0
9,1803,4,2014,2014-05-07,1.666399991512299,1526.85,9.899999618530272,325.0,79.0,78,3950,30,231.2,False,False,False,530.9,735.0
9,1803,4,2016,2016-04-08,1.9043999910354608,1370.18,11.300000190734863,160.0,79.0,77,4185,32,231.2,False,False,False,530.9,702.0
9,1803,4,2017,2017-05-18,1.956599986553192,1417.66,10.800000190734863,222.0,80.0,80,4302,33,231.2,False,False,False,530.9,405.0
10,0101,2,1997,1997-08-04,0.8362499952316285,1289.42,12.600000381469728,75.0,82.0,75,780,6,205.7,False,False,False,1402.0,0.0
10,0101,2,1998,1998-06-25,0.839174996316433,1158.1,14.300000190734863,26.0,54.0,76,1196,7,205.7,False,False,False,1402.0,325.0
10,0101,2,2000,2000-12-06,0.8444999933242798,1280.96,12.300000190734863,157.0,75.0,78,2103,9,205.7,False,False,False,1402.0,895.0
10,0101,2,2001,2001-07-12,0.8682999968528748,1009.53,13.399999618530272,43.0,76.0,75,2598,10,205.7,False,False,False,1402.0,218.0
10,0101,2,2002,2002-08-16,0.8874000012874603,1166.76,14.199999809265137,36.0,78.0,73,3123,11,205.7,False,False,False,1402.0,400.0
10,0101,2,2003,2003-08-21,0.9583000004291534,1718.59,12.199999809265137,148.0,75.0,83,3679,12,205.7,False,False,False,1402.0,370.0
10,0101,2,2004,2004-11-08,0.9603000104427336,1224.25,13.100000381469728,165.0,66.0,80,4268,13,205.7,False,False,False,1402.0,445.0
10,0101,2,2005,2005-08-17,1.0731000185012816,1352.67,13.300000190734863,129.0,80.0,78,4893,14,205.7,False,False,False,1402.0,282.0
10,0101,2,2006,2006-06-13,1.144799995422363,1272.78,14.199999809265137,23.0,59.0,76,5555,15,205.7,False,False,False,1402.0,300.0
10,0102,1,1996,1996-02-24,0.9016000032424928,1709.02,11.600000381469728,188.0,70.0,81,388,5,109.2,False,False,False,1399.5,0.0
10,0102,2,1997,1997-08-04,0.7998000085353851,1289.42,12.600000381469728,75.0,82.0,75,780,6,139.7,False,False,False,1430.0,527.0
10,0102,2,1998,1998-05-25,0.8305799984931945,1158.1,14.300000190734863,26.0,54.0,76,1196,7,139.7,False,False,False,1430.0,294.0
10,0102,2,2000,2000-12-06,0.865800005197525,1280.96,12.300000190734863,157.0,75.0,78,2103,9,139.7,False,False,False,1430.0,926.0
10,0102,2,2001,2001-07-12,0.8836999952793121,1009.53,13.399999618530272,43.0,76.0,75,2598,10,139.7,False,False,False,1430.0,218.0
10,0102,2,2002,2002-08-16,0.8930499970912933,1166.76,14.199999809265137,36.0,78.0,73,3123,11,139.7,False,False,False,1430.0,400.0
10,0102,2,2003,2003-08-21,0.9240000009536744,1718.59,12.199999809265137,148.0,75.0,83,3679,12,139.7,False,False,False,1430.0,370.0
10,0102,2,2004,2004-11-08,1.0317999958992004,1224.25,13.100000381469728,165.0,66.0,80,4268,13,139.7,False,False,False,1430.0,445.0
10,0102,2,2005,2005-08-17,1.083600008487701,1352.67,13.300000190734863,129.0,80.0,78,4893,14,139.7,False,False,False,1430.0,282.0
10,0102,2,2006,2006-06-13,1.109500002861023,1272.78,14.199999809265137,23.0,59.0,76,5555,15,139.7,False,False,False,1430.0,300.0
10,0103,2,1997,1997-08-04,0.7353999972343445,1289.42,12.600000381469728,75.0,82.0,75,780,6,144.7,False,True,False,1567.1,0.0
10,0103,2,1998,1998-06-25,0.7408749967813492,1158.1,14.300000190734863,26.0,54.0,76,1196,7,144.7,False,True,False,1567.1,325.0
10,0103,2,2000,2000-12-06,0.7574000000953675,1280.96,12.300000190734863,157.0,75.0,78,2103,9,144.7,False,True,False,1567.1,895.0
10,0103,2,2001,2001-07-12,0.7544000029563904,1009.53,13.399999618530272,43.0,76.0,75,2598,10,144.7,False,True,False,1567.1,218.0
10,0103,2,2002,2002-08-16,0.7677999973297119,1166.76,14.199999809265137,36.0,78.0,73,3123,11,144.7,False,True,False,1567.1,400.0
10,0103,2,2003,2003-08-21,0.7726000010967254,1718.59,12.199999809265137,148.0,75.0,83,3679,12,144.7,False,True,False,1567.1,370.0
10,0103,2,2004,2004-11-08,0.8339000046253204,1224.25,13.100000381469728,165.0,66.0,80,4268,13,144.7,False,True,False,1567.1,445.0
10,0103,2,2005,2005-08-17,0.8122000098228455,1352.67,13.300000190734863,129.0,80.0,78,4893,14,144.7,False,True,False,1567.1,282.0
10,0103,2,2006,2006-06-13,0.8544999957084656,1272.78,14.199999809265137,23.0,59.0,76,5555,15,144.7,False,True,False,1567.1,300.0
10,0104,2,1997,1997-08-04,0.826800000667572,1289.42,12.600000381469728,75.0,82.0,75,780,6,200.7,False,True,False,1513.9,0.0
10,0104,2,1998,1998-06-25,0.8098750025033952,1158.1,14.300000190734863,26.0,54.0,76,1196,7,200.7,False,True,False,1513.9,325.0
10,0104,2,2000,2000-12-06,0.7925000011920929,1280.96,12.300000190734863,157.0,75.0,78,2103,9,200.7,False,True,False,1513.9,895.0
10,0104,2,2001,2001-07-12,0.7948000073432921,1009.53,13.399999618530272,43.0,76.0,75,2598,10,200.7,False,True,False,1513.9,218.0
10,0104,2,2002,2002-08-16,0.7954500019550323,1166.76,14.199999809265137,36.0,78.0,73,3123,11,200.7,False,True,False,1513.9,400.0
10,0104,2,2003,2003-08-21,0.7998999893665314,1718.59,12.199999809265137,148.0,75.0,83,3679,12,200.7,False,True,False,1513.9,370.0
10,0104,2,2004,2004-11-08,0.8122999966144562,1224.25,13.100000381469728,165.0,66.0,80,4268,13,200.7,False,True,False,1513.9,445.0
10,0104,2,2005,2005-08-17,0.8219999969005585,1352.67,13.300000190734863,129.0,80.0,78,4893,14,200.7,False,True,False,1513.9,282.0
10,0104,2,2006,2006-06-13,0.8487999916076661,1272.78,14.199999809265137,23.0,59.0,76,5555,15,200.7,False,True,False,1513.9,300.0
10,0105,2,1997,1997-08-04,0.6802499979734421,1289.42,12.600000381469728,75.0,82.0,75,780,6,129.5,False,True,False,1303.0,0.0
10,0105,2,1998,1998-06-25,0.6868000015616418,1158.1,14.300000190734863,26.0,54.0,76,1196,7,129.5,False,True,False,1303.0,325.0
10,0105,2,2000,2000-12-06,0.7342000007629395,1280.96,12.300000190734863,157.0,75.0,78,2103,9,129.5,False,True,False,1303.0,895.0
10,0105,2,2001,2001-07-12,0.7486000001430512,1009.53,13.399999618530272,43.0,76.0,75,2598,10,129.5,False,True,False,1303.0,218.0
10,0105,2,2002,2002-08-16,0.7612499952316285,1166.76,14.199999809265137,36.0,78.0,73,3123,11,129.5,False,True,False,1303.0,400.0
10,0105,2,2003,2003-08-21,0.8125999987125396,1718.59,12.199999809265137,148.0,75.0,83,3679,12,129.5,False,True,False,1303.0,370.0
10,0105,2,2004,2004-11-08,0.8946999907493591,1224.25,13.100000381469728,165.0,66.0,80,4268,13,129.5,False,True,False,1303.0,445.0
10,0105,3,2005,2005-08-17,0.8972999989986419,1352.67,13.300000190734863,129.0,80.0,78,4893,14,129.5,False,True,False,1303.0,282.0
10,0105,3,2006,2006-06-13,0.9246999979019166,1272.78,14.199999809265137,23.0,59.0,76,5555,15,129.5,False,True,False,1303.0,300.0
10,0106,2,1997,1997-08-04,0.7164999961853027,1289.42,12.600000381469728,75.0,82.0,75,780,6,221.0,False,True,False,830.6,0.0
10,0106,2,1998,1998-06-25,0.7111750036478042,1158.1,14.300000190734863,26.0,54.0,76,1196,7,221.0,False,True,False,830.6,325.0
10,0106,2,2000,2000-12-06,0.7128000020980836,1280.96,12.300000190734863,157.0,75.0,78,2103,9,221.0,False,True,False,830.6,895.0
10,0106,2,2001,2001-07-12,0.69200000166893,1009.53,13.399999618530272,43.0,76.0,75,2598,10,221.0,False,True,False,830.6,218.0
10,0106,2,2002,2002-08-16,0.7085499912500381,1166.76,14.199999809265137,36.0,78.0,73,3123,11,221.0,False,True,False,830.6,400.0
10,0106,2,2003,2003-08-21,0.710699999332428,1718.59,12.199999809265137,148.0,75.0,83,3679,12,221.0,False,True,False,830.6,370.0
10,0106,2,2004,2004-11-08,0.7151000022888183,1224.25,13.100000381469728,165.0,66.0,80,4268,13,221.0,False,True,False,830.6,445.0
10,0106,2,2005,2005-08-17,0.7184000015258789,1352.67,13.300000190734863,129.0,80.0,78,4893,14,221.0,False,True,False,830.6,282.0
10,0106,2,2006,2006-06-13,0.7439999997615814,1272.78,14.199999809265137,23.0,59.0,76,5555,15,221.0,False,True,False,830.6,300.0
10,0107,2,1997,1997-08-04,0.5942500025033951,1289.42,12.600000381469728,75.0,82.0,75,780,6,132.0,False,True,False,1557.0000000000002,0.0
10,0107,2,1998,1998-06-25,0.6104249939322471,1158.1,14.300000190734863,26.0,54.0,76,1196,7,132.0,False,True,False,1557.0000000000002,325.0
10,0107,2,2000,2000-12-06,0.6835999965667725,1280.96,12.300000190734863,157.0,75.0,78,2103,9,132.0,False,True,False,1557.0000000000002,895.0
10,0107,2,2001,2001-07-12,0.6928999900817872,1009.53,13.399999618530272,43.0,76.0,75,2598,10,132.0,False,True,False,1557.0000000000002,218.0
10,0107,2,2002,2002-08-16,0.7198999971151352,1166.76,14.199999809265137,36.0,78.0,73,3123,11,132.0,False,True,False,1557.0000000000002,400.0
10,0107,2,2003,2003-08-21,0.7806999981403351,1718.59,12.199999809265137,148.0,75.0,83,3679,12,132.0,False,True,False,1557.0000000000002,370.0
10,0107,2,2004,2004-11-08,0.8194000124931335,1224.25,13.100000381469728,165.0,66.0,80,4268,13,132.0,False,True,False,1557.0000000000002,445.0
10,0107,2,2005,2005-08-17,0.8804000079631805,1352.67,13.300000190734863,129.0,80.0,78,4893,14,132.0,False,True,False,1557.0000000000002,282.0
10,0107,2,2006,2006-06-13,0.918200010061264,1272.78,14.199999809265137,23.0,59.0,76,5555,15,132.0,False,True,False,1557.0000000000002,300.0
10,0108,2,1997,1997-08-04,0.6846500009298324,1289.42,12.600000381469728,75.0,82.0,75,780,6,210.8,False,True,False,1584.9,0.0
10,0108,2,1998,1998-06-25,0.6841750055551529,1158.1,14.300000190734863,26.0,54.0,76,1196,7,210.8,False,True,False,1584.9,325.0
10,0108,2,2000,2000-12-06,0.6699000000953674,1280.96,12.300000190734863,157.0,75.0,78,2103,9,210.8,False,True,False,1584.9,895.0
10,0108,2,2001,2001-07-12,0.6570000052452087,1009.53,13.399999618530272,43.0,76.0,75,2598,10,210.8,False,True,False,1584.9,218.0
10,0108,2,2002,2002-08-16,0.6676000028848648,1166.76,14.199999809265137,36.0,78.0,73,3123,11,210.8,False,True,False,1584.9,400.0
10,0108,2,2003,2003-08-21,0.7043000042438508,1718.59,12.199999809265137,148.0,75.0,83,3679,12,210.8,False,True,False,1584.9,370.0
10,0108,2,2004,2004-11-08,0.7032999992370605,1224.25,13.100000381469728,165.0,66.0,80,4268,13,210.8,False,True,False,1584.9,445.0
10,0108,2,2005,2005-08-17,0.7360000014305115,1352.67,13.300000190734863,129.0,80.0,78,4893,14,210.8,False,True,False,1584.9,282.0
10,0108,2,2006,2006-06-13,0.750900000333786,1272.78,14.199999809265137,23.0,59.0,76,5555,15,210.8,False,True,False,1584.9,300.0
10,0109,2,1997,1997-08-04,0.7130999982357025,1289.42,12.600000381469728,75.0,82.0,75,780,6,213.3,False,True,False,1716.9,0.0
10,0109,2,1998,1998-06-25,0.7026999965310097,1158.1,14.300000190734863,26.0,54.0,76,1196,7,213.3,False,True,False,1716.9,325.0
10,0109,2,2000,2000-12-06,0.6788999974727631,1280.96,12.300000190734863,157.0,75.0,78,2103,9,213.3,False,True,False,1716.9,895.0
10,0109,2,2001,2001-07-12,0.6635999977588654,1009.53,13.399999618530272,43.0,76.0,75,2598,10,213.3,False,True,False,1716.9,218.0
10,0109,2,2002,2002-08-16,0.667799997329712,1166.76,14.199999809265137,36.0,78.0,73,3123,11,213.3,False,True,False,1716.9,400.0
10,0109,2,2003,2003-08-21,0.6891000032424928,1718.59,12.199999809265137,148.0,75.0,83,3679,12,213.3,False,True,False,1716.9,370.0
10,0109,2,2004,2004-11-08,0.7101000010967254,1224.25,13.100000381469728,165.0,66.0,80,4268,13,213.3,False,True,False,1716.9,445.0
10,0109,2,2005,2005-08-17,0.7203999996185303,1352.67,13.300000190734863,129.0,80.0,78,4893,14,213.3,False,True,False,1716.9,282.0
10,0109,2,2006,2006-06-13,0.7511000037193298,1272.78,14.199999809265137,23.0,59.0,76,5555,15,213.3,False,True,False,1716.9,300.0
10,0110,2,1997,1997-08-04,0.6583000004291535,1289.42,12.600000381469728,75.0,82.0,75,780,6,185.4,True,True,False,1564.5000000000002,0.0
10,0110,2,1998,1998-06-25,0.6391499996185304,1158.1,14.300000190734863,26.0,54.0,76,1196,7,185.4,True,True,False,1564.5000000000002,325.0
10,0110,2,2000,2000-12-06,0.607099997997284,1280.96,12.300000190734863,157.0,75.0,78,2103,9,185.4,True,True,False,1564.5000000000002,895.0
10,0110,2,2001,2001-07-12,0.6115999937057495,1009.53,13.399999618530272,43.0,76.0,75,2598,10,185.4,True,True,False,1564.5000000000002,218.0
10,0110,2,2002,2002-08-16,0.6232000052928924,1166.76,14.199999809265137,36.0,78.0,73,3123,11,185.4,True,True,False,1564.5000000000002,400.0
10,0110,2,2003,2003-08-21,0.646999990940094,1718.59,12.199999809265137,148.0,75.0,83,3679,12,185.4,True,True,False,1564.5000000000002,370.0
10,0110,2,2004,2004-11-08,0.6878000020980835,1224.25,13.100000381469728,165.0,66.0,80,4268,13,185.4,True,True,False,1564.5000000000002,445.0
10,0110,2,2005,2005-08-17,0.706800001859665,1352.67,13.300000190734863,129.0,80.0,78,4893,14,185.4,True,True,False,1564.5000000000002,282.0
10,0110,2,2006,2006-06-13,0.7189999997615815,1272.78,14.199999809265137,23.0,59.0,76,5555,15,185.4,True,True,False,1564.5000000000002,300.0
10,0111,2,1997,1997-08-04,0.6697499990463257,1289.42,12.600000381469728,75.0,82.0,75,780,6,114.2,True,True,False,1617.9,0.0
10,0111,2,1998,1998-06-25,0.6670750007033348,1158.1,14.300000190734863,26.0,54.0,76,1196,7,114.2,True,True,False,1617.9,325.0
10,0111,2,2000,2000-12-06,0.6573000073432922,1280.96,12.300000190734863,157.0,75.0,78,2103,9,114.2,True,True,False,1617.9,895.0
10,0111,2,2001,2001-07-12,0.6500999987125398,1009.53,13.399999618530272,43.0,76.0,75,2598,10,114.2,True,True,False,1617.9,218.0
10,0111,2,2002,2002-08-16,0.6538500010967254,1166.76,14.199999809265137,36.0,78.0,73,3123,11,114.2,True,True,False,1617.9,400.0
10,0111,2,2003,2003-08-21,0.6594999969005584,1718.59,12.199999809265137,148.0,75.0,83,3679,12,114.2,True,True,False,1617.9,370.0
10,0111,2,2004,2004-11-08,0.68510000705719,1224.25,13.100000381469728,165.0,66.0,80,4268,13,114.2,True,True,False,1617.9,445.0
10,0111,2,2005,2005-08-17,0.7082000076770782,1352.67,13.300000190734863,129.0,80.0,78,4893,14,114.2,True,True,False,1617.9,282.0
10,0111,2,2006,2006-06-13,0.7102000057697295,1272.78,14.199999809265137,23.0,59.0,76,5555,15,114.2,True,True,False,1617.9,300.0
10,0112,2,1997,1997-08-04,0.5714000016450882,1289.42,12.600000381469728,75.0,82.0,75,780,6,142.2,True,True,False,1706.8000000000002,0.0
10,0112,2,1998,1998-06-25,0.5556999996304512,1158.1,14.300000190734863,26.0,54.0,76,1196,7,142.2,True,True,False,1706.8000000000002,325.0
10,0112,2,2000,2000-12-06,0.5331999957561493,1280.96,12.300000190734863,157.0,75.0,78,2103,9,142.2,True,True,False,1706.8000000000002,895.0
10,0112,2,2001,2001-07-12,0.5261999905109406,1009.53,13.399999618530272,43.0,76.0,75,2598,10,142.2,True,True,False,1706.8000000000002,218.0
10,0112,2,2002,2002-08-16,0.5357499957084656,1166.76,14.199999809265137,36.0,78.0,73,3123,11,142.2,True,True,False,1706.8000000000002,400.0
10,0112,2,2003,2003-08-21,0.5551999986171723,1718.59,12.199999809265137,148.0,75.0,83,3679,12,142.2,True,True,False,1706.8000000000002,370.0
10,0112,2,2004,2004-11-08,0.5948999941349029,1224.25,13.100000381469728,165.0,66.0,80,4268,13,142.2,True,True,False,1706.8000000000002,445.0
10,0112,2,2005,2005-08-17,0.6099000036716461,1352.67,13.300000190734863,129.0,80.0,78,4893,14,142.2,True,True,False,1706.8000000000002,282.0
10,0112,2,2006,2006-06-13,0.6221999943256378,1272.78,14.199999809265137,23.0,59.0,76,5555,15,142.2,True,True,False,1706.8000000000002,300.0
10,0159,2,1997,1997-08-04,0.6856500059366226,1289.42,12.600000381469728,75.0,82.0,75,780,6,160.0,False,True,False,1727.1,0.0
10,0159,2,1998,1998-06-25,0.6882000014185905,1158.1,14.300000190734863,26.0,54.0,76,1196,7,160.0,False,True,False,1727.1,325.0
10,0159,2,2000,2000-12-06,0.6696999967098236,1280.96,12.300000190734863,157.0,75.0,78,2103,9,160.0,False,True,False,1727.1,895.0
10,0159,2,2001,2001-07-12,0.6607000172138214,1009.53,13.399999618530272,43.0,76.0,75,2598,10,160.0,False,True,False,1727.1,218.0
10,0159,2,2002,2002-08-16,0.6603000044822693,1166.76,14.199999809265137,36.0,78.0,73,3123,11,160.0,False,True,False,1727.1,400.0
10,0159,2,2003,2003-08-21,0.6701000034809113,1718.59,12.199999809265137,148.0,75.0,83,3679,12,160.0,False,True,False,1727.1,370.0
10,0159,2,2004,2004-11-08,0.680100005865097,1224.25,13.100000381469728,165.0,66.0,80,4268,13,160.0,False,True,False,1727.1,445.0
10,0159,2,2005,2005-08-17,0.6864000082015991,1352.67,13.300000190734863,129.0,80.0,78,4893,14,160.0,False,True,False,1727.1,282.0
10,0159,2,2006,2006-06-13,0.7188999950885773,1272.78,14.199999809265137,23.0,59.0,76,5555,15,160.0,False,True,False,1727.1,300.0
10,0160,2,1996,1996-12-05,0.7592000007629394,1709.02,11.600000381469728,188.0,70.0,81,388,5,193.0,False,True,False,1475.7,0.0
10,0160,2,1997,1997-08-04,0.6256999999284745,1289.42,12.600000381469728,75.0,82.0,75,780,6,193.0,False,True,False,1475.7,242.0
10,0160,2,1998,1998-06-25,0.6308250039815904,1158.1,14.300000190734863,26.0,54.0,76,1196,7,193.0,False,True,False,1475.7,325.0
10,0160,2,2000,2000-12-06,0.645299994945526,1280.96,12.300000190734863,157.0,75.0,78,2103,9,193.0,False,True,False,1475.7,895.0
10,0160,2,2001,2001-07-12,0.6342000067234039,1009.53,13.399999618530272,43.0,76.0,75,2598,10,193.0,False,True,False,1475.7,218.0
10,0160,2,2002,2002-08-16,0.6483999967575074,1166.76,14.199999809265137,36.0,78.0,73,3123,11,193.0,False,True,False,1475.7,400.0
10,0160,2,2003,2003-08-21,0.6545999944210052,1718.59,12.199999809265137,148.0,75.0,83,3679,12,193.0,False,True,False,1475.7,370.0
10,0160,2,2004,2004-11-08,0.6837999999523163,1224.25,13.100000381469728,165.0,66.0,80,4268,13,193.0,False,True,False,1475.7,445.0
10,0160,2,2005,2005-08-17,0.6891000032424927,1352.67,13.300000190734863,129.0,80.0,78,4893,14,193.0,False,True,False,1475.7,282.0
10,0160,2,2006,2006-06-13,0.7075000047683716,1272.78,14.199999809265137,23.0,59.0,76,5555,15,193.0,False,True,False,1475.7,300.0
10,1450,1,1990,1990-07-07,1.1512222290039062,1086.26,13.699999809265137,22.0,69.0,78,11792,15,238.8,False,True,False,401.4,0.0
10,1450,1,1991,1991-06-14,1.2140000224113463,1134.47,13.899999618530272,41.0,74.0,75,12919,16,238.8,False,True,False,401.4,342.0
10,1450,1,1992,1992-06-23,1.1587000012397766,1169.84,12.199999809265137,56.0,90.0,78,14069,17,238.8,False,True,False,401.4,375.0
10,1450,1,1993,1993-06-16,1.2365999817848206,1245.98,12.699999809265137,105.0,82.0,77,15237,18,238.8,False,True,False,401.4,358.0
10,1450,1,1994,1994-06-15,1.2806000113487244,1292.95,12.5,185.0,75.0,78,16333,19,238.8,False,True,False,401.4,364.0
10,1450,1,1995,1995-11-16,1.2639999985694883,1257.44,12.800000190734863,138.0,78.0,74,17452,20,238.8,False,True,False,401.4,519.0
10,1450,1,1997,1997-12-14,1.3501999855041504,1289.42,12.600000381469728,75.0,82.0,75,19768,22,238.8,False,True,False,401.4,759.0
10,1450,2,1998,1998-07-29,1.4121999979019164,1158.1,14.300000190734863,26.0,54.0,76,20977,23,238.8,False,True,False,401.4,227.0
10,1450,3,1999,1999-04-28,0.9256999969482422,1241.65,13.600000381469728,59.0,67.0,75,22198,24,325.2,False,True,False,487.8,273.0
10,1450,3,2001,2001-02-21,1.002800005674362,1009.53,13.399999618530272,43.0,76.0,75,24677,26,325.2,False,True,False,487.8,665.0
10,1450,3,2002,2002-12-06,1.0136000156402587,1166.76,14.199999809265137,36.0,78.0,73,25935,27,325.2,False,True,False,487.8,653.0
10,1450,3,2003,2003-08-20,1.0407000184059143,1718.59,12.199999809265137,148.0,75.0,83,27206,28,325.2,False,True,False,487.8,257.0
10,1450,3,2005,2005-08-16,1.059299999475479,1352.67,13.300000190734863,129.0,80.0,78,29785,30,325.2,False,True,False,487.8,727.0
10,1450,4,2009,2009-03-24,1.133299994468689,1699.8,12.800000190734863,124.0,65.0,80,34479,34,325.20000000000005,False,True,False,487.8,1316.0
10,1450,5,2011,2011-03-08,1.1754000067710877,1345.62,14.100000381469728,77.0,75.0,78,36367,36,325.2,False,True,False,487.8,714.0
10,1450,6,2012,2012-03-28,0.9567000031471252,1267.23,14.699999809265137,18.0,59.0,76,37568,37,381.1,False,True,False,543.7,386.0
10,1450,6,2014,2014-12-08,1.0541000068187714,1340.8,12.300000190734863,191.0,80.0,78,39769,39,381.1,False,True,False,543.7,985.0
11,1400,1,1990,1990-03-23,3.1354000091552736,1260.31,13.399999618530272,25.0,86.0,76,12619,26,322.5,False,False,False,627.3,0.0
11,1400,2,1990,1990-11-11,2.916700005531311,1260.31,13.399999618530272,25.0,86.0,76,12619,26,373.4,False,False,False,678.2,233.0
11,1400,2,1991,1991-04-08,3.0811999797821046,1033.64,13.699999809265137,60.0,84.0,72,13718,27,373.4,False,False,False,678.2,148.0
11,1400,2,1992,1992-12-16,2.9026999950408934,1083.37,11.899999618530272,67.0,98.0,76,14808,28,373.4,False,False,False,678.2,618.0
11,1400,2,1993,1993-06-23,3.0592999935150145,1265.38,12.300000190734863,132.0,92.0,75,15908,29,373.4,False,False,False,678.2,189.0
11,1400,2,1994,1994-06-19,3.098200035095215,1219.75,12.0,239.0,81.0,77,17008,30,373.4,False,False,False,678.2,361.0
11,1400,2,1995,1995-12-04,3.127299952507019,1323.41,12.300000190734863,191.0,88.0,73,18108,31,373.4,False,False,False,678.2,533.0
12,0101,1,1997,1997-01-27,0.82950000166893,1177.89,24.200000762939453,0.0,0.0,78,3023,5,187.9,False,False,False,393.6,0.0
12,0101,1,2000,2000-09-11,0.7591000080108643,733.66,23.89999961853028,0.0,0.0,75,5914,8,187.9,False,False,False,393.6,1323.0
12,0101,1,2001,2001-07-27,0.7784999966621399,1304.72,24.200000762939453,0.0,0.0,75,6999,9,187.9,False,False,False,393.6,319.0
12,0101,1,2002,2002-10-28,0.8204000055789947,1026.96,24.200000762939453,0.0,0.0,78,8134,10,187.9,False,False,False,393.6,458.0
12,0101,1,2003,2003-07-25,0.8776000082492827,1229.75,24.100000381469727,0.0,0.0,78,9487,11,187.9,False,False,False,393.6,270.0
12,0101,1,2004,2004-04-05,0.8663999855518341,1201.14,24.200000762939453,0.0,0.0,75,10777,12,187.9,False,False,False,393.6,255.0
12,0101,1,2005,2005-04-26,0.8566000044345856,1414.19,23.89999961853028,0.0,0.0,78,12210,13,187.9,False,False,False,393.6,386.0
12,0101,1,2006,2006-07-26,0.9406999945640564,911.37,24.200000762939453,0.0,0.0,74,13694,14,187.9,False,False,False,393.6,456.0
12,0101,1,2008,2008-09-03,0.9623000144958496,1094.98,24.0,0.0,0.0,76,16514,16,187.9,False,False,False,393.6,770.0
12,0101,1,2009,2009-05-08,1.0111999928951263,1126.17,24.100000381469727,0.0,0.0,76,18022,17,187.9,False,False,False,393.6,247.0
12,0101,1,2010,2010-02-06,1.075600004196167,1145.82,22.5,0.0,6.0,76,19574,18,187.9,False,False,False,393.6,274.0
12,0101,1,2012,2012-02-24,1.0656999945640564,1234.76,24.39999961853028,0.0,0.0,74,22810,20,187.9,False,False,False,393.6,748.0
12,0102,1,1997,1997-05-22,0.7607000023126602,1177.89,24.200000762939453,0.0,0.0,78,3023,5,119.4,False,False,False,426.7000000000001,0.0
12,0102,1,1998,1998-07-09,0.7497999936342239,1062.46,24.299999237060547,0.0,0.0,78,3930,6,119.4,False,False,False,426.7000000000001,413.0
12,0102,1,2000,2000-09-11,0.7645999968051911,733.66,23.89999961853028,0.0,0.0,75,5914,8,119.4,False,False,False,426.7000000000001,795.0
12,0102,1,2001,2001-07-27,0.7603000104427338,1304.72,24.200000762939453,0.0,0.0,75,6999,9,119.4,False,False,False,426.7000000000001,319.0
12,0102,1,2002,2002-10-28,0.777700001001358,1026.96,24.200000762939453,0.0,0.0,78,8134,10,119.4,False,False,False,426.7000000000001,458.0
12,0102,1,2003,2003-07-25,0.8217000007629395,1229.75,24.100000381469727,0.0,0.0,78,9487,11,119.4,False,False,False,426.7000000000001,270.0
12,0102,1,2004,2004-04-05,0.8360999941825866,1201.14,24.200000762939453,0.0,0.0,75,10777,12,119.4,False,False,False,426.7000000000001,255.0
12,0102,1,2005,2005-04-26,0.8229000031948089,1414.19,23.89999961853028,0.0,0.0,78,12210,13,119.4,False,False,False,426.7000000000001,386.0
12,0102,1,2006,2006-07-26,0.8459000051021576,911.37,24.200000762939453,0.0,0.0,74,13694,14,119.4,False,False,False,426.7000000000001,456.0
12,0102,1,2008,2008-09-03,0.9193000018596648,1094.98,24.0,0.0,0.0,76,16514,16,119.4,False,False,False,426.7000000000001,770.0
12,0102,1,2009,2009-05-08,0.8860999941825867,1126.17,24.100000381469727,0.0,0.0,76,18022,17,119.4,False,False,False,426.7000000000001,247.0
12,0102,1,2010,2010-02-06,0.9590999960899352,1145.82,22.5,0.0,6.0,76,19574,18,119.4,False,False,False,426.7000000000001,274.0
12,0102,1,2012,2012-02-24,0.9080999970436096,1234.76,24.39999961853028,0.0,0.0,74,22810,20,119.4,False,False,False,426.7000000000001,748.0
12,0103,1,1997,1997-01-27,0.7348999977111816,1177.89,24.200000762939453,0.0,0.0,78,3023,5,124.4,False,True,False,325.1,0.0
12,0103,1,2000,2000-09-11,0.7439000010490417,733.66,23.89999961853028,0.0,0.0,75,5914,8,124.4,False,True,False,325.1,1323.0
12,0103,1,2001,2001-07-27,0.7393999993801117,1304.72,24.200000762939453,0.0,0.0,75,6999,9,124.4,False,True,False,325.1,319.0
12,0103,1,2002,2002-10-28,0.723499995470047,1026.96,24.200000762939453,0.0,0.0,78,8134,10,124.4,False,True,False,325.1,458.0
12,0103,1,2003,2003-07-25,0.7947000026702881,1229.75,24.100000381469727,0.0,0.0,78,9487,11,124.4,False,True,False,325.1,270.0
12,0103,1,2004,2004-04-05,0.8551999926567078,1201.14,24.200000762939453,0.0,0.0,75,10777,12,124.4,False,True,False,325.1,255.0
12,0103,1,2005,2005-04-26,0.8657000005245209,1414.19,23.89999961853028,0.0,0.0,78,12210,13,124.4,False,True,False,325.1,386.0
12,0103,1,2006,2006-07-26,0.9901000142097474,911.37,24.200000762939453,0.0,0.0,74,13694,14,124.4,False,True,False,325.1,456.0
12,0103,1,2008,2008-09-03,1.014000004529953,1094.98,24.0,0.0,0.0,76,16514,16,124.4,False,True,False,325.1,770.0
12,0103,1,2009,2009-05-08,1.1837000072002413,1126.17,24.100000381469727,0.0,0.0,76,18022,17,124.4,False,True,False,325.1,247.0
12,0103,1,2010,2010-02-06,1.177899992465973,1145.82,22.5,0.0,6.0,76,19574,18,124.4,False,True,False,325.1,274.0
12,0103,1,2012,2012-02-24,1.1647000014781952,1234.76,24.39999961853028,0.0,0.0,74,22810,20,124.4,False,True,False,325.1,748.0
12,0104,1,1997,1997-05-22,0.6875499963760376,1177.89,24.200000762939453,0.0,0.0,78,3023,5,185.5,False,True,False,492.8,0.0
12,0104,1,1998,1998-07-09,0.7258500009775162,1062.46,24.299999237060547,0.0,0.0,78,3930,6,185.5,False,True,False,492.8,413.0
12,0104,1,2000,2000-09-11,0.6871000111103058,733.66,23.89999961853028,0.0,0.0,75,5914,8,185.5,False,True,False,492.8,795.0
12,0104,1,2001,2001-07-27,0.6785000085830688,1304.72,24.200000762939453,0.0,0.0,75,6999,9,185.5,False,True,False,492.8,319.0
12,0104,1,2002,2002-10-28,0.7084000051021576,1026.96,24.200000762939453,0.0,0.0,78,8134,10,185.5,False,True,False,492.8,458.0
12,0104,1,2003,2003-07-25,0.7659000098705291,1229.75,24.100000381469727,0.0,0.0,78,9487,11,185.5,False,True,False,492.8,270.0
12,0104,1,2004,2004-04-05,0.7563999950885772,1201.14,24.200000762939453,0.0,0.0,75,10777,12,185.5,False,True,False,492.8,255.0
12,0104,1,2005,2005-04-26,0.7633999943733216,1414.19,23.89999961853028,0.0,0.0,78,12210,13,185.5,False,True,False,492.8,386.0
12,0104,1,2006,2006-07-26,0.8564999997615814,911.37,24.200000762939453,0.0,0.0,74,13694,14,185.5,False,True,False,492.8,456.0
12,0104,1,2008,2008-09-03,0.8814000010490417,1094.98,24.0,0.0,0.0,76,16514,16,185.5,False,True,False,492.8,770.0
12,0104,1,2009,2009-05-08,0.9636000156402588,1126.17,24.100000381469727,0.0,0.0,76,18022,17,185.5,False,True,False,492.8,247.0
12,0104,1,2010,2010-02-06,0.9869999945163728,1145.82,22.5,0.0,6.0,76,19574,18,185.5,False,True,False,492.8,274.0
12,0104,1,2012,2012-02-24,0.9110000014305116,1234.76,24.39999961853028,0.0,0.0,74,22810,20,185.5,False,True,False,492.8,748.0
12,0105,1,1997,1997-01-27,0.6593000054359437,1177.89,24.200000762939453,0.0,0.0,78,3023,5,111.8,False,True,False,315.0,0.0
12,0105,1,2000,2000-09-11,0.6656999945640564,733.66,23.89999961853028,0.0,0.0,75,5914,8,111.8,False,True,False,315.0,1323.0
12,0105,1,2001,2001-07-27,0.6812999963760376,1304.72,24.200000762939453,0.0,0.0,75,6999,9,111.8,False,True,False,315.0,319.0
12,0105,1,2002,2002-10-28,0.704200005531311,1026.96,24.200000762939453,0.0,0.0,78,8134,10,111.8,False,True,False,315.0,458.0
12,0105,1,2003,2003-07-25,0.772900003194809,1229.75,24.100000381469727,0.0,0.0,78,9487,11,111.8,False,True,False,315.0,270.0
12,0105,1,2004,2004-04-05,0.8258000135421752,1201.14,24.200000762939453,0.0,0.0,75,10777,12,111.8,False,True,False,315.0,255.0
12,0105,1,2005,2005-04-26,0.7859000027179719,1414.19,23.89999961853028,0.0,0.0,78,12210,13,111.8,False,True,False,315.0,386.0
12,0105,1,2006,2006-07-26,0.8983000099658967,911.37,24.200000762939453,0.0,0.0,74,13694,14,111.8,False,True,False,315.0,456.0
12,0105,1,2008,2008-09-03,0.9850000023841858,1094.98,24.0,0.0,0.0,76,16514,16,111.8,False,True,False,315.0,770.0
12,0105,1,2009,2009-05-08,1.1309000074863431,1126.17,24.100000381469727,0.0,0.0,76,18022,17,111.8,False,True,False,315.0,247.0
12,0105,1,2010,2010-02-06,1.1987999975681305,1145.82,22.5,0.0,6.0,76,19574,18,111.8,False,True,False,315.0,274.0
12,0105,1,2012,2012-02-24,1.1190999746322632,1234.76,24.39999961853028,0.0,0.0,74,22810,20,111.8,False,True,False,315.0,748.0
12,0106,1,1997,1997-01-27,0.5976000010967255,1177.89,24.200000762939453,0.0,0.0,78,3023,5,195.6,False,True,False,508.0,0.0
12,0106,1,2000,2000-09-11,0.5864999949932099,733.66,23.89999961853028,0.0,0.0,75,5914,8,195.6,False,True,False,508.0,1323.0
12,0106,1,2001,2001-07-27,0.586299991607666,1304.72,24.200000762939453,0.0,0.0,75,6999,9,195.6,False,True,False,508.0,319.0
12,0106,1,2002,2002-10-28,0.6291999995708466,1026.96,24.200000762939453,0.0,0.0,78,8134,10,195.6,False,True,False,508.0,458.0
12,0106,1,2003,2003-07-25,0.6308999955654144,1229.75,24.100000381469727,0.0,0.0,78,9487,11,195.6,False,True,False,508.0,270.0
12,0106,1,2004,2004-04-05,0.6657999992370606,1201.14,24.200000762939453,0.0,0.0,75,10777,12,195.6,False,True,False,508.0,255.0
12,0106,1,2005,2005-04-26,0.6687999963760376,1414.19,23.89999961853028,0.0,0.0,78,12210,13,195.6,False,True,False,508.0,386.0
12,0106,1,2006,2006-07-26,0.7421999990940094,911.37,24.200000762939453,0.0,0.0,74,13694,14,195.6,False,True,False,508.0,456.0
12,0106,1,2008,2008-09-03,0.887199991941452,1094.98,24.0,0.0,0.0,76,16514,16,195.6,False,True,False,508.0,770.0
12,0106,1,2009,2009-05-08,0.8284999966621399,1126.17,24.100000381469727,0.0,0.0,76,18022,17,195.6,False,True,False,508.0,247.0
12,0106,1,2010,2010-02-06,0.92710000872612,1145.82,22.5,0.0,6.0,76,19574,18,195.6,False,True,False,508.0,274.0
12,0106,1,2012,2012-02-24,0.8537000000476838,1234.76,24.39999961853028,0.0,0.0,74,22810,20,195.6,False,True,False,508.0,748.0
12,0107,1,1997,1997-01-27,0.8354999899864197,1177.89,24.200000762939453,0.0,0.0,78,3023,5,109.2,False,True,False,307.3,0.0
12,0107,1,2000,2000-09-11,0.831300002336502,733.66,23.89999961853028,0.0,0.0,75,5914,8,109.2,False,True,False,307.3,1323.0
12,0107,1,2001,2001-07-27,0.8245000004768371,1304.72,24.200000762939453,0.0,0.0,75,6999,9,109.2,False,True,False,307.3,319.0
12,0107,1,2002,2002-10-28,0.8520000040531158,1026.96,24.200000762939453,0.0,0.0,78,8134,10,109.2,False,True,False,307.3,458.0
12,0107,1,2003,2003-07-25,0.8430999994277955,1229.75,24.100000381469727,0.0,0.0,78,9487,11,109.2,False,True,False,307.3,270.0
12,0107,1,2004,2004-04-05,0.9126000046730042,1201.14,24.200000762939453,0.0,0.0,75,10777,12,109.2,False,True,False,307.3,255.0
12,0107,1,2005,2005-04-26,0.8857000052928925,1414.19,23.89999961853028,0.0,0.0,78,12210,13,109.2,False,True,False,307.3,386.0
12,0107,1,2006,2006-07-26,0.9370999991893768,911.37,24.200000762939453,0.0,0.0,74,13694,14,109.2,False,True,False,307.3,456.0
12,0107,1,2008,2008-09-03,0.9542999982833862,1094.98,24.0,0.0,0.0,76,16514,16,109.2,False,True,False,307.3,770.0
12,0107,1,2009,2009-05-08,1.0258000016212463,1126.17,24.100000381469727,0.0,0.0,76,18022,17,109.2,False,True,False,307.3,247.0
12,0107,1,2010,2010-02-06,1.330399990081787,1145.82,22.5,0.0,6.0,76,19574,18,109.2,False,True,False,307.3,274.0
12,0107,1,2012,2012-02-24,1.0414999902248383,1234.76,24.39999961853028,0.0,0.0,74,22810,20,109.2,False,True,False,307.3,748.0
12,0108,1,1997,1997-05-22,0.9054000049829484,1177.89,24.200000762939453,0.0,0.0,78,3023,5,180.4,False,True,False,482.7,0.0
12,0108,1,1998,1998-07-09,0.791899996995926,1062.46,24.299999237060547,0.0,0.0,78,3930,6,180.4,False,True,False,482.7,413.0
12,0108,1,2000,2000-09-11,0.8001999974250793,733.66,23.89999961853028,0.0,0.0,75,5914,8,180.4,False,True,False,482.7,795.0
12,0108,1,2001,2001-07-27,0.8097000002861023,1304.72,24.200000762939453,0.0,0.0,75,6999,9,180.4,False,True,False,482.7,319.0
12,0108,1,2002,2002-10-28,0.7985000014305115,1026.96,24.200000762939453,0.0,0.0,78,8134,10,180.4,False,True,False,482.7,458.0
12,0108,1,2003,2003-07-25,0.8074999928474427,1229.75,24.100000381469727,0.0,0.0,78,9487,11,180.4,False,True,False,482.7,270.0
12,0108,1,2004,2004-04-05,0.8769999980926514,1201.14,24.200000762939453,0.0,0.0,75,10777,12,180.4,False,True,False,482.7,255.0
12,0108,1,2005,2005-04-26,0.926200008392334,1414.19,23.89999961853028,0.0,0.0,78,12210,13,180.4,False,True,False,482.7,386.0
12,0108,1,2006,2006-07-26,0.9409999907016756,911.37,24.200000762939453,0.0,0.0,74,13694,14,180.4,False,True,False,482.7,456.0
12,0108,1,2008,2008-09-03,1.0297000110149384,1094.98,24.0,0.0,0.0,76,16514,16,180.4,False,True,False,482.7,770.0
12,0108,1,2009,2009-05-08,1.018400001525879,1126.17,24.100000381469727,0.0,0.0,76,18022,17,180.4,False,True,False,482.7,247.0
12,0108,1,2010,2010-02-06,1.117799997329712,1145.82,22.5,0.0,6.0,76,19574,18,180.4,False,True,False,482.7,274.0
12,0108,1,2012,2012-02-24,1.0511000037193297,1234.76,24.39999961853028,0.0,0.0,74,22810,20,180.4,False,True,False,482.7,748.0
12,0109,1,1997,1997-01-27,0.658100003004074,1177.89,24.200000762939453,0.0,0.0,78,3023,5,193.0,False,True,False,591.8,0.0
12,0109,1,2000,2000-09-11,0.6388999998569489,733.66,23.89999961853028,0.0,0.0,75,5914,8,193.0,False,True,False,591.8,1323.0
12,0109,1,2001,2001-07-27,0.6347000002861023,1304.72,24.200000762939453,0.0,0.0,75,6999,9,193.0,False,True,False,591.8,319.0
12,0109,1,2002,2002-10-28,0.6678000032901763,1026.96,24.200000762939453,0.0,0.0,78,8134,10,193.0,False,True,False,591.8,458.0
12,0109,1,2003,2003-07-25,0.7181999981403351,1229.75,24.100000381469727,0.0,0.0,78,9487,11,193.0,False,True,False,591.8,270.0
12,0109,1,2004,2004-04-05,0.7131999969482422,1201.14,24.200000762939453,0.0,0.0,75,10777,12,193.0,False,True,False,591.8,255.0
12,0109,1,2005,2005-04-26,0.7324000060558319,1414.19,23.89999961853028,0.0,0.0,78,12210,13,193.0,False,True,False,591.8,386.0
12,0109,1,2006,2006-07-26,0.7327000021934509,911.37,24.200000762939453,0.0,0.0,74,13694,14,193.0,False,True,False,591.8,456.0
12,0109,1,2008,2008-09-03,0.7848999977111817,1094.98,24.0,0.0,0.0,76,16514,16,193.0,False,True,False,591.8,770.0
12,0109,1,2009,2009-05-08,0.820300006866455,1126.17,24.100000381469727,0.0,0.0,76,18022,17,193.0,False,True,False,591.8,247.0
12,0109,1,2010,2010-02-06,0.8871999979019165,1145.82,22.5,0.0,6.0,76,19574,18,193.0,False,True,False,591.8,274.0
12,0109,1,2012,2012-02-24,0.7776000082492829,1234.76,24.39999961853028,0.0,0.0,74,22810,20,193.0,False,True,False,591.8,748.0
12,0110,1,1997,1997-05-22,0.8593999981880187,1177.89,24.200000762939453,0.0,0.0,78,3023,5,198.1,True,True,False,393.6,0.0
12,0110,1,1998,1998-07-09,0.8492499887943268,1062.46,24.299999237060547,0.0,0.0,78,3930,6,198.1,True,True,False,393.6,413.0
12,0110,1,2000,2000-09-11,0.8584000051021576,733.66,23.89999961853028,0.0,0.0,75,5914,8,198.1,True,True,False,393.6,795.0
12,0110,1,2001,2001-07-27,0.8748000025749206,1304.72,24.200000762939453,0.0,0.0,75,6999,9,198.1,True,True,False,393.6,319.0
12,0110,1,2002,2002-10-28,0.8828000009059906,1026.96,24.200000762939453,0.0,0.0,78,8134,10,198.1,True,True,False,393.6,458.0
12,0110,1,2003,2003-07-25,0.9189000010490418,1229.75,24.100000381469727,0.0,0.0,78,9487,11,198.1,True,True,False,393.6,270.0
12,0110,1,2004,2004-04-05,0.934599995613098,1201.14,24.200000762939453,0.0,0.0,75,10777,12,198.1,True,True,False,393.6,255.0
12,0110,1,2005,2005-04-26,0.9661000132560732,1414.19,23.89999961853028,0.0,0.0,78,12210,13,198.1,True,True,False,393.6,386.0
12,0110,1,2006,2006-07-26,0.9692999958992004,911.37,24.200000762939453,0.0,0.0,74,13694,14,198.1,True,True,False,393.6,456.0
12,0110,1,2008,2008-09-03,1.0236000001430512,1094.98,24.0,0.0,0.0,76,16514,16,198.1,True,True,False,393.6,770.0
12,0110,1,2009,2009-05-08,1.1006999909877777,1126.17,24.100000381469727,0.0,0.0,76,18022,17,198.1,True,True,False,393.6,247.0
12,0110,1,2010,2010-02-06,1.0868000030517575,1145.82,22.5,0.0,6.0,76,19574,18,198.1,True,True,False,393.6,274.0
12,0110,1,2012,2012-02-24,1.0599000096321105,1234.76,24.39999961853028,0.0,0.0,74,22810,20,198.1,True,True,False,393.6,748.0
12,0111,1,1997,1997-01-27,0.711599999666214,1177.89,24.200000762939453,0.0,0.0,78,3023,5,111.7,True,True,False,424.1,0.0
12,0111,1,2000,2000-09-11,0.6929000020027161,733.66,23.89999961853028,0.0,0.0,75,5914,8,111.7,True,True,False,424.1,1323.0
12,0111,1,2001,2001-07-27,0.6852999866008758,1304.72,24.200000762939453,0.0,0.0,75,6999,9,111.7,True,True,False,424.1,319.0
12,0111,1,2002,2002-10-28,0.7202000021934509,1026.96,24.200000762939453,0.0,0.0,78,8134,10,111.7,True,True,False,424.1,458.0
12,0111,1,2003,2003-07-25,0.7198000013828278,1229.75,24.100000381469727,0.0,0.0,78,9487,11,111.7,True,True,False,424.1,270.0
12,0111,1,2004,2004-04-05,0.753799992799759,1201.14,24.200000762939453,0.0,0.0,75,10777,12,111.7,True,True,False,424.1,255.0
12,0111,1,2005,2005-04-26,0.7641999959945679,1414.19,23.89999961853028,0.0,0.0,78,12210,13,111.7,True,True,False,424.1,386.0
12,0111,1,2006,2006-07-26,0.8578999996185303,911.37,24.200000762939453,0.0,0.0,74,13694,14,111.7,True,True,False,424.1,456.0
12,0111,1,2008,2008-09-03,0.9032999873161316,1094.98,24.0,0.0,0.0,76,16514,16,111.7,True,True,False,424.1,770.0
12,0111,1,2009,2009-05-08,0.9460000038146972,1126.17,24.100000381469727,0.0,0.0,76,18022,17,111.7,True,True,False,424.1,247.0
12,0111,1,2010,2010-02-06,1.008300006389618,1145.82,22.5,0.0,6.0,76,19574,18,111.7,True,True,False,424.1,274.0
12,0111,1,2012,2012-02-24,0.933299994468689,1234.76,24.39999961853028,0.0,0.0,74,22810,20,111.7,True,True,False,424.1,748.0
12,0112,1,1997,1997-01-27,0.7022999942302703,1177.89,24.200000762939453,0.0,0.0,78,3023,5,114.3,True,True,False,525.6999999999999,0.0
12,0112,1,2000,2000-09-11,0.6683000087738037,733.66,23.89999961853028,0.0,0.0,75,5914,8,114.3,True,True,False,525.6999999999999,1323.0
12,0112,1,2001,2001-07-27,0.6714999973773956,1304.72,24.200000762939453,0.0,0.0,75,6999,9,114.3,True,True,False,525.6999999999999,319.0
12,0112,1,2002,2002-10-28,0.68539999127388,1026.96,24.200000762939453,0.0,0.0,78,8134,10,114.3,True,True,False,525.6999999999999,458.0
12,0112,1,2003,2003-07-25,0.7219000041484833,1229.75,24.100000381469727,0.0,0.0,78,9487,11,114.3,True,True,False,525.6999999999999,270.0
12,0112,1,2004,2004-04-05,0.7345999956130982,1201.14,24.200000762939453,0.0,0.0,75,10777,12,114.3,True,True,False,525.6999999999999,255.0
12,0112,1,2005,2005-04-26,0.7510999977588654,1414.19,23.89999961853028,0.0,0.0,78,12210,13,114.3,True,True,False,525.6999999999999,386.0
12,0112,1,2006,2006-07-26,0.790200001001358,911.37,24.200000762939453,0.0,0.0,74,13694,14,114.3,True,True,False,525.6999999999999,456.0
12,0112,1,2008,2008-09-03,0.9232999980449677,1094.98,24.0,0.0,0.0,76,16514,16,114.3,True,True,False,525.6999999999999,770.0
12,0112,1,2009,2009-05-08,0.8715999901294709,1126.17,24.100000381469727,0.0,0.0,76,18022,17,114.3,True,True,False,525.6999999999999,247.0
12,0112,1,2010,2010-02-06,0.9153999924659728,1145.82,22.5,0.0,6.0,76,19574,18,114.3,True,True,False,525.6999999999999,274.0
12,0112,1,2012,2012-02-24,0.8630000054836273,1234.76,24.39999961853028,0.0,0.0,74,22810,20,114.3,True,True,False,525.6999999999999,748.0
12,0161,1,1997,1997-01-27,1.0574000120162963,1177.89,24.200000762939453,0.0,0.0,78,3023,5,127.1,False,False,False,386.2000000000001,0.0
12,0161,1,2000,2000-09-11,1.0194999992847442,733.66,23.89999961853028,0.0,0.0,75,5914,8,127.1,False,False,False,386.2000000000001,1323.0
12,0161,1,2001,2001-07-27,0.9969000101089478,1304.72,24.200000762939453,0.0,0.0,75,6999,9,127.1,False,False,False,386.2000000000001,319.0
12,0161,1,2002,2002-10-28,1.0342999935150146,1026.96,24.200000762939453,0.0,0.0,78,8134,10,127.1,False,False,False,386.2000000000001,458.0
12,0161,1,2003,2003-07-25,1.0637999892234802,1229.75,24.100000381469727,0.0,0.0,78,9487,11,127.1,False,False,False,386.2000000000001,270.0
12,0161,1,2004,2004-04-05,1.0855000138282775,1201.14,24.200000762939453,0.0,0.0,75,10777,12,127.1,False,False,False,386.2000000000001,255.0
12,0161,1,2005,2005-04-26,1.0802000164985657,1414.19,23.89999961853028,0.0,0.0,78,12210,13,127.1,False,False,False,386.2000000000001,386.0
12,0161,1,2006,2006-07-26,1.1581999957561493,911.37,24.200000762939453,0.0,0.0,74,13694,14,127.1,False,False,False,386.2000000000001,456.0
12,0161,1,2008,2008-09-03,1.182499992847443,1094.98,24.0,0.0,0.0,76,16514,16,127.1,False,False,False,386.2000000000001,770.0
12,0502,1,1994,1994-05-25,1.074199992418289,1558.31,23.89999961853028,0.0,0.0,81,9139,24,86.3,False,False,False,767.0,0.0
12,0502,2,1995,1995-11-01,0.6795000076293946,1846.88,23.100000381469727,0.0,0.0,81,9262,25,109.2,False,False,False,789.9,525.0
12,0502,2,1997,1997-09-14,0.6777000010013581,1368.9,24.0,0.0,0.0,77,9752,27,109.2,False,False,False,789.9,683.0
12,0502,2,2000,2000-09-11,0.700900000333786,733.69,23.700000762939453,0.0,0.0,73,10771,30,109.2,False,False,False,789.9,1093.0
12,0502,2,2001,2001-07-29,0.7291000068187714,1450.19,23.89999961853028,0.0,0.0,75,11086,31,109.2,False,False,False,789.9,321.0
12,0502,2,2003,2003-05-09,0.8060000002384186,1213.13,23.89999961853028,0.0,0.0,77,11368,33,109.2,False,False,False,789.9,649.0
12,0502,2,2004,2004-04-07,0.7910000026226043,1198.43,24.100000381469727,0.0,0.0,74,11545,34,109.2,False,False,False,789.9,334.0
12,0502,2,2005,2005-04-27,0.8061999917030334,1488.64,23.600000381469727,0.0,0.0,78,11807,35,109.2,False,False,False,789.9,385.0
12,0502,2,2006,2006-07-27,0.8660000026226045,968.58,24.0,0.0,0.0,73,12032,36,109.2,False,False,False,789.9,456.0
12,0502,2,2007,2007-12-04,0.9144000053405762,1062.98,24.5,0.0,0.0,73,12238,37,109.2,False,False,False,789.9,495.0
12,0502,2,2008,2008-09-02,0.9984999954700472,1312.78,23.700000762939453,0.0,0.0,76,12431,38,109.2,False,False,False,789.9,273.0
12,0502,2,2009,2009-05-05,1.101800006628037,1181.01,24.0,0.0,0.0,74,12624,39,109.2,False,False,False,789.9,245.0
12,0502,2,2010,2010-02-07,1.0850000023841857,1038.53,22.5,0.0,3.0,74,12799,40,109.2,False,False,False,789.9,278.0
12,0502,2,2012,2012-02-25,1.1771000146865849,1132.28,24.200000762939453,0.0,0.0,74,13137,42,109.2,False,False,False,789.9,748.0
12,0502,2,2013,2013-09-13,1.1228999972343443,1302.31,24.299999237060547,0.0,0.0,76,13300,43,109.2,False,False,False,789.9,566.0
12,0502,3,2014,2014-10-03,0.6825999975204468,1166.79,24.100000381469727,0.0,0.0,75,13459,44,114.3,False,False,False,795.0,385.0
12,0502,3,2016,2016-05-24,0.7571999967098235,1611.76,24.200000762939453,0.0,0.0,76,13767,46,114.3,False,False,False,795.0,599.0
12,0502,3,2020,2020-10-13,1.049699991941452,1328.24,24.89999961853028,0.0,0.0,76,15514,50,114.3,False,False,False,795.0,1603.0
12,0503,1,1994,1994-05-25,1.0284999907016754,1558.31,23.89999961853028,0.0,0.0,81,9139,24,101.6,False,False,False,805.2,0.0
12,0503,2,1995,1995-11-01,0.7354999959468842,1846.88,23.100000381469727,0.0,0.0,81,9262,25,203.3,False,False,False,906.9,525.0
12,0503,2,1997,1997-09-14,0.7579999923706054,1368.9,24.0,0.0,0.0,77,9752,27,203.3,False,False,False,906.9,683.0
12,0503,2,2000,2000-09-11,0.7173999965190887,733.69,23.700000762939453,0.0,0.0,73,10771,30,203.3,False,False,False,906.9,1093.0
12,0503,2,2001,2001-07-29,0.7199999988079071,1450.19,23.89999961853028,0.0,0.0,75,11086,31,203.3,False,False,False,906.9,321.0
12,0503,2,2003,2003-05-09,0.7552999913692474,1213.13,23.89999961853028,0.0,0.0,77,11368,33,203.3,False,False,False,906.9,649.0
12,0503,2,2004,2004-04-07,0.8085000038146972,1198.43,24.100000381469727,0.0,0.0,74,11545,34,203.3,False,False,False,906.9,334.0
12,0503,2,2005,2005-04-27,0.8273999869823456,1488.64,23.600000381469727,0.0,0.0,78,11807,35,203.3,False,False,False,906.9,385.0
12,0503,2,2006,2006-07-27,0.8222999989986419,968.58,24.0,0.0,0.0,73,12032,36,203.3,False,False,False,906.9,456.0
12,0503,2,2007,2007-12-04,0.8465999960899353,1062.98,24.5,0.0,0.0,73,12238,37,203.3,False,False,False,906.9,495.0
12,0503,2,2008,2008-09-02,0.898499995470047,1312.78,23.700000762939453,0.0,0.0,76,12431,38,203.3,False,False,False,906.9,273.0
12,0503,2,2009,2009-05-05,0.8745999991893769,1181.01,24.0,0.0,0.0,74,12624,39,203.3,False,False,False,906.9,245.0
12,0503,2,2010,2010-02-07,0.9369000017642974,1038.53,22.5,0.0,3.0,74,12799,40,203.3,False,False,False,906.9,278.0
12,0503,2,2012,2012-02-25,0.8369999945163726,1132.28,24.200000762939453,0.0,0.0,74,13137,42,203.3,False,False,False,906.9,748.0
12,0503,2,2013,2013-09-13,0.8517999947071075,1302.31,24.299999237060547,0.0,0.0,76,13300,43,203.3,False,False,False,906.9,566.0
12,0503,3,2014,2014-10-03,0.6290000021457671,1166.79,24.100000381469727,0.0,0.0,75,13459,44,208.3,False,False,False,911.9,385.0
12,0503,3,2016,2016-05-24,0.6490999937057496,1611.76,24.200000762939453,0.0,0.0,76,13767,46,208.3,False,False,False,911.9,599.0
12,0503,3,2020,2020-10-13,0.7049999952316284,1328.24,24.89999961853028,0.0,0.0,76,15514,50,208.3,False,False,False,911.9,1603.0
12,0504,1,1994,1994-05-25,1.4009000062942505,1558.31,23.89999961853028,0.0,0.0,81,9139,24,76.2,False,False,False,762.0,0.0
12,0504,2,1995,1995-11-02,0.6408999979496002,1846.88,23.100000381469727,0.0,0.0,81,9262,25,193.1,False,False,False,878.9,526.0
12,0504,2,1997,1997-09-14,0.6444000005722046,1368.9,24.0,0.0,0.0,77,9752,27,193.1,False,False,False,878.9,682.0
12,0504,2,2000,2000-09-11,0.5753000020980835,733.69,23.700000762939453,0.0,0.0,73,10771,30,193.1,False,False,False,878.9,1093.0
12,0504,2,2001,2001-07-29,0.593699997663498,1450.19,23.89999961853028,0.0,0.0,75,11086,31,193.1,False,False,False,878.9,321.0
12,0504,2,2003,2003-05-09,0.6729000031948089,1213.13,23.89999961853028,0.0,0.0,77,11368,33,193.1,False,False,False,878.9,649.0
12,0504,2,2004,2004-04-07,0.697599995136261,1198.43,24.100000381469727,0.0,0.0,74,11545,34,193.1,False,False,False,878.9,334.0
12,0504,2,2005,2005-04-27,0.7207999944686889,1488.64,23.600000381469727,0.0,0.0,78,11807,35,193.1,False,False,False,878.9,385.0
12,0504,2,2006,2006-07-27,0.6984000027179718,968.58,24.0,0.0,0.0,73,12032,36,193.1,False,False,False,878.9,456.0
12,0504,2,2007,2007-12-04,0.7236000061035157,1062.98,24.5,0.0,0.0,73,12238,37,193.1,False,False,False,878.9,495.0
12,0504,2,2008,2008-09-02,0.8225000023841857,1312.78,23.700000762939453,0.0,0.0,76,12431,38,193.1,False,False,False,878.9,273.0
12,0504,2,2009,2009-05-05,0.7543999969959259,1181.01,24.0,0.0,0.0,74,12624,39,193.1,False,False,False,878.9,245.0
12,0504,2,2010,2010-02-07,0.815200001001358,1038.53,22.5,0.0,3.0,74,12799,40,193.1,False,False,False,878.9,278.0
12,0504,2,2012,2012-02-25,0.7372999966144562,1132.28,24.200000762939453,0.0,0.0,74,13137,42,193.1,False,False,False,878.9,748.0
12,0504,2,2013,2013-09-13,0.7531999886035919,1302.31,24.299999237060547,0.0,0.0,76,13300,43,193.1,False,False,False,878.9,566.0
12,0504,3,2014,2014-10-03,0.598199999332428,1166.79,24.100000381469727,0.0,0.0,75,13459,44,198.1,False,False,False,883.9,385.0
12,0504,3,2016,2016-05-24,0.6314000070095063,1611.76,24.200000762939453,0.0,0.0,76,13767,46,198.1,False,False,False,883.9,599.0
12,0504,3,2020,2020-10-13,0.629199993610382,1328.24,24.89999961853028,0.0,0.0,76,15514,50,198.1,False,False,False,883.9,1603.0
12,0505,1,1994,1994-05-25,1.4454999923706056,1558.31,23.89999961853028,0.0,0.0,81,9139,24,83.9,False,False,False,764.6,0.0
12,0505,2,1995,1995-11-02,0.4900999993085861,1846.88,23.100000381469727,0.0,0.0,81,9262,25,119.3,False,False,False,800.0,526.0
12,0505,2,1997,1997-09-14,0.5428000062704086,1368.9,24.0,0.0,0.0,77,9752,27,119.3,False,False,False,800.0,682.0
12,0505,2,2000,2000-09-11,0.5197999984025956,733.69,23.700000762939453,0.0,0.0,73,10771,30,119.3,False,False,False,800.0,1093.0
12,0505,2,2001,2001-07-29,0.5439999997615814,1450.19,23.89999961853028,0.0,0.0,75,11086,31,119.3,False,False,False,800.0,321.0
12,0505,2,2003,2003-05-09,0.540800005197525,1213.13,23.89999961853028,0.0,0.0,77,11368,33,119.3,False,False,False,800.0,649.0
12,0505,2,2004,2004-04-07,0.6323000013828277,1198.43,24.100000381469727,0.0,0.0,74,11545,34,119.3,False,False,False,800.0,334.0
12,0505,2,2005,2005-04-27,0.6121999979019166,1488.64,23.600000381469727,0.0,0.0,78,11807,35,119.3,False,False,False,800.0,385.0
12,0505,2,2006,2006-07-27,0.6244999885559082,968.58,24.0,0.0,0.0,73,12032,36,119.3,False,False,False,800.0,456.0
12,0505,2,2007,2007-12-04,0.5970000088214874,1062.98,24.5,0.0,0.0,73,12238,37,119.3,False,False,False,800.0,495.0
12,0505,2,2008,2008-09-02,0.6908999979496002,1312.78,23.700000762939453,0.0,0.0,76,12431,38,119.3,False,False,False,800.0,273.0
12,0505,2,2009,2009-05-05,0.6586000025272369,1181.01,24.0,0.0,0.0,74,12624,39,119.3,False,False,False,800.0,245.0
12,0505,2,2010,2010-02-07,0.7144000053405761,1038.53,22.5,0.0,3.0,74,12799,40,119.3,False,False,False,800.0,278.0
12,0505,2,2012,2012-02-25,0.6759999930858612,1132.28,24.200000762939453,0.0,0.0,74,13137,42,119.3,False,False,False,800.0,748.0
12,0505,2,2013,2013-09-13,0.736899995803833,1302.31,24.299999237060547,0.0,0.0,76,13300,43,119.3,False,False,False,800.0,566.0
12,0505,3,2014,2014-10-03,0.617299997806549,1166.79,24.100000381469727,0.0,0.0,75,13459,44,124.4,False,False,False,805.1,385.0
12,0505,3,2016,2016-05-24,0.6512999951839447,1611.76,24.200000762939453,0.0,0.0,76,13767,46,124.4,False,False,False,805.1,599.0
12,0505,3,2020,2020-10-13,0.6921999990940094,1328.24,24.89999961853028,0.0,0.0,76,15514,50,124.4,False,False,False,805.1,1603.0
12,0506,1,1994,1994-05-25,0.9701999962329864,1558.31,23.89999961853028,0.0,0.0,81,9139,24,111.8,False,False,False,797.6,0.0
12,0506,2,1995,1995-11-02,0.49719999730587,1846.88,23.100000381469727,0.0,0.0,81,9262,25,132.1,False,False,False,817.9000000000001,526.0
12,0506,2,1997,1997-09-14,0.4884000033140183,1368.9,24.0,0.0,0.0,77,9752,27,132.1,False,False,False,817.9000000000001,682.0
12,0506,2,2000,2000-09-11,0.4581000000238419,733.69,23.700000762939453,0.0,0.0,73,10771,30,132.1,False,False,False,817.9000000000001,1093.0
12,0506,2,2001,2001-07-29,0.4875999957323074,1450.19,23.89999961853028,0.0,0.0,75,11086,31,132.1,False,False,False,817.9000000000001,321.0
12,0506,2,2003,2003-05-09,0.4967000007629394,1213.13,23.89999961853028,0.0,0.0,77,11368,33,132.1,False,False,False,817.9000000000001,649.0
12,0506,2,2004,2004-04-07,0.5498000025749207,1198.43,24.100000381469727,0.0,0.0,74,11545,34,132.1,False,False,False,817.9000000000001,334.0
12,0506,2,2005,2005-04-27,0.5513000011444091,1488.64,23.600000381469727,0.0,0.0,78,11807,35,132.1,False,False,False,817.9000000000001,385.0
12,0506,2,2006,2006-07-27,0.556599998474121,968.58,24.0,0.0,0.0,73,12032,36,132.1,False,False,False,817.9000000000001,456.0
12,0506,2,2007,2007-12-04,0.5642000019550324,1062.98,24.5,0.0,0.0,73,12238,37,132.1,False,False,False,817.9000000000001,495.0
12,0506,2,2008,2008-09-02,0.7046999990940095,1312.78,23.700000762939453,0.0,0.0,76,12431,38,132.1,False,False,False,817.9000000000001,273.0
12,0506,2,2009,2009-05-05,0.582200002670288,1181.01,24.0,0.0,0.0,74,12624,39,132.1,False,False,False,817.9000000000001,245.0
12,0506,2,2010,2010-02-07,0.6352999985218049,1038.53,22.5,0.0,3.0,74,12799,40,132.1,False,False,False,817.9000000000001,278.0
12,0506,2,2012,2012-02-25,0.5844999969005584,1132.28,24.200000762939453,0.0,0.0,74,13137,42,132.1,False,False,False,817.9000000000001,748.0
12,0506,2,2013,2013-09-13,0.605299997329712,1302.31,24.299999237060547,0.0,0.0,76,13300,43,132.1,False,False,False,817.9000000000001,566.0
12,0506,3,2014,2014-10-03,0.6412000060081482,1166.79,24.100000381469727,0.0,0.0,75,13459,44,137.2,False,False,False,823.0,385.0
12,0506,3,2016,2016-05-24,0.6479999959468842,1611.76,24.200000762939453,0.0,0.0,76,13767,46,137.2,False,False,False,823.0,599.0
12,0506,3,2020,2020-10-13,0.6898000061511993,1328.24,24.89999961853028,0.0,0.0,76,15514,50,137.2,False,False,False,823.0,1603.0
12,0507,1,1994,1994-05-25,1.1357000112533568,1558.31,23.89999961853028,0.0,0.0,81,9139,24,78.69999999999999,False,False,False,739.1,0.0
12,0507,2,1995,1995-11-02,0.5479999989271165,1846.88,23.100000381469727,0.0,0.0,81,9262,25,193.0,False,False,False,853.4,526.0
12,0507,2,1997,1997-09-14,0.5470000058412552,1368.9,24.0,0.0,0.0,77,9752,27,193.0,False,False,False,853.4,682.0
12,0507,2,2000,2000-09-11,0.5393000036478043,733.69,23.700000762939453,0.0,0.0,73,10771,30,193.0,False,False,False,853.4,1093.0
12,0507,2,2001,2001-07-29,0.5470999926328659,1450.19,23.89999961853028,0.0,0.0,75,11086,31,193.0,False,False,False,853.4,321.0
12,0507,2,2003,2003-05-09,0.6018999993801117,1213.13,23.89999961853028,0.0,0.0,77,11368,33,193.0,False,False,False,853.4,649.0
12,0507,2,2004,2004-04-07,0.5847999930381775,1198.43,24.100000381469727,0.0,0.0,74,11545,34,193.0,False,False,False,853.4,334.0
12,0507,2,2005,2005-04-27,0.5917000055313111,1488.64,23.600000381469727,0.0,0.0,78,11807,35,193.0,False,False,False,853.4,385.0
12,0507,2,2006,2006-07-27,0.594599986076355,968.58,24.0,0.0,0.0,73,12032,36,193.0,False,False,False,853.4,456.0
12,0507,2,2007,2007-12-04,0.6157999992370606,1062.98,24.5,0.0,0.0,73,12238,37,193.0,False,False,False,853.4,495.0
12,0507,2,2008,2008-09-02,0.7192000091075897,1312.78,23.700000762939453,0.0,0.0,76,12431,38,193.0,False,False,False,853.4,273.0
12,0507,2,2009,2009-05-05,0.6660000026226044,1181.01,24.0,0.0,0.0,74,12624,39,193.0,False,False,False,853.4,245.0
12,0507,2,2010,2010-02-07,0.6759999990463257,1038.53,22.5,0.0,3.0,74,12799,40,193.0,False,False,False,853.4,278.0
12,0507,2,2012,2012-02-25,0.6178999900817871,1132.28,24.200000762939453,0.0,0.0,74,13137,42,193.0,False,False,False,853.4,748.0
12,0507,2,2013,2013-09-13,0.6363999962806701,1302.31,24.299999237060547,0.0,0.0,76,13300,43,193.0,False,False,False,853.4,566.0
12,0507,3,2014,2014-10-03,0.8571999907493592,1166.79,24.100000381469727,0.0,0.0,75,13459,44,198.1,False,False,False,858.5,385.0
12,0507,3,2016,2016-05-24,0.856199997663498,1611.76,24.200000762939453,0.0,0.0,76,13767,46,198.1,False,False,False,858.5,599.0
12,0507,3,2020,2020-10-13,0.9528999984264376,1328.24,24.89999961853028,0.0,0.0,76,15514,50,198.1,False,False,False,858.5,1603.0
12,0508,1,1994,1994-05-25,1.1203999996185303,1558.31,23.89999961853028,0.0,0.0,81,9139,24,83.8,False,False,False,769.6,0.0
12,0508,2,1997,1997-09-14,0.7177999973297119,1368.9,24.0,0.0,0.0,77,9752,27,205.7,False,False,False,891.5,1208.0
12,0508,2,2000,2000-09-11,0.6840999960899352,733.69,23.700000762939453,0.0,0.0,73,10771,30,205.7,False,False,False,891.5,1093.0
12,0508,2,2001,2001-07-29,0.6872000038623809,1450.19,23.89999961853028,0.0,0.0,75,11086,31,205.7,False,False,False,891.5,321.0
12,0508,2,2003,2003-05-09,0.7295999944210052,1213.13,23.89999961853028,0.0,0.0,77,11368,33,205.7,False,False,False,891.5,649.0
12,0508,2,2004,2004-04-07,0.7522999942302704,1198.43,24.100000381469727,0.0,0.0,74,11545,34,205.7,False,False,False,891.5,334.0
12,0508,2,2005,2005-04-27,0.7492000043392182,1488.64,23.600000381469727,0.0,0.0,78,11807,35,205.7,False,False,False,891.5,385.0
12,0508,2,2006,2006-07-27,0.7707000017166138,968.58,24.0,0.0,0.0,73,12032,36,205.7,False,False,False,891.5,456.0
12,0508,2,2007,2007-12-04,0.7635999977588653,1062.98,24.5,0.0,0.0,73,12238,37,205.7,False,False,False,891.5,495.0
12,0508,2,2008,2008-09-02,0.8629999935626984,1312.78,23.700000762939453,0.0,0.0,76,12431,38,205.7,False,False,False,891.5,273.0
12,0508,2,2009,2009-05-05,0.7862000048160553,1181.01,24.0,0.0,0.0,74,12624,39,205.7,False,False,False,891.5,245.0
12,0508,2,2010,2010-02-07,0.8548999965190888,1038.53,22.5,0.0,3.0,74,12799,40,205.7,False,False,False,891.5,278.0
12,0508,2,2012,2012-02-25,0.7743000030517578,1132.28,24.200000762939453,0.0,0.0,74,13137,42,205.7,False,False,False,891.5,748.0
12,0508,2,2013,2013-09-13,0.78960000872612,1302.31,24.299999237060547,0.0,0.0,76,13300,43,205.7,False,False,False,891.5,566.0
12,0508,3,2014,2014-10-03,0.6530000030994415,1166.79,24.100000381469727,0.0,0.0,75,13459,44,210.7,False,False,False,896.5,385.0
12,0508,3,2016,2016-05-24,0.6550999999046325,1611.76,24.200000762939453,0.0,0.0,76,13767,46,210.7,False,False,False,896.5,599.0
12,0508,3,2020,2020-10-13,0.7194000065326691,1328.24,24.89999961853028,0.0,0.0,76,15514,50,210.7,False,False,False,896.5,1603.0
12,0509,1,1994,1994-05-25,1.0708999991416932,1558.31,23.89999961853028,0.0,0.0,81,9139,24,94.0,False,False,False,774.6999999999999,0.0
12,0509,2,1995,1995-11-02,0.5737999916076659,1846.88,23.100000381469727,0.0,0.0,81,9262,25,132.1,False,False,False,812.8000000000001,526.0
12,0509,2,1997,1997-09-14,0.5459999978542327,1368.9,24.0,0.0,0.0,77,9752,27,132.1,False,False,False,812.8000000000001,682.0
12,0509,2,2000,2000-09-11,0.5446999996900559,733.69,23.700000762939453,0.0,0.0,73,10771,30,132.1,False,False,False,812.8000000000001,1093.0
12,0509,2,2001,2001-07-29,0.5473000049591064,1450.19,23.89999961853028,0.0,0.0,75,11086,31,132.1,False,False,False,812.8000000000001,321.0
12,0509,2,2003,2003-05-09,0.5981999993324281,1213.13,23.89999961853028,0.0,0.0,77,11368,33,132.1,False,False,False,812.8000000000001,649.0
12,0509,2,2004,2004-04-07,0.5861000001430512,1198.43,24.100000381469727,0.0,0.0,74,11545,34,132.1,False,False,False,812.8000000000001,334.0
12,0509,2,2005,2005-04-27,0.6089999973773956,1488.64,23.600000381469727,0.0,0.0,78,11807,35,132.1,False,False,False,812.8000000000001,385.0
12,0509,2,2006,2006-07-27,0.6020999908447265,968.58,24.0,0.0,0.0,73,12032,36,132.1,False,False,False,812.8000000000001,456.0
12,0509,2,2007,2007-12-04,0.6275999903678895,1062.98,24.5,0.0,0.0,73,12238,37,132.1,False,False,False,812.8000000000001,495.0
12,0509,2,2008,2008-09-02,0.7162999987602234,1312.78,23.700000762939453,0.0,0.0,76,12431,38,132.1,False,False,False,812.8000000000001,273.0
12,0509,2,2009,2009-05-05,0.6190999925136567,1181.01,24.0,0.0,0.0,74,12624,39,132.1,False,False,False,812.8000000000001,245.0
12,0509,2,2010,2010-02-07,0.7343999981880188,1038.53,22.5,0.0,3.0,74,12799,40,132.1,False,False,False,812.8000000000001,278.0
12,0509,2,2012,2012-02-25,0.6146000027656555,1132.28,24.200000762939453,0.0,0.0,74,13137,42,132.1,False,False,False,812.8000000000001,748.0
12,0509,2,2013,2013-09-13,0.6584999978542327,1302.31,24.299999237060547,0.0,0.0,76,13300,43,132.1,False,False,False,812.8000000000001,566.0
12,0509,3,2014,2014-10-03,0.6864000022411347,1166.79,24.100000381469727,0.0,0.0,75,13459,44,137.2,False,False,False,817.9,385.0
12,0509,3,2016,2016-05-24,0.7162000060081481,1611.76,24.200000762939453,0.0,0.0,76,13767,46,137.2,False,False,False,817.9,599.0
12,0509,3,2020,2020-10-13,0.7305999994277954,1328.24,24.89999961853028,0.0,0.0,76,15514,50,137.2,False,False,False,817.9,1603.0
12,0561,1,1994,1994-05-25,0.9845000028610228,1558.31,23.89999961853028,0.0,0.0,81,9139,24,76.19999999999999,False,False,False,756.9,0.0
12,0561,2,1995,1995-11-01,0.5676000028848648,1846.88,23.100000381469727,0.0,0.0,81,9262,25,165.1,False,False,False,845.8,525.0
12,0561,2,1997,1997-09-14,0.5456000030040741,1368.9,24.0,0.0,0.0,77,9752,27,165.1,False,False,False,845.8,683.0
12,0561,2,2000,2000-09-11,0.5712999999523163,733.69,23.700000762939453,0.0,0.0,73,10771,30,165.1,False,False,False,845.8,1093.0
12,0561,2,2001,2001-07-29,0.5751000046730042,1450.19,23.89999961853028,0.0,0.0,75,11086,31,165.1,False,False,False,845.8,321.0
12,0561,2,2003,2003-05-09,0.6208999931812287,1213.13,23.89999961853028,0.0,0.0,77,11368,33,165.1,False,False,False,845.8,649.0
12,0561,2,2005,2005-04-27,0.6552999973297119,1488.64,23.600000381469727,0.0,0.0,78,11807,35,165.1,False,False,False,845.8,719.0
12,0561,2,2006,2006-07-27,0.6408999979496002,968.58,24.0,0.0,0.0,73,12032,36,165.1,False,False,False,845.8,456.0
12,0561,2,2007,2007-12-04,0.6715999960899353,1062.98,24.5,0.0,0.0,73,12238,37,165.1,False,False,False,845.8,495.0
12,0561,2,2008,2008-09-02,0.7080999970436096,1312.78,23.700000762939453,0.0,0.0,76,12431,38,165.1,False,False,False,845.8,273.0
12,0561,2,2013,2013-09-13,0.7125999987125397,1302.31,24.299999237060547,0.0,0.0,76,13300,43,165.1,False,False,False,845.8,1837.0
12,0561,3,2014,2014-10-03,0.6174000084400177,1166.79,24.100000381469727,0.0,0.0,75,13459,44,170.1,False,False,False,850.8,385.0
12,0561,3,2016,2016-05-24,0.6269999921321869,1611.76,24.200000762939453,0.0,0.0,76,13767,46,170.1,False,False,False,850.8,599.0
12,0561,3,2020,2020-10-13,0.6629000067710876,1328.24,24.89999961853028,0.0,0.0,76,15514,50,170.1,False,False,False,850.8,1603.0
12,0562,1,1994,1994-05-25,1.0828999996185302,1558.31,23.89999961853028,0.0,0.0,81,9139,24,71.1,False,False,False,751.8,0.0
12,0562,2,1995,1995-11-02,0.4504999995231629,1846.88,23.100000381469727,0.0,0.0,81,9262,25,149.89999999999998,False,False,False,830.6,526.0
12,0562,2,1997,1997-09-14,0.4714000016450882,1368.9,24.0,0.0,0.0,77,9752,27,149.89999999999998,False,False,False,830.6,682.0
12,0562,2,2000,2000-09-11,0.436599999666214,733.69,23.700000762939453,0.0,0.0,73,10771,30,149.89999999999998,False,False,False,830.6,1093.0
12,0562,2,2001,2001-07-29,0.4481999963521957,1450.19,23.89999961853028,0.0,0.0,75,11086,31,149.89999999999998,False,False,False,830.6,321.0
12,0562,2,2003,2003-05-09,0.4950000017881393,1213.13,23.89999961853028,0.0,0.0,77,11368,33,149.89999999999998,False,False,False,830.6,649.0
12,0562,2,2005,2005-04-27,0.5241999983787536,1488.64,23.600000381469727,0.0,0.0,78,11807,35,149.89999999999998,False,False,False,830.6,719.0
12,0562,2,2006,2006-07-27,0.5048999935388565,968.58,24.0,0.0,0.0,73,12032,36,149.89999999999998,False,False,False,830.6,456.0
12,0562,2,2007,2007-12-04,0.5303000003099442,1062.98,24.5,0.0,0.0,73,12238,37,149.89999999999998,False,False,False,830.6,495.0
12,0562,2,2008,2008-09-02,0.6657999932765961,1312.78,23.700000762939453,0.0,0.0,76,12431,38,149.89999999999998,False,False,False,830.6,273.0
12,0562,2,2013,2013-09-13,0.5382000029087066,1302.31,24.299999237060547,0.0,0.0,76,13300,43,149.89999999999998,False,False,False,830.6,1837.0
12,0562,3,2014,2014-10-03,0.6538999974727631,1166.79,24.100000381469727,0.0,0.0,75,13459,44,155.0,False,False,False,835.6999999999999,385.0
12,0562,3,2016,2016-05-24,0.6671000063419341,1611.76,24.200000762939453,0.0,0.0,76,13767,46,155.0,False,False,False,835.6999999999999,599.0
12,0562,3,2020,2020-10-13,0.6702000081539154,1328.24,24.89999961853028,0.0,0.0,76,15514,50,155.0,False,False,False,835.6999999999999,1603.0
12,0563,1,1994,1994-05-26,1.3075999975204469,1558.31,23.89999961853028,0.0,0.0,81,9139,24,81.3,False,False,False,762.0,0.0
12,0563,2,1995,1995-11-02,0.5878000080585479,1846.88,23.100000381469727,0.0,0.0,81,9262,25,83.8,False,False,False,764.5,525.0
12,0563,2,1997,1997-09-14,0.6148000061511993,1368.9,24.0,0.0,0.0,77,9752,27,83.8,False,False,False,764.5,682.0
12,0563,2,2000,2000-09-11,0.5940000057220459,733.69,23.700000762939453,0.0,0.0,73,10771,30,83.8,False,False,False,764.5,1093.0
12,0563,2,2001,2001-07-29,0.6044000029563903,1450.19,23.89999961853028,0.0,0.0,75,11086,31,83.8,False,False,False,764.5,321.0
12,0563,2,2003,2003-05-09,0.5766000032424927,1213.13,23.89999961853028,0.0,0.0,77,11368,33,83.8,False,False,False,764.5,649.0
12,0563,2,2005,2005-04-27,0.7032000064849853,1488.64,23.600000381469727,0.0,0.0,78,11807,35,83.8,False,False,False,764.5,719.0
12,0563,2,2006,2006-07-27,0.6920999944210053,968.58,24.0,0.0,0.0,73,12032,36,83.8,False,False,False,764.5,456.0
12,0563,2,2007,2007-12-04,0.7190000057220459,1062.98,24.5,0.0,0.0,73,12238,37,83.8,False,False,False,764.5,495.0
12,0563,2,2008,2008-09-02,0.8717999994754791,1312.78,23.700000762939453,0.0,0.0,76,12431,38,83.8,False,False,False,764.5,273.0
12,0563,2,2013,2013-09-13,0.7939000070095062,1302.31,24.299999237060547,0.0,0.0,76,13300,43,83.8,False,False,False,764.5,1837.0
12,0563,3,2014,2014-10-03,0.6795000076293946,1166.79,24.100000381469727,0.0,0.0,75,13459,44,88.89999999999999,False,False,False,769.6,385.0
12,0563,3,2016,2016-05-24,0.6770000040531159,1611.76,24.200000762939453,0.0,0.0,76,13767,46,88.89999999999999,False,False,False,769.6,599.0
12,0563,3,2020,2020-10-13,0.7350000023841858,1328.24,24.89999961853028,0.0,0.0,76,15514,50,88.89999999999999,False,False,False,769.6,1603.0
12,0564,1,1994,1994-05-26,1.277400016784668,1558.31,23.89999961853028,0.0,0.0,81,9139,24,83.8,False,False,False,764.5,0.0
12,0564,2,1995,1995-11-02,0.4919999957084655,1846.88,23.100000381469727,0.0,0.0,81,9262,25,76.2,False,False,False,756.9,525.0
12,0564,2,1997,1997-09-14,0.495100000500679,1368.9,24.0,0.0,0.0,77,9752,27,76.2,False,False,False,756.9,682.0
12,0564,2,2000,2000-09-11,0.5009999960660935,733.69,23.700000762939453,0.0,0.0,73,10771,30,76.2,False,False,False,756.9,1093.0
12,0564,2,2001,2001-07-29,0.5069000065326691,1450.19,23.89999961853028,0.0,0.0,75,11086,31,76.2,False,False,False,756.9,321.0
12,0564,2,2003,2003-05-09,0.6379999995231629,1213.13,23.89999961853028,0.0,0.0,77,11368,33,76.2,False,False,False,756.9,649.0
12,0564,2,2005,2005-04-27,0.6133999943733215,1488.64,23.600000381469727,0.0,0.0,78,11807,35,76.2,False,False,False,756.9,719.0
12,0564,2,2006,2006-07-27,0.6249000072479248,968.58,24.0,0.0,0.0,73,12032,36,76.2,False,False,False,756.9,456.0
12,0564,2,2007,2007-12-04,0.6648999989032744,1062.98,24.5,0.0,0.0,73,12238,37,76.2,False,False,False,756.9,495.0
12,0564,2,2008,2008-09-02,0.7930999994277954,1312.78,23.700000762939453,0.0,0.0,76,12431,38,76.2,False,False,False,756.9,273.0
12,0564,2,2013,2013-09-13,0.6999000012874603,1302.31,24.299999237060547,0.0,0.0,76,13300,43,76.2,False,False,False,756.9,1837.0
12,0564,3,2014,2014-10-03,0.6737999975681306,1166.79,24.100000381469727,0.0,0.0,75,13459,44,81.19999999999999,False,False,False,761.9,385.0
12,0564,3,2016,2016-05-24,0.6863999903202057,1611.76,24.200000762939453,0.0,0.0,76,13767,46,81.19999999999999,False,False,False,761.9,599.0
12,0564,3,2020,2020-10-13,0.7415000021457672,1328.24,24.89999961853028,0.0,0.0,76,15514,50,81.19999999999999,False,False,False,761.9,1603.0
12,0565,1,1994,1994-05-25,1.238199996948242,1558.31,23.89999961853028,0.0,0.0,81,9139,24,81.2,False,False,False,767.0,0.0
12,0565,2,1995,1995-11-02,0.6647000014781952,1846.88,23.100000381469727,0.0,0.0,81,9262,25,170.1,False,False,False,855.9,526.0
12,0565,2,1997,1997-09-14,0.6342999994754792,1368.9,24.0,0.0,0.0,77,9752,27,170.1,False,False,False,855.9,682.0
12,0565,2,2000,2000-09-11,0.6203999936580658,733.69,23.700000762939453,0.0,0.0,73,10771,30,170.1,False,False,False,855.9,1093.0
12,0565,2,2001,2001-07-29,0.6333000063896179,1450.19,23.89999961853028,0.0,0.0,75,11086,31,170.1,False,False,False,855.9,321.0
12,0565,2,2003,2003-05-09,0.6472000002861023,1213.13,23.89999961853028,0.0,0.0,77,11368,33,170.1,False,False,False,855.9,649.0
12,0565,2,2005,2005-04-27,0.669099998474121,1488.64,23.600000381469727,0.0,0.0,78,11807,35,170.1,False,False,False,855.9,719.0
12,0565,2,2006,2006-07-27,0.6832000017166138,968.58,24.0,0.0,0.0,73,12032,36,170.1,False,False,False,855.9,456.0
12,0565,2,2007,2007-12-04,0.6947999954223634,1062.98,24.5,0.0,0.0,73,12238,37,170.1,False,False,False,855.9,495.0
12,0565,2,2008,2008-09-02,0.783000010251999,1312.78,23.700000762939453,0.0,0.0,76,12431,38,170.1,False,False,False,855.9,273.0
12,0565,2,2013,2013-09-13,0.6855000019073486,1302.31,24.299999237060547,0.0,0.0,76,13300,43,170.1,False,False,False,855.9,1837.0
12,0565,3,2014,2014-10-03,0.6928000032901764,1166.79,24.100000381469727,0.0,0.0,75,13459,44,175.2,False,False,False,861.0,385.0
12,0565,3,2016,2016-05-24,0.6836999893188476,1611.76,24.200000762939453,0.0,0.0,76,13767,46,175.2,False,False,False,861.0,599.0
12,0565,3,2020,2020-10-13,0.6856000006198884,1328.24,24.89999961853028,0.0,0.0,76,15514,50,175.2,False,False,False,861.0,1603.0
12,0566,1,1994,1994-05-25,1.245800006389618,1558.31,23.89999961853028,0.0,0.0,81,9139,24,83.8,False,False,False,767.0,0.0
12,0566,2,1995,1995-11-02,0.5546999990940094,1846.88,23.100000381469727,0.0,0.0,81,9262,25,157.5,False,False,False,840.7,526.0
12,0566,2,1997,1997-09-14,0.5441000103950501,1368.9,24.0,0.0,0.0,77,9752,27,157.5,False,False,False,840.7,682.0
12,0566,2,2000,2000-09-11,0.5210999995470047,733.69,23.700000762939453,0.0,0.0,73,10771,30,157.5,False,False,False,840.7,1093.0
12,0566,2,2001,2001-07-29,0.536799994111061,1450.19,23.89999961853028,0.0,0.0,75,11086,31,157.5,False,False,False,840.7,321.0
12,0566,2,2003,2003-05-09,0.5568999946117401,1213.13,23.89999961853028,0.0,0.0,77,11368,33,157.5,False,False,False,840.7,649.0
12,0566,2,2005,2005-04-27,0.5986999988555908,1488.64,23.600000381469727,0.0,0.0,78,11807,35,157.5,False,False,False,840.7,719.0
12,0566,2,2006,2006-07-27,0.5941000044345857,968.58,24.0,0.0,0.0,73,12032,36,157.5,False,False,False,840.7,456.0
12,0566,2,2007,2007-12-04,0.618199998140335,1062.98,24.5,0.0,0.0,73,12238,37,157.5,False,False,False,840.7,495.0
12,0566,2,2008,2008-09-02,0.7424999952316285,1312.78,23.700000762939453,0.0,0.0,76,12431,38,157.5,False,False,False,840.7,273.0
12,0566,2,2013,2013-09-13,0.6355000078678131,1302.31,24.299999237060547,0.0,0.0,76,13300,43,157.5,False,False,False,840.7,1837.0
12,0566,3,2014,2014-10-03,0.5874000012874603,1166.79,24.100000381469727,0.0,0.0,75,13459,44,162.5,False,False,False,845.7,385.0
12,0566,3,2016,2016-05-24,0.6106000065803527,1611.76,24.200000762939453,0.0,0.0,76,13767,46,162.5,False,False,False,845.7,599.0
12,0566,3,2020,2020-10-13,0.5914000034332276,1328.24,24.89999961853028,0.0,0.0,76,15514,50,162.5,False,False,False,845.7,1603.0
12,1030,1,1990,1990-07-12,1.1122000098228455,1081.76,24.600000381469727,0.0,0.0,74,8678,20,83.8,False,False,False,767.0,0.0
12,1030,1,1992,1992-06-22,1.167300021648407,1008.34,23.200000762939453,0.0,0.0,79,8928,22,83.8,False,False,False,767.0,711.0
12,1030,2,1994,1994-05-26,1.089699995517731,1558.31,23.89999961853028,0.0,0.0,81,9139,24,83.8,False,False,False,767.0,703.0
12,1030,2,1995,1995-11-02,1.500599980354309,1846.88,23.100000381469727,0.0,0.0,81,9262,25,83.8,False,False,False,767.0,525.0
12,1030,2,1997,1997-09-14,1.8159000158309933,1368.9,24.0,0.0,0.0,77,9752,27,83.8,False,False,False,767.0,682.0
12,1030,2,2000,2000-09-11,1.3430999994277952,733.69,23.700000762939453,0.0,0.0,73,10771,30,83.8,False,False,False,767.0,1093.0
12,1030,2,2002,2002-10-25,1.4438000082969666,1034.6,23.89999961853028,0.0,0.0,78,11215,32,83.8,False,False,False,767.0,774.0
12,1030,2,2004,2004-04-07,1.7717999935150146,1198.43,24.100000381469727,0.0,0.0,74,11545,34,83.8,False,False,False,767.0,530.0
12,1030,2,2006,2006-07-27,2.075499966740608,968.58,24.0,0.0,0.0,73,12032,36,83.8,False,False,False,767.0,841.0
12,1030,2,2009,2009-05-05,2.073699975013733,1181.01,24.0,0.0,0.0,74,12624,39,83.8,False,False,False,767.0,1013.0
12,1030,2,2010,2010-02-07,2.386100006103516,1038.53,22.5,0.0,3.0,74,12799,40,83.8,False,False,False,767.0,278.0
12,1030,2,2012,2012-02-25,2.727199983596802,1132.28,24.200000762939453,0.0,0.0,74,13137,42,83.8,False,False,False,767.0,748.0
12,1030,2,2013,2013-09-13,2.374399971961976,1302.31,24.299999237060547,0.0,0.0,76,13300,43,83.8,False,False,False,767.0,566.0
12,1030,3,2014,2014-10-03,0.6586000025272369,1166.79,24.100000381469727,0.0,0.0,75,13459,44,88.9,False,False,False,772.1,385.0
12,1030,3,2015,2015-10-19,0.6627000033855438,1099.2,25.39999961853028,0.0,0.0,75,13615,45,88.9,False,False,False,772.1,381.0
12,1030,3,2016,2016-05-25,0.6806999921798706,1611.76,24.200000762939453,0.0,0.0,76,13767,46,88.9,False,False,False,772.1,219.0
12,1030,3,2020,2020-10-13,0.7128999888896943,1328.24,24.89999961853028,0.0,0.0,76,15528,50,88.9,False,False,False,772.1,1602.0
12,1060,1,1990,1990-07-06,0.6407000005245209,963.57,25.700000762939453,0.0,0.0,72,4825,12,101.6,False,False,False,381.0,0.0
12,1060,1,1992,1992-06-19,0.6704000055789947,977.68,24.700000762939453,0.0,0.0,74,5129,14,101.6,False,False,False,381.0,714.0
12,1060,1,1994,1994-05-24,0.6265999972820282,1377.52,25.5,0.0,0.0,74,5433,16,101.6,False,False,False,381.0,704.0
12,1060,1,1998,1998-02-09,0.7129999995231628,1008.77,25.700000762939453,0.0,0.0,73,5897,20,101.6,False,False,False,381.0,1357.0
12,1060,1,2000,2000-09-11,0.749399995803833,798.64,25.100000381469727,0.0,0.0,72,6086,22,101.6,False,False,False,381.0,945.0
12,1060,1,2002,2002-10-28,0.7355000019073485,1233.94,25.5,0.0,0.0,74,6412,24,101.6,False,False,False,381.0,777.0
12,1370,1,1990,1990-07-13,1.3572999954223632,802.8,24.200000762939453,0.0,0.0,73,1673,18,43.2,False,False,False,690.9,0.0
12,1370,1,1992,1992-06-24,1.371399998664856,1329.71,23.200000762939453,0.0,0.0,76,1830,20,43.2,False,False,False,690.9,712.0
12,1370,1,1994,1994-05-19,1.2263000011444092,1610.13,23.799999237060547,0.0,0.0,78,2004,22,43.2,False,False,False,690.9,694.0
12,1370,2,1998,1998-02-04,1.4722000002861022,1283.7,24.0,0.0,0.0,75,2416,26,43.2,False,False,False,690.9,1357.0
12,1370,4,2000,2000-04-17,2.420899987220764,734.67,23.5,0.0,0.0,72,2711,28,43.2,False,False,False,690.9,803.0
12,1370,5,2002,2002-10-24,1.145799994468689,1199.38,23.700000762939453,0.0,0.0,76,2988,30,78.7,False,False,False,726.4,920.0
12,1370,5,2004,2004-04-19,0.7755000054836274,1634.19,23.5,0.0,0.0,75,3425,32,78.7,False,False,False,726.4,543.0
12,1370,5,2006,2006-07-31,0.8843000054359436,889.17,23.700000762939453,0.0,0.0,72,3919,34,78.7,False,False,False,726.4,833.0
12,1370,5,2009,2009-05-12,1.0680000126361846,1225.52,23.39999961853028,0.0,0.0,75,4618,37,78.7,False,False,False,726.4,1016.0
12,1370,5,2012,2012-02-25,1.3907999992370603,958.48,23.799999237060547,0.0,0.0,73,5252,40,78.7,False,False,False,726.4,1019.0
12,1370,5,2013,2013-09-12,1.724399983882904,1253.64,23.799999237060547,0.0,0.0,74,5434,41,78.7,False,False,False,726.4,565.0
12,1370,5,2014,2014-10-02,2.042699980735778,1350.19,23.5,0.0,0.0,75,5679,42,78.7,False,False,False,726.4,385.0
12,3995,1,1990,1990-07-09,1.0080000162124634,941.09,25.200000762939453,0.0,0.0,74,7163,16,127.0,False,False,False,756.9,0.0
12,3995,1,1992,1992-06-19,1.0021999955177308,979.34,24.200000762939453,0.0,0.0,78,9714,18,127.0,False,False,False,756.9,711.0
12,3995,1,1994,1994-05-24,0.9589999973773956,1420.16,24.799999237060547,0.0,0.0,79,10664,20,127.0,False,False,False,756.9,704.0
12,3995,1,1997,1997-03-27,1.1365000069141389,1212.76,24.799999237060547,0.0,0.0,77,14774,23,127.0,False,False,False,756.9,1038.0
12,3996,1,1990,1990-07-02,1.0743000030517578,764.98,23.100000381469727,0.0,0.0,75,5059,17,38.1,False,False,False,604.5,0.0
12,3996,1,1992,1992-06-16,1.1200000047683716,1041.67,21.700000762939453,0.0,0.0,79,5392,19,38.1,False,False,False,604.5,715.0
12,3996,1,1994,1994-08-31,1.0806999921798706,1474.86,22.5,0.0,0.0,80,5727,21,38.1,False,False,False,604.5,806.0
12,3996,1,1998,1998-02-10,0.9505000114440918,1118.02,22.600000381469727,0.0,0.0,79,6450,25,38.1,False,False,False,604.5,1259.0
12,3997,1,1990,1990-06-20,1.1079000115394593,849.57,22.39999961853028,0.0,1.0,73,8639,17,78.7,False,False,False,726.4,0.0
12,3997,1,1991,1991-07-03,1.1285000085830688,1495.89,20.799999237060547,0.0,3.0,83,8967,18,78.7,False,False,False,726.4,378.0
12,3997,1,1992,1992-07-20,1.108300006389618,1106.3,20.299999237060547,0.0,4.0,80,9366,19,78.7,False,False,False,726.4,383.0
12,3997,1,1994,1994-04-04,1.266100013256073,1508.7,21.100000381469727,0.0,7.0,81,10206,21,78.7,False,False,False,726.4,623.0
12,3997,2,1997,1997-09-12,0.5230000019073486,1419.92,21.100000381469727,0.0,7.0,78,11675,24,154.9,False,False,False,802.6,1257.0
12,3997,2,1999,1999-07-09,0.5606000006198884,1061.34,21.5,0.0,7.0,73,12391,26,154.9,False,False,False,802.6,665.0
12,4096,1,1990,1990-06-12,0.5986000001430511,647.14,20.700000762939453,0.0,6.0,75,577,17,33.0,False,True,False,584.1,0.0
12,4096,1,1992,1992-06-15,0.6184999942779541,1472.08,18.799999237060547,0.0,11.0,83,647,19,33.0,False,True,False,584.1,734.0
12,4096,1,1994,1994-08-30,0.6020000040531158,1523.81,19.100000381469727,0.0,15.0,84,729,21,33.0,False,True,False,584.1,806.0
12,4096,1,1998,1998-02-11,0.6994000017642974,1615.18,20.299999237060547,0.0,7.0,81,931,25,33.0,False,True,False,584.1,1261.0
12,4096,1,2001,2001-03-10,0.863699996471405,1004.56,20.0,0.0,16.0,74,1147,28,33.0,False,True,False,584.1,1123.0
12,4096,1,2002,2002-03-08,0.9537999987602236,1375.23,20.200000762939453,0.0,17.0,77,1272,29,33.0,False,True,False,584.1,363.0
12,4096,2,2004,2004-04-22,0.600299996137619,1232.39,19.700000762939453,0.0,16.0,79,1513,31,127.0,False,True,False,678.1,776.0
12,4096,2,2006,2006-08-02,0.7248999953269959,615.22,20.799999237060547,0.0,8.0,71,1775,33,127.0,False,True,False,678.1,832.0
12,4096,2,2009,2009-03-30,1.3463000059127808,1481.07,19.39999961853028,0.0,20.0,81,2175,36,127.0,False,True,False,678.1,971.0
12,4096,2,2012,2012-02-13,0.9876000165939331,1054.64,20.600000381469727,0.0,11.0,77,2522,39,127.0,False,True,False,678.1,1050.0
12,4096,2,2014,2014-10-12,1.1188999950885772,1622.84,18.89999961853028,7.0,17.0,81,2721,41,127.0,False,True,False,678.1,972.0
12,4096,2,2016,2016-05-17,1.1979999899864198,967.18,20.39999961853028,0.0,12.0,77,3014,43,127.0,False,True,False,678.1,583.0
12,4096,2,2021,2021-07-12,1.2860000014305113,1509.22,19.89999961853028,0.0,7.0,82,4176,48,127.0,False,True,False,678.1,1882.0
12,4097,1,1990,1990-06-12,0.700600004196167,695.12,20.200000762939453,0.0,11.0,75,6654,5,195.6,False,True,True,515.6,0.0
12,4097,1,1992,1992-06-12,0.7162999987602234,1439.14,18.100000381469727,0.0,17.0,82,8540,7,195.6,False,True,True,515.6,731.0
12,4097,1,1998,1998-02-11,0.8125000119209289,1549.73,19.799999237060547,0.0,9.0,80,17349,13,195.6,False,True,True,515.6,2070.0
12,4097,1,2000,2000-08-18,0.7775999963283539,895.01,19.89999961853028,4.0,30.0,69,20730,15,195.6,False,True,True,515.6,919.0
12,4097,1,2002,2002-10-22,0.7849000036716461,1282.49,19.600000381469727,0.0,25.0,76,24196,17,195.6,False,True,True,515.6,795.0
12,4097,1,2004,2004-03-10,0.7978499919176102,1167.64,19.100000381469727,0.0,23.0,78,28800,19,195.6,False,True,True,515.6,505.0
12,4099,1,1990,1990-07-06,0.8708999991416931,897.87,24.299999237060547,0.0,0.0,75,3271,15,91.4,False,False,False,642.5999999999999,0.0
12,4100,1,1990,1990-06-11,0.6854000031948089,717.57,20.799999237060547,0.0,3.0,76,1870,15,76.19999999999999,False,True,False,591.8000000000001,0.0
12,4100,1,1992,1992-06-15,0.6833999991416931,1543.99,19.299999237060547,0.0,3.0,82,2108,17,76.19999999999999,False,True,False,591.8000000000001,735.0
12,4100,1,1998,1998-02-11,0.8607999980449677,1615.92,20.600000381469727,0.0,4.0,81,2816,23,76.19999999999999,False,True,False,591.8000000000001,2067.0
12,4100,1,2000,2000-08-18,0.8152999937534332,953.24,20.600000381469727,0.0,15.0,72,3054,25,76.19999999999999,False,True,False,591.8000000000001,919.0
12,4100,1,2002,2002-03-08,0.938100004196167,1382.38,20.39999961853028,0.0,8.0,78,3287,27,76.19999999999999,False,True,False,591.8000000000001,567.0
12,4100,2,2004,2004-04-22,0.7338999927043914,1296.54,20.0,0.0,9.0,79,3515,29,111.8,False,True,False,627.4000000000001,776.0
12,4100,2,2006,2006-08-02,0.686599999666214,642.93,21.0,0.0,6.0,71,3778,31,111.8,False,True,False,627.4000000000001,832.0
12,4100,2,2009,2009-03-23,0.7698000013828278,1546.1,19.799999237060547,0.0,8.0,81,4068,34,111.8,False,True,False,627.4000000000001,964.0
12,4100,2,2012,2012-02-13,0.85799999833107,1123.74,20.89999961853028,0.0,4.0,77,4324,37,111.8,False,True,False,627.4000000000001,1057.0
12,4100,3,2013,2013-09-06,0.9375999987125396,1625.24,19.89999961853028,0.0,2.0,81,4423,38,111.7,False,True,False,627.3,571.0
12,4100,3,2014,2014-10-12,0.6164999961853028,1785.26,19.39999961853028,5.0,14.0,80,4519,39,111.7,False,True,False,627.3,401.0
12,4100,3,2016,2016-05-17,0.661300003528595,954.11,20.89999961853028,0.0,3.0,77,4678,41,111.7,False,True,False,627.3,583.0
12,4100,3,2019,2019-10-08,0.7512999892234802,862.9,21.200000762939453,0.0,4.0,78,5607,44,111.7,False,True,False,627.3,1239.0
12,4101,1,1990,1990-07-02,2.0796000003814696,758.67,23.5,0.0,0.0,74,633,24,30.5,False,False,False,619.8,0.0
12,4101,1,1991,1991-05-20,2.2210999965667724,1262.05,22.39999961853028,0.0,1.0,80,756,25,30.5,False,False,False,619.8,322.0
12,4101,2,1992,1992-06-24,0.5224000066518784,1239.9,21.799999237060547,0.0,1.0,79,792,26,144.79999999999998,False,False,False,734.1,401.0
12,4101,2,1994,1994-05-19,0.5350000023841858,1567.5,22.600000381469727,0.0,1.0,81,999,28,144.79999999999998,False,False,False,734.1,694.0
12,4101,2,1996,1996-06-26,0.5876999974250794,1062.79,21.600000381469727,0.0,7.0,77,1220,30,144.79999999999998,False,False,False,734.1,769.0
12,4103,1,1990,1990-07-06,0.6524000048637391,959.62,25.200000762939453,0.0,0.0,73,1524,9,73.7,False,False,False,757.0,0.0
12,4103,1,1992,1992-06-18,0.6462000072002411,954.63,23.89999961853028,0.0,0.0,77,2494,11,73.7,False,False,False,757.0,713.0
12,4103,1,1994,1994-05-23,0.6208999991416931,1377.43,24.799999237060547,0.0,0.0,78,3042,13,73.7,False,False,False,757.0,704.0
12,4103,1,1998,1998-02-09,0.8247999966144561,982.67,25.0,0.0,0.0,75,5608,17,73.7,False,False,False,757.0,1358.0
12,4105,1,1990,1990-06-20,0.811300003528595,886.13,22.100000381469727,0.0,1.0,73,1433,7,58.4,False,False,False,652.7,0.0
12,4105,1,1992,1992-06-01,0.8467000007629395,1420.14,19.89999961853028,0.0,6.0,81,2431,9,58.4,False,False,False,652.7,712.0
12,4106,1,1990,1990-07-12,0.5995999991893768,1081.76,24.600000381469727,0.0,0.0,74,6610,4,208.3,False,False,False,810.3,0.0
12,4106,1,1992,1992-06-22,0.6162999987602233,1008.34,23.200000762939453,0.0,0.0,79,8704,6,208.3,False,False,False,810.3,711.0
12,4106,1,1994,1994-05-24,0.6205999851226807,1558.31,23.89999961853028,0.0,0.0,81,10787,8,208.3,False,False,False,810.3,701.0
12,4106,1,1998,1998-02-06,0.982099997997284,1201.23,24.100000381469727,0.0,0.0,78,17078,12,208.3,False,False,False,810.3,1354.0
12,4106,1,2000,2000-09-12,0.8815000116825105,733.69,23.700000762939453,0.0,0.0,73,20710,14,208.3,False,False,False,810.3,949.0
12,4106,1,2002,2002-10-28,1.0326000094413756,1034.6,23.89999961853028,0.0,0.0,78,23902,16,208.3,False,False,False,810.3,776.0
12,4106,2,2004,2004-04-08,0.8869999945163727,1198.43,24.100000381469727,0.0,0.0,74,27418,18,215.9,False,False,False,817.9,528.0
12,4106,2,2006,2006-07-27,0.8657000005245208,968.58,24.0,0.0,0.0,73,31405,20,215.9,False,False,False,817.9,840.0
12,4106,2,2009,2009-05-10,0.9990999937057496,1181.01,24.0,0.0,0.0,74,36681,23,215.9,False,False,False,817.9,1018.0
12,4107,1,1990,1990-07-12,1.149500024318695,992.78,24.100000381469727,0.0,0.0,75,2093,8,68.5,False,False,False,373.3,0.0
12,4107,1,1992,1992-06-23,1.1963000059127809,1077.34,22.799999237060547,0.0,0.0,80,2321,10,68.5,False,False,False,373.3,712.0
12,4107,1,1994,1994-09-06,1.153600001335144,1663.57,23.5,0.0,0.0,81,2566,12,68.5,False,False,False,373.3,805.0
12,4107,1,1998,1998-02-06,1.4912000060081485,1375.05,23.5,0.0,0.0,80,3217,16,68.5,False,False,False,373.3,1249.0
12,4108,1,1990,1990-06-11,0.7020000040531158,717.57,20.799999237060547,0.0,3.0,76,867,5,99.1,False,True,False,579.2,0.0
12,4108,1,1992,1992-06-15,0.7355000078678131,1543.99,19.299999237060547,0.0,3.0,82,1310,7,99.1,False,True,False,579.2,735.0
12,4135,1,1990,1990-07-05,2.624099969863892,786.39,23.39999961853028,0.0,0.0,74,19029,20,40.6,False,False,False,480.0,0.0
12,4135,1,1991,1991-05-21,2.0188000202178955,1213.42,22.5,0.0,2.0,79,19832,21,40.6,False,False,False,480.0,320.0
12,4135,3,1992,1992-06-23,0.5220999985933303,1229.29,21.700000762939453,0.0,1.0,80,20774,22,175.3,False,False,False,614.7,399.0
12,4135,3,1998,1998-02-05,0.4350999951362609,1156.32,22.799999237060547,0.0,0.0,79,25985,28,175.3,False,False,False,614.7,2053.0
12,4135,3,2000,2000-09-08,0.4030000001192093,908.39,22.799999237060547,0.0,4.0,70,28074,30,175.3,False,False,False,614.7,946.0
12,4135,3,2002,2002-10-29,0.6539999902248382,1308.33,22.5,0.0,4.0,77,30290,32,175.3,False,False,False,614.7,781.0
12,4135,3,2004,2004-04-04,0.5463000029325484,1086.44,22.39999961853028,0.0,1.0,76,32641,34,175.3,False,False,False,614.7,523.0
12,4136,1,1990,1990-07-05,2.8916999816894533,786.39,23.39999961853028,0.0,0.0,74,20362,20,53.3,False,False,False,551.1,0.0
12,4136,1,1991,1991-05-21,3.134600019454956,1213.42,22.5,0.0,2.0,79,21226,21,53.3,False,False,False,551.1,320.0
12,4136,3,1992,1992-06-25,0.5986000061035156,1229.29,21.700000762939453,0.0,1.0,80,22410,22,188.0,False,False,False,685.8,401.0
12,4136,3,1994,1994-09-02,0.5699000000953675,1477.28,22.700000762939453,0.0,1.0,80,23539,24,188.0,False,False,False,685.8,799.0
12,4136,3,1998,1998-02-05,0.5024999976158142,1156.32,22.799999237060547,0.0,0.0,79,27689,28,188.0,False,False,False,685.8,1252.0
12,4136,3,2000,2000-09-08,0.5114000082015991,908.39,22.799999237060547,0.0,4.0,70,29753,30,188.0,False,False,False,685.8,946.0
12,4136,3,2002,2002-10-29,0.6266000092029571,1308.33,22.5,0.0,4.0,77,31943,32,188.0,False,False,False,685.8,781.0
12,4136,3,2004,2004-04-04,0.551400002837181,1086.44,22.39999961853028,0.0,1.0,76,34266,34,188.0,False,False,False,685.8,523.0
12,4137,1,1990,1990-07-05,1.4591000080108645,786.39,23.39999961853028,0.0,0.0,74,38895,20,68.6,False,False,False,751.8000000000001,0.0
12,4137,1,1991,1991-05-21,1.7452000260353089,1213.42,22.5,0.0,2.0,79,39492,21,68.6,False,False,False,751.8000000000001,320.0
12,4137,3,1992,1992-06-25,0.4483999997377396,1229.29,21.700000762939453,0.0,1.0,80,40106,22,198.2,False,False,False,881.4,401.0
12,4137,3,1998,1998-02-05,0.3886999964714051,1156.32,22.799999237060547,0.0,0.0,79,45993,28,198.2,False,False,False,881.4,2051.0
12,4137,3,2000,2000-09-08,0.3430999994277954,908.39,22.799999237060547,0.0,4.0,70,48319,30,198.2,False,False,False,881.4,946.0
12,4137,3,2002,2002-10-29,0.4998999983072281,1308.33,22.5,0.0,4.0,77,50118,32,198.2,False,False,False,881.4,781.0
12,4137,3,2005,2005-04-25,0.5892999947071076,1625.94,22.200000762939453,0.0,1.0,78,51587,35,198.2,False,False,False,881.4,909.0
12,4154,2,1990,1990-07-16,1.5871999859809875,762.04,23.299999237060547,0.0,0.0,74,4706,21,30.5,False,False,False,251.5,0.0
12,4154,4,1991,1991-07-04,1.857099986076355,1198.69,22.100000381469727,0.0,1.0,81,4788,22,30.5,False,False,False,251.5,353.0
12,4154,4,1992,1992-07-21,1.9985999941825867,1154.41,21.600000381469727,0.0,1.0,79,4892,23,30.5,False,False,False,251.5,383.0
12,4154,6,1994,1994-09-05,1.8932000160217288,1484.52,22.39999961853028,0.0,0.0,81,5127,25,30.5,False,False,False,251.5,776.0
12,4154,8,1996,1996-06-28,2.598399984836578,1093.75,21.299999237060547,0.0,7.0,77,5460,27,30.5,False,False,False,251.5,662.0
12,9054,1,1990,1990-06-19,0.9466000020503996,886.13,22.100000381469727,0.0,1.0,73,2823,17,63.5,False,False,False,619.8,0.0
12,9054,1,1991,1991-07-02,0.9938000082969664,1497.71,20.5,0.0,4.0,83,3229,18,63.5,False,False,False,619.8,378.0
12,9054,1,1992,1992-07-17,0.984900015592575,1420.14,19.89999961853028,0.0,6.0,81,3658,19,63.5,False,False,False,619.8,381.0
12,9054,1,1994,1994-09-07,1.0409000039100649,1480.9,20.700000762939453,0.0,10.0,81,4461,21,63.5,False,False,False,619.8,782.0
12,9054,1,1996,1996-05-20,1.1760000109672546,1118.7,20.100000381469727,1.0,20.0,76,5491,23,63.5,False,False,False,619.8,621.0
12,A310,1,1990,1990-06-19,1.0004000127315522,886.13,22.100000381469727,0.0,1.0,73,2823,17,61.0,False,False,False,619.8,0.0
12,A310,2,1992,1992-07-17,1.049000012874603,1420.14,19.89999961853028,0.0,6.0,81,3658,19,88.9,False,False,False,647.7,759.0
12,A310,2,1994,1994-09-07,1.0855000019073486,1480.9,20.700000762939453,0.0,10.0,81,4461,21,88.9,False,False,False,647.7,782.0
12,A310,2,1996,1996-06-30,1.1875,1118.7,20.100000381469727,1.0,20.0,76,5491,23,88.9,False,False,False,647.7,662.0
12,A320,1,1990,1990-06-19,0.7185999989509582,886.13,22.100000381469727,0.0,1.0,73,2823,17,61.0,False,False,False,619.8,0.0
12,A320,2,1991,1991-07-02,0.8988999962806702,1497.71,20.5,0.0,4.0,83,3229,18,66.1,False,False,False,624.9000000000001,378.0
12,A320,2,1992,1992-07-17,0.8626000046730041,1420.14,19.89999961853028,0.0,6.0,81,3658,19,66.1,False,False,False,624.9000000000001,381.0
12,A321,1,1990,1990-06-19,0.6670000016689301,886.13,22.100000381469727,0.0,1.0,73,2823,17,66.0,False,False,False,624.8,0.0
12,A321,2,1992,1992-07-17,0.6473999917507172,1420.14,19.89999961853028,0.0,6.0,81,3658,19,78.7,False,False,False,637.5,759.0
12,A321,2,1996,1996-06-30,0.7697999894618988,1118.7,20.100000381469727,1.0,20.0,76,5491,23,78.7,False,False,False,637.5,1444.0
12,A330,1,1990,1990-06-19,0.8702000021934508,886.13,22.100000381469727,0.0,1.0,73,2823,17,66.0,False,False,False,624.8,0.0
12,A330,2,1991,1991-07-02,0.9040000021457671,1497.71,20.5,0.0,4.0,83,3229,18,66.0,False,False,False,624.8,378.0
12,A330,2,1992,1992-07-17,0.9000999927520752,1420.14,19.89999961853028,0.0,6.0,81,3658,19,66.0,False,False,False,624.8,381.0
12,A330,2,1994,1994-09-07,0.9860000014305116,1480.9,20.700000762939453,0.0,10.0,81,4461,21,66.0,False,False,False,624.8,782.0
12,A330,2,1996,1996-06-30,1.159999996423721,1118.7,20.100000381469727,1.0,20.0,76,5491,23,66.0,False,False,False,624.8,662.0
12,A350,1,1990,1990-06-19,0.9785000085830688,886.13,22.100000381469727,0.0,1.0,73,2823,17,63.5,False,False,False,622.3,0.0
12,A350,2,1991,1991-07-02,1.0607000052928923,1497.71,20.5,0.0,4.0,83,3229,18,71.1,False,False,False,629.9000000000001,378.0
12,A350,2,1992,1992-07-17,0.97810001373291,1420.14,19.89999961853028,0.0,6.0,81,3658,19,71.1,False,False,False,629.9000000000001,381.0
12,A350,2,1994,1994-09-07,1.0792000114917757,1480.9,20.700000762939453,0.0,10.0,81,4461,21,71.1,False,False,False,629.9000000000001,782.0
12,A350,2,1996,1996-06-30,1.1722000002861024,1118.7,20.100000381469727,1.0,20.0,76,5491,23,71.1,False,False,False,629.9000000000001,662.0
12,A351,1,1990,1990-06-19,0.9041999936103822,886.13,22.100000381469727,0.0,1.0,73,2823,17,63.5,False,False,False,622.3,0.0
12,A351,2,1991,1991-07-02,1.036900007724762,1497.71,20.5,0.0,4.0,83,3229,18,73.7,False,False,False,632.5,378.0
12,A351,2,1992,1992-07-17,0.9686999917030334,1420.14,19.89999961853028,0.0,6.0,81,3658,19,73.7,False,False,False,632.5,381.0
12,A351,2,1994,1994-09-07,1.0102999925613405,1480.9,20.700000762939453,0.0,10.0,81,4461,21,73.7,False,False,False,632.5,782.0
12,A351,2,1996,1996-06-30,1.1143999993801117,1118.7,20.100000381469727,1.0,20.0,76,5491,23,73.7,False,False,False,632.5,662.0
12,A352,1,1990,1990-06-19,0.8835000038146972,886.13,22.100000381469727,0.0,1.0,73,2823,17,63.5,False,False,False,622.3,0.0
12,A352,2,1991,1991-07-02,0.9739000022411346,1497.71,20.5,0.0,4.0,83,3229,18,68.6,False,False,False,627.4000000000001,378.0
12,A352,2,1992,1992-07-17,0.9200999975204468,1420.14,19.89999961853028,0.0,6.0,81,3658,19,68.6,False,False,False,627.4000000000001,381.0
12,A352,2,1994,1994-09-07,0.9632000029087068,1480.9,20.700000762939453,0.0,10.0,81,4461,21,68.6,False,False,False,627.4000000000001,782.0
12,A352,2,1996,1996-06-30,1.0797999978065491,1118.7,20.100000381469727,1.0,20.0,76,5491,23,68.6,False,False,False,627.4000000000001,662.0
12,B310,1,1990,1990-06-20,0.9489000022411348,849.57,22.39999961853028,0.0,1.0,73,8639,17,78.7,False,False,False,754.3000000000001,0.0
12,B310,2,1991,1991-07-03,0.8570000052452087,1495.89,20.799999237060547,0.0,3.0,83,8967,18,109.2,False,False,False,784.8000000000001,378.0
12,B310,2,1992,1992-07-20,0.7772000014781952,1106.3,20.299999237060547,0.0,4.0,80,9366,19,109.2,False,False,False,784.8000000000001,383.0
12,B310,2,1994,1994-04-04,0.8313000082969666,1508.7,21.100000381469727,0.0,7.0,81,10206,21,109.2,False,False,False,784.8000000000001,623.0
12,B320,1,1990,1990-06-20,1.0104999899864198,849.57,22.39999961853028,0.0,1.0,73,8639,17,83.8,False,False,False,759.4,0.0
12,B320,2,1991,1991-07-03,1.176599991321564,1495.89,20.799999237060547,0.0,3.0,83,8967,18,91.4,False,False,False,767.0,378.0
12,B320,2,1992,1992-07-20,1.1480999886989594,1106.3,20.299999237060547,0.0,4.0,80,9366,19,91.4,False,False,False,767.0,383.0
12,B321,1,1990,1990-06-20,0.9009999930858612,849.57,22.39999961853028,0.0,1.0,73,8639,17,78.7,False,False,False,754.3000000000001,0.0
12,B321,2,1991,1991-07-03,0.8069000005722047,1495.89,20.799999237060547,0.0,3.0,83,8967,18,88.9,False,False,False,764.5,378.0
12,B321,2,1992,1992-07-20,0.7719000041484833,1106.3,20.299999237060547,0.0,4.0,80,9366,19,88.9,False,False,False,764.5,383.0
12,B321,2,1994,1994-04-04,0.8272000133991242,1508.7,21.100000381469727,0.0,7.0,81,10206,21,88.9,False,False,False,764.5,623.0
12,B330,1,1990,1990-06-20,0.9758000075817108,849.57,22.39999961853028,0.0,1.0,73,8639,17,78.7,False,False,False,754.3,0.0
12,B330,2,1991,1991-07-03,1.028600013256073,1495.89,20.799999237060547,0.0,3.0,83,8967,18,78.7,False,False,False,754.3000000000001,378.0
12,B330,2,1992,1992-07-20,0.9657000064849852,1106.3,20.299999237060547,0.0,4.0,80,9366,19,78.7,False,False,False,754.3000000000001,383.0
12,B330,2,1994,1994-04-04,0.9793000102043152,1508.7,21.100000381469727,0.0,7.0,81,10206,21,78.7,False,False,False,754.3000000000001,623.0
12,B350,1,1990,1990-06-20,1.2705000042915344,849.57,22.39999961853028,0.0,1.0,73,8639,17,81.3,False,False,False,756.9,0.0
12,B350,2,1991,1991-07-03,1.2488999962806702,1495.89,20.799999237060547,0.0,3.0,83,8967,18,91.5,False,False,False,767.1,378.0
12,B350,2,1992,1992-07-20,1.197199982404709,1106.3,20.299999237060547,0.0,4.0,80,9366,19,91.5,False,False,False,767.1,383.0
12,B350,2,1994,1994-04-04,1.2438999891281128,1508.7,21.100000381469727,0.0,7.0,81,10206,21,91.5,False,False,False,767.1,623.0
12,B351,1,1990,1990-06-20,0.9098999977111816,849.57,22.39999961853028,0.0,1.0,73,8639,17,86.4,False,False,False,762.0,0.0
12,B351,2,1991,1991-07-03,1.0023000061511993,1495.89,20.799999237060547,0.0,3.0,83,8967,18,99.1,False,False,False,774.7,378.0
12,B351,2,1992,1992-07-20,0.9315999984741212,1106.3,20.299999237060547,0.0,4.0,80,9366,19,99.1,False,False,False,774.7,383.0
12,B351,2,1994,1994-04-04,0.9275999903678892,1508.7,21.100000381469727,0.0,7.0,81,10206,21,99.1,False,False,False,774.7,623.0
12,B352,1,1990,1990-06-20,0.8541000008583068,849.57,22.39999961853028,0.0,1.0,73,8639,17,83.8,False,False,False,759.4,0.0
12,B352,2,1991,1991-07-03,0.9675999879837036,1495.89,20.799999237060547,0.0,3.0,83,8967,18,86.3,False,False,False,761.9,378.0
12,B352,2,1992,1992-07-20,0.8807000041007995,1106.3,20.299999237060547,0.0,4.0,80,9366,19,86.3,False,False,False,761.9,383.0
12,B352,2,1994,1994-04-04,0.9171999931335448,1508.7,21.100000381469727,0.0,7.0,81,10206,21,86.3,False,False,False,761.9,623.0
12,B360,1,1990,1990-06-20,0.8598000049591065,849.57,22.39999961853028,0.0,1.0,73,8639,17,76.2,False,False,False,751.8000000000001,0.0
12,B360,2,1991,1991-07-03,1.4842999935150147,1495.89,20.799999237060547,0.0,3.0,83,8967,18,116.8,False,False,False,792.4000000000001,378.0
12,B360,2,1992,1992-07-20,1.324300003051758,1106.3,20.299999237060547,0.0,4.0,80,9366,19,116.8,False,False,False,792.4000000000001,383.0
12,B360,2,1994,1994-04-04,1.363699984550476,1508.7,21.100000381469727,0.0,7.0,81,10206,21,116.8,False,False,False,792.4000000000001,623.0
12,C310,1,1990,1990-07-16,1.8319000005722048,762.04,23.299999237060547,0.0,0.0,74,4706,21,30.5,False,False,False,254.0,0.0
12,C310,2,1991,1991-07-04,0.9187999963760376,1198.69,22.100000381469727,0.0,1.0,81,4788,22,66.1,False,False,False,289.6,353.0
12,C310,2,1992,1992-07-21,0.868999993801117,1154.41,21.600000381469727,0.0,1.0,79,4892,23,66.1,False,False,False,289.6,383.0
12,C310,2,1994,1994-09-05,0.8745999991893769,1484.52,22.39999961853028,0.0,0.0,81,5127,25,66.1,False,False,False,289.6,776.0
12,C310,2,1998,1998-02-04,0.9929999947547912,1080.0,22.89999961853028,0.0,0.0,77,5953,29,66.1,False,False,False,289.6,1248.0
12,C320,1,1990,1990-07-16,1.879200005531311,762.04,23.299999237060547,0.0,0.0,74,4706,21,35.6,False,False,False,259.1,0.0
12,C320,2,1991,1991-07-05,1.260900008678436,1198.69,22.100000381469727,0.0,1.0,81,4788,22,40.7,False,False,False,264.2,354.0
12,C320,2,1992,1992-07-21,1.2005000114440918,1154.41,21.600000381469727,0.0,1.0,79,4892,23,40.7,False,False,False,264.2,382.0
12,C320,4,1998,1998-02-04,2.107600009441376,1080.0,22.89999961853028,0.0,0.0,77,5953,29,40.7,False,False,False,264.2,2024.0
12,C321,1,1990,1990-07-16,1.0098999857902526,762.04,23.299999237060547,0.0,0.0,74,4706,21,33.0,False,False,False,256.5,0.0
12,C321,2,1991,1991-07-05,1.1634999990463255,1198.69,22.100000381469727,0.0,1.0,81,4788,22,43.2,False,False,False,266.7,354.0
12,C321,2,1992,1992-07-21,1.0062999844551086,1154.41,21.600000381469727,0.0,1.0,79,4892,23,43.2,False,False,False,266.7,382.0
12,C321,3,1994,1994-09-05,1.2411999940872191,1484.52,22.39999961853028,0.0,0.0,81,5127,25,43.2,False,False,False,266.7,776.0
12,C321,4,1998,1998-02-04,2.408299994468689,1080.0,22.89999961853028,0.0,0.0,77,5953,29,43.2,False,False,False,266.7,1248.0
12,C330,1,1990,1990-07-16,1.254700005054474,762.04,23.299999237060547,0.0,0.0,74,4706,21,33.0,False,False,False,256.5,0.0
12,C330,2,1991,1991-07-05,1.3212999939918515,1198.69,22.100000381469727,0.0,1.0,81,4788,22,33.0,False,False,False,256.5,354.0
12,C330,3,1992,1992-07-21,1.2442999958992005,1154.41,21.600000381469727,0.0,1.0,79,4892,23,33.0,False,False,False,256.5,382.0
12,C330,4,1994,1994-09-05,1.379100000858307,1484.52,22.39999961853028,0.0,0.0,81,5127,25,33.0,False,False,False,256.5,776.0
12,C330,5,1998,1998-02-04,1.905199992656708,1080.0,22.89999961853028,0.0,0.0,77,5953,29,33.0,False,False,False,256.5,1248.0
12,C350,1,1990,1990-07-16,1.0928000152111053,762.04,23.299999237060547,0.0,0.0,74,4706,21,33.0,False,False,False,256.5,0.0
12,C350,2,1991,1991-07-05,1.2580999970436095,1198.69,22.100000381469727,0.0,1.0,81,4788,22,40.6,False,False,False,264.1,354.0
12,C350,2,1992,1992-07-21,1.2039000034332277,1154.41,21.600000381469727,0.0,1.0,79,4892,23,40.6,False,False,False,264.1,382.0
12,C350,2,1994,1994-09-05,1.332899987697601,1484.52,22.39999961853028,0.0,0.0,81,5127,25,40.6,False,False,False,264.1,776.0
12,C350,2,1998,1998-02-04,1.4853999972343446,1080.0,22.89999961853028,0.0,0.0,77,5953,29,40.6,False,False,False,264.1,1248.0
13,0502,1,1993,1993-03-01,1.072700011730194,1162.91,15.699999809265137,22.0,61.0,75,73240,16,71.19999999999999,False,True,False,685.9,0.0
13,0502,2,1996,1996-05-07,0.5210000008344651,1236.47,15.399999618530272,77.0,67.0,76,90273,19,114.2,False,True,False,728.9,1163.0
13,0502,2,1999,1999-04-27,0.5606000006198884,1079.98,16.799999237060547,17.0,46.0,72,108748,22,114.2,False,True,False,728.9,1085.0
13,0502,2,2000,2000-08-13,0.5125,897.11,16.399999618530273,40.0,65.0,70,115301,23,114.2,False,True,False,728.9,474.0
13,0502,2,2001,2001-08-04,0.5906999975442886,1295.1,16.299999237060547,14.0,53.0,74,122050,24,114.2,False,True,False,728.9,356.0
13,0502,2,2002,2002-12-09,0.7310999929904938,1269.77,16.700000762939453,8.0,65.0,76,129002,25,114.2,False,True,False,728.9,492.0
13,0502,2,2003,2003-06-30,0.7601000010967255,1766.72,15.899999618530272,22.0,61.0,79,136162,26,114.2,False,True,False,728.9,203.0
13,0502,2,2004,2004-04-29,0.8301999986171722,1334.49,16.5,11.0,53.0,76,143537,27,114.2,False,True,False,728.9,304.0
13,0502,2,2005,2005-05-02,0.9491999924182892,1430.96,16.399999618530273,8.0,54.0,76,151134,28,114.2,False,True,False,728.9,368.0
13,0503,1,1993,1993-03-01,0.9638000011444092,1162.91,15.699999809265137,22.0,61.0,75,73240,16,68.6,False,True,False,698.5,0.0
13,0503,2,1996,1996-05-07,0.5350000023841859,1236.47,15.399999618530272,77.0,67.0,76,90273,19,195.6,False,True,False,825.5,1163.0
13,0503,2,1999,1999-04-27,0.5537999927997589,1079.98,16.799999237060547,17.0,46.0,72,108748,22,195.6,False,True,False,825.5,1085.0
13,0503,2,2000,2000-08-13,0.5398999989032746,897.11,16.399999618530273,40.0,65.0,70,115301,23,195.6,False,True,False,825.5,474.0
13,0503,2,2001,2001-08-04,0.5607000112533569,1295.1,16.299999237060547,14.0,53.0,74,122050,24,195.6,False,True,False,825.5,356.0
13,0503,2,2002,2002-12-09,0.7842000007629395,1269.77,16.700000762939453,8.0,65.0,76,129002,25,195.6,False,True,False,825.5,492.0
13,0503,2,2003,2003-06-30,0.7972000062465667,1766.72,15.899999618530272,22.0,61.0,79,136162,26,195.6,False,True,False,825.5,203.0
13,0503,2,2004,2004-04-29,0.772000002861023,1334.49,16.5,11.0,53.0,76,143537,27,195.6,False,True,False,825.5,304.0
13,0503,2,2005,2005-05-02,0.8300000011920929,1430.96,16.399999618530273,8.0,54.0,76,151134,28,195.6,False,True,False,825.5,368.0
13,0504,1,1993,1993-03-01,1.1074999928474427,1162.91,15.699999809265137,22.0,61.0,75,73240,16,73.7,False,True,False,698.5,0.0
13,0504,2,1996,1996-05-06,0.485000005364418,1236.47,15.399999618530272,77.0,67.0,76,90273,19,198.2,False,True,False,823.0,1162.0
13,0504,2,1999,1999-04-27,0.5503000080585481,1079.98,16.799999237060547,17.0,46.0,72,108748,22,198.2,False,True,False,823.0,1086.0
13,0504,2,2000,2000-08-13,0.5288000136613846,897.11,16.399999618530273,40.0,65.0,70,115301,23,198.2,False,True,False,823.0,474.0
13,0504,2,2001,2001-08-04,0.5553000003099442,1295.1,16.299999237060547,14.0,53.0,74,122050,24,198.2,False,True,False,823.0,356.0
13,0504,2,2002,2002-12-09,0.7737000048160554,1269.77,16.700000762939453,8.0,65.0,76,129002,25,198.2,False,True,False,823.0,492.0
13,0504,2,2003,2003-06-30,0.785699999332428,1766.72,15.899999618530272,22.0,61.0,79,136162,26,198.2,False,True,False,823.0,203.0
13,0504,2,2004,2004-04-29,0.8000999927520752,1334.49,16.5,11.0,53.0,76,143537,27,198.2,False,True,False,823.0,304.0
13,0504,2,2005,2005-05-02,0.9289999961853028,1430.96,16.399999618530273,8.0,54.0,76,151134,28,198.2,False,True,False,823.0,368.0
13,0505,1,1993,1993-03-01,1.210699999332428,1162.91,15.699999809265137,22.0,61.0,75,73240,16,86.4,False,True,False,716.3,0.0
13,0505,2,1996,1996-05-06,0.5600000053644181,1236.47,15.399999618530272,77.0,67.0,76,90273,19,121.9,False,True,False,751.8,1162.0
13,0505,2,1999,1999-04-27,0.5828999996185302,1079.98,16.799999237060547,17.0,46.0,72,108748,22,121.9,False,True,False,751.8,1086.0
13,0505,2,2000,2000-08-13,0.5537999987602233,897.11,16.399999618530273,40.0,65.0,70,115301,23,121.9,False,True,False,751.8,474.0
13,0505,2,2001,2001-08-04,0.5711999952793121,1295.1,16.299999237060547,14.0,53.0,74,122050,24,121.9,False,True,False,751.8,356.0
13,0505,2,2002,2002-12-09,0.7364999890327453,1269.77,16.700000762939453,8.0,65.0,76,129002,25,121.9,False,True,False,751.8,492.0
13,0505,2,2003,2003-06-30,0.7568000018596649,1766.72,15.899999618530272,22.0,61.0,79,136162,26,121.9,False,True,False,751.8,203.0
13,0505,2,2004,2004-04-29,0.7565000057220459,1334.49,16.5,11.0,53.0,76,143537,27,121.9,False,True,False,751.8,304.0
13,0505,2,2005,2005-05-02,0.8472000062465668,1430.96,16.399999618530273,8.0,54.0,76,151134,28,121.9,False,True,False,751.8,368.0
13,0506,1,1993,1993-03-01,1.0667999982833862,1162.91,15.699999809265137,22.0,61.0,75,73240,16,76.2,False,True,False,698.5,0.0
13,0506,2,1996,1996-05-06,0.4675999999046326,1236.47,15.399999618530272,77.0,67.0,76,90273,19,132.1,False,True,False,754.4000000000001,1162.0
13,0506,2,1999,1999-04-27,0.526500004529953,1079.98,16.799999237060547,17.0,46.0,72,108748,22,132.1,False,True,False,754.4000000000001,1086.0
13,0506,2,2000,2000-08-13,0.4856000036001205,897.11,16.399999618530273,40.0,65.0,70,115301,23,132.1,False,True,False,754.4000000000001,474.0
13,0506,2,2001,2001-08-04,0.5067999988794327,1295.1,16.299999237060547,14.0,53.0,74,122050,24,132.1,False,True,False,754.4000000000001,356.0
13,0506,2,2002,2002-12-09,0.6767999947071075,1269.77,16.700000762939453,8.0,65.0,76,129002,25,132.1,False,True,False,754.4000000000001,492.0
13,0506,2,2003,2003-06-30,0.6913000047206879,1766.72,15.899999618530272,22.0,61.0,79,136162,26,132.1,False,True,False,754.4000000000001,203.0
13,0506,2,2004,2004-04-29,0.7094000041484834,1334.49,16.5,11.0,53.0,76,143537,27,132.1,False,True,False,754.4000000000001,304.0
13,0506,2,2005,2005-05-02,0.7881999969482423,1430.96,16.399999618530273,8.0,54.0,76,151134,28,132.1,False,True,False,754.4000000000001,368.0
13,0507,1,1993,1993-03-01,0.8847000002861023,1162.91,15.699999809265137,22.0,61.0,75,73240,16,78.8,False,True,False,708.7,0.0
13,0507,2,1996,1996-05-06,0.4707999974489212,1236.47,15.399999618530272,77.0,67.0,76,90273,19,210.7,False,True,False,840.6,1162.0
13,0507,2,1999,1999-04-27,0.5315999984741211,1079.98,16.799999237060547,17.0,46.0,72,108748,22,210.7,False,True,False,840.6,1086.0
13,0507,2,2000,2000-08-13,0.4952000021934509,897.11,16.399999618530273,40.0,65.0,70,115301,23,210.7,False,True,False,840.6,474.0
13,0507,2,2001,2001-08-04,0.5195000022649765,1295.1,16.299999237060547,14.0,53.0,74,122050,24,210.7,False,True,False,840.6,356.0
13,0507,2,2002,2002-12-09,0.7037000060081482,1269.77,16.700000762939453,8.0,65.0,76,129002,25,210.7,False,True,False,840.6,492.0
13,0507,2,2003,2003-06-30,0.7726999998092652,1766.72,15.899999618530272,22.0,61.0,79,136162,26,210.7,False,True,False,840.6,203.0
13,0507,2,2004,2004-04-29,0.8764000058174133,1334.49,16.5,11.0,53.0,76,143537,27,210.7,False,True,False,840.6,304.0
13,0507,2,2005,2005-05-02,0.9075999975204468,1430.96,16.399999618530273,8.0,54.0,76,151134,28,210.7,False,True,False,840.6,368.0
13,0508,1,1993,1993-03-01,0.9115000009536744,1162.91,15.699999809265137,22.0,61.0,75,73240,16,61.0,False,True,False,683.3000000000001,0.0
13,0508,2,1996,1996-05-07,0.6640999913215637,1236.47,15.399999618530272,77.0,67.0,76,90273,19,193.1,False,True,False,812.8,1163.0
13,0508,2,1999,1999-04-27,0.7398999989032746,1079.98,16.799999237060547,17.0,46.0,72,108748,22,193.1,False,True,False,812.8,1085.0
13,0508,2,2000,2000-08-13,0.6427000045776368,897.11,16.399999618530273,40.0,65.0,70,115301,23,193.1,False,True,False,812.8,474.0
13,0508,2,2001,2001-08-04,0.7143000006675719,1295.1,16.299999237060547,14.0,53.0,74,122050,24,193.1,False,True,False,812.8,356.0
13,0508,2,2002,2002-12-09,0.8595000028610229,1269.77,16.700000762939453,8.0,65.0,76,129002,25,193.1,False,True,False,812.8,492.0
13,0508,2,2003,2003-06-30,0.8883999943733215,1766.72,15.899999618530272,22.0,61.0,79,136162,26,193.1,False,True,False,812.8,203.0
13,0508,2,2004,2004-04-29,1.0233000099658969,1334.49,16.5,11.0,53.0,76,143537,27,193.1,False,True,False,812.8,304.0
13,0508,2,2005,2005-05-02,0.9790999948978424,1430.96,16.399999618530273,8.0,54.0,76,151134,28,193.1,False,True,False,812.8,368.0
13,0509,1,1993,1993-03-01,0.988399988412857,1162.91,15.699999809265137,22.0,61.0,75,73240,16,63.5,False,True,False,693.4,0.0
13,0509,2,1996,1996-05-07,0.5167000025510788,1236.47,15.399999618530272,77.0,67.0,76,90273,19,139.7,False,True,False,769.5999999999999,1163.0
13,0509,2,1999,1999-04-27,0.535300001502037,1079.98,16.799999237060547,17.0,46.0,72,108748,22,139.7,False,True,False,769.5999999999999,1085.0
13,0509,2,2000,2000-08-13,0.5468999981880188,897.11,16.399999618530273,40.0,65.0,70,115301,23,139.7,False,True,False,769.5999999999999,474.0
13,0509,2,2001,2001-08-04,0.5530999958515167,1295.1,16.299999237060547,14.0,53.0,74,122050,24,139.7,False,True,False,769.5999999999999,356.0
13,0509,2,2002,2002-12-09,0.7858999967575073,1269.77,16.700000762939453,8.0,65.0,76,129002,25,139.7,False,True,False,769.5999999999999,492.0
13,0509,2,2003,2003-06-30,0.8195999979972839,1766.72,15.899999618530272,22.0,61.0,79,136162,26,139.7,False,True,False,769.5999999999999,203.0
13,0509,2,2004,2004-04-29,0.8195999979972839,1334.49,16.5,11.0,53.0,76,143537,27,139.7,False,True,False,769.5999999999999,304.0
13,0509,2,2005,2005-05-02,0.8933999955654144,1430.96,16.399999618530273,8.0,54.0,76,151134,28,139.7,False,True,False,769.5999999999999,368.0
13,0560,1,1993,1993-03-08,1.0800999999046326,1210.76,15.5,24.0,60.0,75,73240,16,58.400000000000006,False,True,False,850.9,0.0
13,0560,2,1996,1996-05-08,0.4349000006914139,1227.57,15.0,64.0,70.0,76,90273,19,114.3,False,True,False,906.8,1157.0
13,0560,2,1999,1999-04-27,0.5488000094890595,1105.13,16.700000762939453,14.0,51.0,71,108748,22,114.3,False,True,False,906.8,1084.0
13,0560,2,2000,2000-08-13,0.4654000014066696,952.43,16.100000381469727,42.0,65.0,70,115301,23,114.3,False,True,False,906.8,474.0
13,0560,2,2001,2001-08-04,0.5082999914884567,1316.52,16.200000762939453,13.0,52.0,72,122050,24,114.3,False,True,False,906.8,356.0
13,0560,2,2002,2002-12-09,0.7038999974727631,1364.38,16.600000381469727,10.0,67.0,75,129002,25,114.3,False,True,False,906.8,492.0
13,0560,2,2003,2003-06-30,0.753799992799759,1781.0,15.600000381469728,19.0,63.0,80,136162,26,114.3,False,True,False,906.8,203.0
13,0560,2,2004,2004-04-29,0.7831999957561493,1425.91,16.200000762939453,9.0,63.0,76,143537,27,114.3,False,True,False,906.8,304.0
13,0560,2,2005,2005-05-02,0.8392999947071076,1538.2,16.0,8.0,57.0,77,151134,28,114.3,False,True,False,906.8,368.0
13,0561,1,1993,1993-03-08,0.7977000057697297,1162.91,15.699999809265137,22.0,61.0,75,73240,16,63.5,False,True,False,853.4,0.0
13,0561,2,1996,1996-05-08,0.487799996137619,1236.47,15.399999618530272,77.0,67.0,76,90273,19,149.8,False,True,False,937.2,1157.0
13,0561,2,1999,1999-04-27,0.6154000014066696,1079.98,16.799999237060547,17.0,46.0,72,108748,22,149.8,False,True,False,937.2,1084.0
13,0561,2,2000,2000-08-13,0.5419999897480011,897.11,16.399999618530273,40.0,65.0,70,115301,23,149.8,False,True,False,937.2,474.0
13,0561,2,2001,2001-08-04,0.5704999923706056,1295.1,16.299999237060547,14.0,53.0,74,122050,24,149.8,False,True,False,937.2,356.0
13,0561,2,2002,2002-12-09,0.7419000089168548,1269.77,16.700000762939453,8.0,65.0,76,129002,25,149.8,False,True,False,937.2,492.0
13,0561,2,2003,2003-06-30,0.8324000000953675,1766.72,15.899999618530272,22.0,61.0,79,136162,26,149.8,False,True,False,937.2,203.0
13,0561,2,2004,2004-04-29,0.9383000135421752,1334.49,16.5,11.0,53.0,76,143537,27,149.8,False,True,False,937.2,304.0
13,0561,2,2005,2005-05-02,0.9953999876976012,1430.96,16.399999618530273,8.0,54.0,76,151134,28,149.8,False,True,False,937.2,368.0
13,0562,1,1993,1993-03-01,1.0018999993801116,1162.91,15.699999809265137,22.0,61.0,75,73240,16,63.5,False,True,False,843.3000000000001,0.0
13,0562,2,1996,1996-05-08,0.535599997639656,1236.47,15.399999618530272,77.0,67.0,76,90273,19,152.4,False,True,False,932.2,1164.0
13,0562,2,1999,1999-04-27,0.7336000025272369,1079.98,16.799999237060547,17.0,46.0,72,108748,22,152.4,False,True,False,932.2,1084.0
13,0562,2,2000,2000-08-13,0.5776000022888184,897.11,16.399999618530273,40.0,65.0,70,115301,23,152.4,False,True,False,932.2,474.0
13,0562,2,2001,2001-08-04,0.6300999999046326,1295.1,16.299999237060547,14.0,53.0,74,122050,24,152.4,False,True,False,932.2,356.0
13,0562,2,2002,2002-12-09,0.7893999993801117,1269.77,16.700000762939453,8.0,65.0,76,129002,25,152.4,False,True,False,932.2,492.0
13,0562,2,2003,2003-06-30,0.7605000019073487,1766.72,15.899999618530272,22.0,61.0,79,136162,26,152.4,False,True,False,932.2,203.0
13,0562,2,2004,2004-04-29,0.9274000108242036,1334.49,16.5,11.0,53.0,76,143537,27,152.4,False,True,False,932.2,304.0
13,0562,2,2005,2005-05-02,0.9039000034332276,1430.96,16.399999618530273,8.0,54.0,76,151134,28,152.4,False,True,False,932.2,368.0
13,0563,1,1993,1993-03-01,1.04300000667572,1162.91,15.699999809265137,22.0,61.0,75,73240,16,76.2,False,True,False,853.4,0.0
13,0563,2,1996,1996-05-08,0.619300013780594,1236.47,15.399999618530272,77.0,67.0,76,90273,19,86.3,False,True,False,848.3,1164.0
13,0563,2,1999,1999-04-27,0.7777999997138977,1079.98,16.799999237060547,17.0,46.0,72,108748,22,86.3,False,True,False,848.3,1084.0
13,0563,2,2000,2000-08-13,0.6744000017642975,897.11,16.399999618530273,40.0,65.0,70,115301,23,86.3,False,True,False,848.3,474.0
13,0563,2,2001,2001-08-04,0.6883000075817108,1295.1,16.299999237060547,14.0,53.0,74,122050,24,86.3,False,True,False,848.3,356.0
13,0563,2,2002,2002-12-09,0.8658999979496003,1269.77,16.700000762939453,8.0,65.0,76,129002,25,86.3,False,True,False,848.3,492.0
13,0563,2,2003,2003-06-30,0.8933000087738037,1766.72,15.899999618530272,22.0,61.0,79,136162,26,86.3,False,True,False,848.3,203.0
13,0563,2,2004,2004-04-29,0.9975000083446502,1334.49,16.5,11.0,53.0,76,143537,27,86.3,False,True,False,848.3,304.0
13,0563,2,2005,2005-05-02,0.930099993944168,1430.96,16.399999618530273,8.0,54.0,76,151134,28,86.3,False,True,False,848.3,368.0
13,0564,1,1993,1993-03-08,0.9741999924182893,1162.91,15.699999809265137,22.0,61.0,75,73240,16,61.0,False,True,False,840.8000000000001,0.0
13,0564,2,1996,1996-05-08,0.4797000020742416,1236.47,15.399999618530272,77.0,67.0,76,90273,19,83.8,False,True,False,863.6,1157.0
13,0564,2,1999,1999-04-27,0.5502999961376189,1079.98,16.799999237060547,17.0,46.0,72,108748,22,83.8,False,True,False,863.6,1084.0
13,0564,2,2000,2000-08-13,0.5314999997615815,897.11,16.399999618530273,40.0,65.0,70,115301,23,83.8,False,True,False,863.6,474.0
13,0564,2,2001,2001-08-04,0.5677999973297119,1295.1,16.299999237060547,14.0,53.0,74,122050,24,83.8,False,True,False,863.6,356.0
13,0564,2,2002,2002-12-09,0.7921000063419342,1269.77,16.700000762939453,8.0,65.0,76,129002,25,83.8,False,True,False,863.6,492.0
13,0564,2,2003,2003-06-30,0.8122999966144562,1766.72,15.899999618530272,22.0,61.0,79,136162,26,83.8,False,True,False,863.6,203.0
13,0564,2,2004,2004-04-29,0.8931999862194061,1334.49,16.5,11.0,53.0,76,143537,27,83.8,False,True,False,863.6,304.0
13,0564,2,2005,2005-05-02,0.9878000020980836,1430.96,16.399999618530273,8.0,54.0,76,151134,28,83.8,False,True,False,863.6,368.0
13,0565,1,1993,1993-03-08,0.8895000040531158,1162.91,15.699999809265137,22.0,61.0,75,73240,16,76.19999999999999,False,True,False,866.0999999999999,0.0
13,0565,2,1996,1996-05-08,0.4897000044584274,1236.47,15.399999618530272,77.0,67.0,76,90273,19,185.5,False,True,False,972.9,1157.0
13,0565,2,1999,1999-04-27,0.5523000001907349,1079.98,16.799999237060547,17.0,46.0,72,108748,22,185.5,False,True,False,972.9,1084.0
13,0565,2,2000,2000-08-13,0.5463000059127807,897.11,16.399999618530273,40.0,65.0,70,115301,23,185.5,False,True,False,972.9,474.0
13,0565,2,2001,2001-08-04,0.6133999943733215,1295.1,16.299999237060547,14.0,53.0,74,122050,24,185.5,False,True,False,972.9,356.0
13,0565,2,2002,2002-12-09,0.7780000030994416,1269.77,16.700000762939453,8.0,65.0,76,129002,25,185.5,False,True,False,972.9,492.0
13,0565,2,2003,2003-06-30,0.8082000076770782,1766.72,15.899999618530272,22.0,61.0,79,136162,26,185.5,False,True,False,972.9,203.0
13,0565,2,2004,2004-04-29,0.8834000051021575,1334.49,16.5,11.0,53.0,76,143537,27,185.5,False,True,False,972.9,304.0
13,0565,2,2005,2005-05-02,0.9592999935150146,1430.96,16.399999618530273,8.0,54.0,76,151134,28,185.5,False,True,False,972.9,368.0
13,0566,1,1993,1993-03-01,1.017400002479553,1162.91,15.699999809265137,22.0,61.0,75,73240,16,58.400000000000006,False,True,False,820.4,0.0
13,0566,2,1996,1996-05-08,0.6500999987125397,1236.47,15.399999618530272,77.0,67.0,76,90273,19,160.0,False,True,False,922.0,1164.0
13,0566,2,1999,1999-04-27,0.6947000026702881,1079.98,16.799999237060547,17.0,46.0,72,108748,22,160.0,False,True,False,922.0,1084.0
13,0566,2,2000,2000-08-13,0.7386000037193299,897.11,16.399999618530273,40.0,65.0,70,115301,23,160.0,False,True,False,922.0,474.0
13,0566,2,2001,2001-08-04,0.7650999903678894,1295.1,16.299999237060547,14.0,53.0,74,122050,24,160.0,False,True,False,922.0,356.0
13,0566,2,2002,2002-12-09,0.9222000002861024,1269.77,16.700000762939453,8.0,65.0,76,129002,25,160.0,False,True,False,922.0,492.0
13,0566,2,2003,2003-06-30,0.9693999946117402,1766.72,15.899999618530272,22.0,61.0,79,136162,26,160.0,False,True,False,922.0,203.0
13,0566,2,2004,2004-04-29,1.0158000111579897,1334.49,16.5,11.0,53.0,76,143537,27,160.0,False,True,False,922.0,304.0
13,0566,2,2005,2005-05-02,1.0688000082969666,1430.96,16.399999618530273,8.0,54.0,76,151134,28,160.0,False,True,False,922.0,368.0
13,1001,1,1990,1990-08-07,0.8022000074386597,1003.73,16.799999237060547,2.0,30.0,76,1988,5,205.7,False,False,False,424.1,0.0
13,1001,2,1992,1992-05-22,0.8197000026702881,1725.89,15.199999809265137,6.0,52.0,80,3327,7,205.7,False,False,False,424.1,654.0
13,1001,2,1994,1994-05-09,0.8456999957561493,1805.68,15.399999618530272,34.0,43.0,81,4470,9,205.7,False,False,False,424.1,717.0
13,1001,2,1997,1997-04-25,0.9078999936580658,1319.21,15.5,15.0,49.0,78,6182,12,205.7,False,False,False,424.1,1082.0
13,1004,2,1990,1990-08-06,0.844299989938736,789.86,18.299999237060547,1.0,25.0,74,1177,8,172.8,False,False,False,365.8,0.0
13,1004,2,1992,1992-05-26,0.7819999992847442,1380.79,16.600000381469727,3.0,42.0,79,1587,10,172.8,False,False,False,365.8,659.0
13,1004,2,1994,1994-05-11,0.7783000111579895,2142.88,16.600000381469727,18.0,34.0,81,1885,12,172.8,False,False,False,365.8,715.0
13,1004,2,1996,1996-04-03,0.9486000001430512,1239.26,16.700000762939453,32.0,58.0,75,2417,14,172.8,False,False,False,365.8,693.0
13,1005,2,1990,1990-07-18,0.9516000032424928,734.94,19.200000762939453,0.0,15.0,72,2281,5,193.1,False,False,False,416.6,0.0
13,1005,2,1992,1992-08-06,0.9817000091075898,1529.3,17.200000762939453,1.0,29.0,78,3062,7,193.1,False,False,False,416.6,750.0
13,1005,2,1993,1993-01-13,1.0287000000476838,1161.49,17.600000381469727,1.0,35.0,74,3616,8,193.1,False,False,False,416.6,160.0
13,1005,2,1994,1994-05-11,1.0073999881744384,1917.29,17.299999237060547,9.0,30.0,81,4221,9,193.1,False,False,False,416.6,483.0
13,1005,2,1995,1995-11-06,0.9862000048160552,1350.08,18.0,7.0,52.0,74,4801,10,193.1,False,False,False,416.6,544.0
13,1005,2,1996,1996-06-07,1.0497249945998193,1219.1,17.5,18.0,50.0,74,5393,11,193.1,False,False,False,416.6,214.0
13,1005,2,1997,1997-10-15,1.0226999878883365,1283.8,17.700000762939453,4.0,30.0,77,5922,12,193.1,False,False,False,416.6,495.0
13,1005,2,1998,1998-06-26,1.1295250073075294,1482.79,18.89999961853028,0.0,21.0,76,6502,13,193.1,False,False,False,416.6,254.0
13,1005,2,1999,1999-05-20,1.0329000055789948,950.47,18.89999961853028,5.0,33.0,69,7090,14,193.1,False,False,False,416.6,328.0
13,1031,1,1990,1990-08-03,0.7831999897956848,1157.95,15.600000381469728,6.0,44.0,77,1517,10,284.5,False,False,False,508.0,0.0
13,1031,1,1992,1992-08-02,0.8580333371957143,1893.09,14.100000381469728,12.0,71.0,80,1924,12,284.5,False,False,False,508.0,730.0
13,1031,1,1993,1993-01-14,0.8830999970436095,1267.36,14.699999809265137,35.0,74.0,75,2072,13,284.5,False,False,False,508.0,165.0
13,1031,1,1994,1994-05-06,0.9898999989032744,1933.67,14.399999618530272,53.0,54.0,81,2236,14,284.5,False,False,False,508.0,477.0
13,1031,2,1996,1996-05-30,1.4461176500600923,1424.21,14.0,90.0,85.0,77,2825,16,284.5,False,False,False,508.0,755.0
13,1031,3,1997,1997-08-24,0.589050006866455,1310.43,14.399999618530272,31.0,63.0,78,3492,17,287.1,False,False,False,510.6,451.0
13,1031,3,1998,1998-06-24,0.5507750034332275,1314.08,16.200000762939453,4.0,45.0,76,4475,18,287.1,False,False,False,510.6,304.0
13,1031,3,1999,1999-05-13,0.5001999974250794,1256.74,15.5,18.0,62.0,73,4933,19,287.1,False,False,False,510.6,323.0
13,1031,3,2000,2000-06-13,0.4883499965071678,1035.8,15.100000381469728,74.0,68.0,72,5436,20,287.1,False,False,False,510.6,397.0
13,1031,3,2001,2001-05-15,0.4953333348035812,1062.04,15.399999618530272,13.0,58.0,72,5990,21,287.1,False,False,False,510.6,336.0
13,1031,3,2002,2002-03-13,0.5095999956130981,1373.84,15.699999809265137,17.0,68.0,75,6599,22,287.1,False,False,False,510.6,302.0
13,1031,3,2003,2003-04-09,0.508700005710125,1759.32,14.800000190734863,24.0,69.0,79,7269,23,287.1,False,False,False,510.6,392.0
13,4092,1,1990,1990-06-14,0.7040999948978424,745.86,20.700000762939453,0.0,6.0,73,2021,5,144.8,False,True,False,355.6,0.0
13,4092,2,1992,1992-06-11,0.6968999922275543,1183.0,18.5,0.0,14.0,80,3566,7,144.8,False,True,False,355.6,728.0
13,4092,2,1994,1994-05-13,0.6925000011920929,1582.35,18.700000762939453,1.0,19.0,83,5678,9,144.8,False,True,False,355.6,701.0
13,4092,2,1996,1996-05-21,0.7703000009059906,1085.27,18.39999961853028,10.0,31.0,77,7381,11,144.8,False,True,False,355.6,739.0
13,4092,2,1999,1999-04-23,0.771199995279312,751.88,20.100000381469727,3.0,19.0,71,8759,14,144.8,False,True,False,355.6,1067.0
13,4092,2,2001,2001-08-01,0.8459000051021576,754.79,19.39999961853028,0.0,16.0,74,10144,16,144.8,False,True,False,355.6,831.0
13,4093,1,1990,1990-06-14,0.6949000060558319,630.22,20.700000762939453,0.0,7.0,72,1428,5,147.3,False,True,False,345.4,0.0
13,4093,2,1992,1992-06-11,0.7245999932289124,1296.37,18.5,0.0,14.0,80,2048,7,147.3,False,True,False,345.4,728.0
13,4093,2,1994,1994-05-13,0.7203999996185303,1665.52,18.700000762939453,1.0,19.0,83,4161,9,147.3,False,True,False,345.4,701.0
13,4093,2,1996,1996-05-21,0.7850000023841858,1283.12,18.39999961853028,11.0,32.0,77,5475,11,147.3,False,True,False,345.4,739.0
13,4093,2,1999,1999-04-23,0.8780999898910522,803.91,20.200000762939453,4.0,19.0,70,6757,14,147.3,False,True,False,345.4,1067.0
13,4093,2,2001,2001-08-01,0.8656000018119812,753.2,19.5,1.0,15.0,73,7940,16,147.3,False,True,False,345.4,831.0
13,4096,1,1990,1990-06-13,0.9183000028133392,665.23,20.0,0.0,13.0,73,261,6,104.1,False,True,False,264.1,0.0
13,4096,1,1992,1992-06-12,0.9051000058650972,1397.09,18.0,0.0,18.0,80,709,8,104.1,False,True,False,264.1,730.0
13,4096,1,1994,1994-05-12,0.900799995660782,1880.73,18.100000381469727,2.0,24.0,83,1046,10,104.1,False,True,False,264.1,699.0
13,4096,1,1996,1996-04-08,1.0402999937534332,1257.66,17.899999618530273,15.0,39.0,78,1249,12,104.1,False,True,False,264.1,697.0
13,4096,1,1999,1999-06-23,0.951499992609024,964.47,19.5,5.0,25.0,72,1615,15,104.1,False,True,False,264.1,1171.0
13,4096,2,2001,2001-08-02,0.8424000084400177,930.29,18.89999961853028,1.0,20.0,74,1966,17,147.29999999999998,False,True,False,307.3,771.0
13,4096,2,2003,2003-07-24,0.8464999973773957,1568.12,18.200000762939453,3.0,44.0,81,2339,19,147.29999999999998,False,True,False,307.3,721.0
13,4096,2,2007,2007-12-02,0.9618000030517578,795.91,19.600000381469727,0.0,19.0,71,3322,23,147.29999999999998,False,True,False,307.3,1592.0
13,4096,2,2009,2009-04-29,1.2085000038146974,1660.4,18.200000762939453,2.0,33.0,82,3965,25,147.29999999999998,False,True,False,307.3,514.0
13,4111,1,1990,1990-08-07,0.7166999995708465,1003.73,16.799999237060547,2.0,30.0,76,3706,11,223.5,False,False,False,431.8,0.0
13,4111,1,1992,1992-05-22,0.7199000000953675,1725.89,15.199999809265137,6.0,52.0,80,4550,13,223.5,False,False,False,431.8,654.0
13,4112,2,1990,1990-06-18,1.2520000040531158,869.31,21.700000762939453,0.0,1.0,73,39287,14,81.2,False,True,False,403.8,0.0
13,4112,2,1992,1992-05-29,1.4593999981880188,1317.84,19.5,0.0,7.0,81,46041,16,81.2,False,True,False,403.8,711.0
13,4112,2,1994,1994-05-17,1.3995999932289125,1488.28,20.39999961853028,0.0,12.0,80,52653,18,81.2,False,True,False,403.8,718.0
13,4112,2,1997,1997-04-24,1.4972999811172487,1532.42,20.299999237060547,0.0,8.0,77,62592,21,81.2,False,True,False,403.8,1073.0
13,4112,2,1998,1998-05-08,1.4876000046730042,1262.56,21.100000381469727,0.0,5.0,78,66364,22,81.2,False,True,False,403.8,379.0
13,4112,3,2000,2000-08-16,0.644700002670288,842.19,20.200000762939453,1.0,24.0,72,73319,24,126.9,False,True,False,449.5,831.0
13,4113,2,1990,1990-06-18,0.8469000041484833,869.31,21.700000762939453,0.0,1.0,73,26404,14,93.9,False,True,False,386.0,0.0
13,4113,2,1992,1992-05-29,0.9055000126361848,1317.84,19.5,0.0,7.0,81,35296,16,93.9,False,True,False,386.0,711.0
13,4113,2,1994,1994-05-17,1.0301999926567078,1488.28,20.39999961853028,0.0,12.0,80,40712,18,93.9,False,True,False,386.0,718.0
13,4113,2,1997,1997-04-24,1.1128000020980835,1532.42,20.299999237060547,0.0,8.0,77,50564,21,93.9,False,True,False,386.0,1073.0
13,4113,2,1998,1998-05-08,1.1784000039100646,1262.56,21.100000381469727,0.0,5.0,78,54433,22,93.9,False,True,False,386.0,379.0
13,4113,3,2000,2000-08-16,0.6320999920368194,842.19,20.200000762939453,1.0,24.0,72,62523,24,139.60000000000002,False,True,False,431.7000000000001,831.0
13,4119,1,1990,1990-08-06,0.9722000062465668,999.6,16.899999618530273,5.0,40.0,76,78528,13,66.0,False,True,False,833.1,0.0
13,4119,1,1992,1992-05-25,0.9768999934196472,1744.6,15.300000190734863,7.0,55.0,80,89595,15,66.0,False,True,False,833.1,658.0
13,4119,2,1994,1994-05-06,0.945600003004074,1777.32,15.600000381469728,38.0,49.0,80,97779,17,66.0,False,True,False,833.1,711.0
13,4420,2,1990,1990-07-17,1.390500009059906,741.85,20.89999961853028,0.0,1.0,74,3476,7,116.9,False,True,False,317.6,0.0
13,4420,2,1992,1992-04-27,1.7792999744415283,1332.77,18.89999961853028,0.0,5.0,80,4363,9,116.9,False,True,False,317.6,650.0
13,4420,3,1992,1992-10-28,0.7741999924182892,1332.77,18.89999961853028,0.0,5.0,80,4363,9,162.60000000000002,False,True,False,363.3,184.0
13,4420,3,1994,1994-05-13,0.8070000052452088,1670.88,19.700000762939453,2.0,10.0,79,5146,11,162.60000000000002,False,True,False,363.3,562.0
13,4420,3,1996,1996-04-01,0.8300999999046326,947.81,19.299999237060547,3.0,22.0,75,6235,13,162.60000000000002,False,True,False,363.3,689.0
13,4420,3,1999,1999-06-21,0.8834999978542328,1096.97,20.100000381469727,1.0,9.0,74,7014,16,162.60000000000002,False,True,False,363.3,1176.0
13,4420,3,2004,2004-04-28,0.9818999946117402,1144.72,20.100000381469727,0.0,13.0,74,8448,21,162.60000000000002,False,True,False,363.3,1773.0
13,4420,3,2009,2009-05-13,1.3756999969482422,1243.78,19.5,0.0,15.0,77,10878,26,162.60000000000002,False,True,False,363.3,1841.0
15,1003,1,1991,1991-02-21,2.5149999856948853,336.24,24.600000381469727,0.0,0.0,72,823,8,116.8,False,False,False,723.8,0.0
15,1003,1,1993,1993-02-03,2.440999984741211,249.1,24.5,0.0,0.0,69,1127,10,116.8,False,False,False,723.8,713.0
15,1003,1,1995,1995-03-23,2.404499888420105,361.51,24.799999237060547,0.0,0.0,71,1400,12,116.8,False,False,False,723.8,778.0
15,1003,1,1997,1997-02-20,2.524499893188477,506.58,25.0,0.0,0.0,71,1659,14,116.8,False,False,False,723.8,700.0
15,1003,1,1999,1999-04-07,2.4970000982284546,207.12,24.200000762939453,0.0,0.0,71,2002,16,116.8,False,False,False,723.8,776.0
15,1003,1,2001,2001-09-06,2.5,286.27,24.700000762939453,0.0,0.0,72,2376,18,116.8,False,False,False,723.8,883.0
15,1003,1,2003,2003-03-14,2.464500069618225,209.34,25.0,0.0,0.0,72,2708,20,116.8,False,False,False,723.8,554.0
15,1003,1,2005,2005-08-04,2.509500026702881,482.85,24.89999961853028,0.0,0.0,73,3374,22,116.8,False,False,False,723.8,874.0
15,1006,1,1991,1991-02-22,2.4200000762939453,336.24,24.600000381469727,0.0,0.0,72,1958,12,114.3,False,False,False,444.5,0.0
15,1006,1,1993,1993-02-02,2.3320000171661377,249.1,24.5,0.0,0.0,69,2307,14,114.3,False,False,False,444.5,711.0
15,1006,1,1995,1995-03-21,2.662000060081482,361.51,24.799999237060547,0.0,0.0,71,2688,16,114.3,False,False,False,444.5,777.0
15,1006,1,1997,1997-02-20,2.378999948501587,506.58,25.0,0.0,0.0,71,3126,18,114.3,False,False,False,444.5,702.0
15,1006,1,1999,1999-04-06,2.412500023841858,207.12,24.200000762939453,0.0,0.0,71,3476,20,114.3,False,False,False,444.5,775.0
15,1006,1,2001,2001-09-05,2.361500024795532,286.27,24.700000762939453,0.0,0.0,72,3885,22,114.3,False,False,False,444.5,883.0
15,1006,1,2003,2003-03-13,2.3179999589920044,209.34,25.0,0.0,0.0,72,4277,24,114.3,False,False,False,444.5,554.0
15,1006,1,2005,2005-08-03,2.424999952316284,482.85,24.89999961853028,0.0,0.0,73,4731,26,114.3,False,False,False,444.5,874.0
15,1008,1,1991,1991-02-27,1.8069999814033508,3708.85,19.0,0.0,0.0,78,1853,8,111.8,False,False,False,604.6,0.0
15,1008,1,1993,1993-02-18,1.874500036239624,3397.7,19.39999961853028,0.0,0.0,73,2455,10,111.8,False,False,False,604.6,722.0
15,1008,1,1995,1995-03-29,1.8049999475479128,2876.22,20.0,0.0,0.0,73,2951,12,111.8,False,False,False,604.6,769.0
15,1008,1,1997,1997-02-10,1.8749999403953552,3395.3,20.0,0.0,0.0,73,3494,14,111.8,False,False,False,604.6,684.0
15,1008,1,1999,1999-03-30,1.99400007724762,2855.99,18.799999237060547,0.0,0.0,75,4135,16,111.8,False,False,False,604.6,778.0
15,1008,1,2001,2001-09-11,2.103000044822693,3043.64,19.200000762939453,0.0,0.0,77,4982,18,111.8,False,False,False,604.6,896.0
15,1008,1,2003,2003-03-06,2.169000029563904,3029.78,19.0,0.0,0.0,81,5697,20,111.8,False,False,False,604.6,541.0
15,1008,1,2005,2005-08-08,2.6139999628067017,3521.31,18.89999961853028,0.0,0.0,83,6614,22,111.8,False,False,False,604.6,886.0
15,7080,1,1991,1991-02-25,1.5289999842643738,2210.64,21.200000762939453,0.0,0.0,78,2379,17,96.5,False,False,False,317.5,0.0
15,7080,1,1993,1993-02-17,1.5064999461174011,1920.59,21.5,0.0,0.0,74,2837,19,96.5,False,False,False,317.5,723.0
15,7080,1,1995,1995-03-28,1.4559999704360962,1516.08,22.100000381469727,0.0,0.0,74,3240,21,96.5,False,False,False,317.5,769.0
15,7080,1,1997,1997-02-11,1.5174999833106997,1958.84,22.200000762939453,0.0,0.0,75,4076,23,96.5,False,False,False,317.5,686.0
15,7080,1,1999,1999-03-31,1.484499990940094,1519.53,21.0,0.0,0.0,76,4865,25,96.5,False,False,False,317.5,778.0
15,7080,1,2001,2001-09-10,1.4214999675750732,1695.77,21.39999961853028,0.0,0.0,78,6045,27,96.5,False,False,False,317.5,894.0
15,7080,1,2003,2003-03-05,1.4544999599456787,1737.33,21.39999961853028,0.0,0.0,80,6858,29,96.5,False,False,False,317.5,541.0
16,1001,1,1989,1989-10-28,0.930400002002716,923.19,5.800000190734863,684.0,104.0,74,4440,17,94.0,False,False,False,327.7,0.0
16,1001,1,1990,1990-11-30,0.9304999947547912,1182.31,6.199999809265137,680.0,108.0,76,4538,18,94.0,False,False,False,327.7,398.0
16,1001,1,1991,1991-06-21,0.9434000074863432,874.16,6.400000095367432,466.0,130.0,74,4683,19,94.0,False,False,False,327.7,203.0
16,1001,1,1992,1992-09-30,0.9762999892234804,770.56,7.5,474.0,105.0,72,4934,20,94.0,False,False,False,327.7,467.0
16,1001,1,1993,1993-05-10,0.952599996328354,769.82,5.0,815.0,96.0,77,5184,21,94.0,False,False,False,327.7,222.0
16,1001,1,1995,1995-07-11,1.0469000101089478,1157.27,6.5,421.0,118.0,76,5833,23,94.0,False,False,False,327.7,792.0
16,1001,1,1997,1997-07-08,1.646000015735626,979.28,5.900000095367432,580.0,123.0,79,6384,25,94.0,False,False,False,327.7,728.0
16,1001,2,1998,1998-05-20,1.068699985742569,1126.3,7.699999809265137,400.0,107.0,76,6594,26,99.1,False,False,False,332.8,316.0
16,1001,2,1999,1999-05-11,1.9152999997138973,1016.04,6.599999904632568,358.0,138.0,74,6815,27,99.1,False,False,False,332.8,356.0
16,1001,3,2001,2001-05-02,1.3891999959945678,797.64,6.599999904632568,592.0,98.0,71,7320,29,129.6,False,False,False,363.3,722.0
16,1001,3,2002,2002-06-03,1.3743000149726867,832.51,6.400000095367432,459.0,130.0,73,7506,30,129.6,False,False,False,363.3,397.0
16,1001,3,2004,2004-06-19,1.3682999968528748,781.42,7.300000190734863,399.0,111.0,76,8058,32,129.6,False,False,False,363.3,747.0
16,1001,3,2008,2008-06-16,1.5498000025749206,837.66,5.400000095367432,717.0,130.0,75,9182,36,129.6,False,False,False,363.3,1458.0
16,1001,3,2009,2009-04-08,1.6004000186920164,809.52,5.699999809265137,745.0,117.0,73,9467,37,129.6,False,False,False,363.3,296.0
16,1005,1,1989,1989-10-20,1.461300003528595,748.17,5.900000095367432,668.0,105.0,66,1548,15,96.5,False,False,False,391.1,0.0
16,1005,1,1990,1990-11-13,1.3448000073432922,930.62,6.300000190734863,680.0,109.0,63,1641,16,96.5,False,False,False,391.1,389.0
16,1005,1,1992,1992-07-16,1.7910500109195708,784.04,7.5,492.0,97.0,62,1801,18,96.5,False,False,False,391.1,611.0
16,1005,1,1993,1993-04-21,1.9969000220298767,954.23,4.800000190734863,739.0,98.0,68,2031,19,96.5,False,False,False,391.1,279.0
16,1005,2,1994,1994-09-08,1.7527999877929688,818.03,7.0,590.0,109.0,61,2091,20,106.7,False,False,False,401.3,505.0
16,1005,2,1995,1995-07-13,1.8689000129699709,1354.7,6.400000095367432,394.0,119.0,68,2261,21,106.7,False,False,False,401.3,308.0
16,1005,2,1997,1997-09-24,2.14009997844696,916.24,6.300000190734863,571.0,112.0,68,2433,23,106.7,False,False,False,401.3,804.0
16,1005,2,1998,1998-05-18,2.3746999979019163,1164.66,6.800000190734863,490.0,121.0,68,2517,24,106.7,False,False,False,401.3,236.0
16,1005,2,1999,1999-06-22,2.47979998588562,862.5,6.300000190734863,574.0,109.0,63,2615,25,106.7,False,False,False,401.3,400.0
16,1007,1,1989,1989-09-06,1.1445999979972838,294.0,10.199999809265137,261.0,115.0,51,3515,18,91.5,False,False,False,584.3000000000001,0.0
16,1007,1,1990,1990-10-01,1.086900007724762,316.99,10.600000381469728,306.0,111.0,48,3618,19,91.5,False,False,False,584.3000000000001,390.0
16,1007,1,1991,1991-08-14,1.1371000051498412,337.98,10.300000190734863,156.0,141.0,50,3728,20,91.5,False,False,False,584.3000000000001,317.0
16,1007,1,1992,1992-10-04,1.2329999923706056,306.3,11.600000381469728,172.0,111.0,47,3830,21,91.5,False,False,False,584.3000000000001,417.0
16,1007,1,1993,1993-12-05,1.2592999935150146,441.79,9.100000381469728,233.0,123.0,54,3957,22,91.5,False,False,False,584.3000000000001,427.0
16,1007,1,1994,1994-08-09,1.318149995803833,318.2,11.399999618530272,138.0,121.0,47,4450,23,91.5,False,False,False,584.3000000000001,247.0
16,1007,1,1995,1995-07-14,1.306599986553192,613.15,10.699999809265137,87.0,105.0,54,4576,24,91.5,False,False,False,584.3000000000001,339.0
16,1007,1,1997,1997-05-02,1.40900000333786,408.97,10.399999618530272,175.0,125.0,55,4791,26,91.5,False,False,False,584.3000000000001,658.0
16,1007,2,1998,1998-06-16,0.8824000060558319,478.04,10.600000381469728,126.0,122.0,54,4856,27,185.5,False,False,False,678.3000000000001,410.0
16,1007,2,1999,1999-06-22,0.8523999989032746,295.47,11.0,74.0,132.0,46,4949,28,185.5,False,False,False,678.3000000000001,371.0
16,1007,2,2001,2001-08-01,0.849099999666214,296.45,11.600000381469728,154.0,124.0,47,5264,30,185.5,False,False,False,678.3000000000001,771.0
16,1007,2,2003,2003-10-14,0.8392000019550323,344.47,12.0,67.0,119.0,47,5582,32,185.5,False,False,False,678.3000000000001,804.0
16,1007,2,2005,2005-08-02,0.8416000068187713,510.72,10.800000190734863,151.0,111.0,52,5804,34,185.5,False,False,False,678.3000000000001,658.0
16,1007,3,2007,2007-10-21,0.8519999921321869,368.45,11.5,209.0,101.0,48,6017,36,190.6,False,False,False,683.4,810.0
16,1007,3,2009,2009-07-28,0.8436000168323516,474.48,10.0,199.0,141.0,54,6403,38,190.6,False,False,False,683.4,646.0
16,1007,3,2010,2010-08-22,0.8438000082969666,554.63,10.0,132.0,142.0,54,6502,39,190.6,False,False,False,683.4,390.0
16,1007,3,2011,2011-06-20,0.8314000010490418,388.03,9.800000190734863,182.0,146.0,54,6599,40,190.6,False,False,False,683.4,302.0
16,1007,3,2013,2013-05-21,0.8393999993801117,239.12,10.699999809265137,287.0,109.0,50,6789,42,190.6,False,False,False,683.4,701.0
16,1009,1,1989,1989-09-07,1.4398999929428102,322.56,7.599999904632568,600.0,116.0,57,5680,16,269.2,False,False,False,502.9,0.0
16,1009,1,1990,1990-10-02,1.4730000376701355,282.99,8.100000381469727,554.0,125.0,52,6301,17,269.2,False,False,False,502.9,390.0
16,1009,1,1991,1991-08-14,1.5606000065803527,393.6,7.599999904632568,479.0,135.0,56,6965,18,269.2,False,False,False,502.9,316.0
16,1009,2,1992,1992-10-24,0.9392000019550324,293.74,8.899999618530273,435.0,104.0,53,7725,19,284.4,False,False,False,518.1,437.0
16,1009,2,1993,1993-12-05,1.1274999976158142,458.21,6.199999809265137,632.0,124.0,61,9039,20,284.4,False,False,False,518.1,407.0
16,1009,2,1994,1994-09-11,1.0056999981403352,354.95,8.899999618530273,368.0,145.0,53,10088,21,284.4,False,False,False,518.1,280.0
16,1009,2,1995,1995-07-16,1.0554999887943266,569.08,8.199999809265137,246.0,141.0,60,10950,22,284.4,False,False,False,518.1,308.0
16,1009,2,1997,1997-09-23,1.2753999948501589,437.09,7.699999809265137,473.0,131.0,61,12872,24,284.4,False,False,False,518.1,800.0
16,1009,2,1998,1998-06-15,1.3409999847412108,442.54,8.199999809265137,324.0,144.0,61,13880,25,284.4,False,False,False,518.1,265.0
16,1009,2,1999,1999-08-19,1.416800010204315,364.37,8.5,264.0,152.0,53,14937,26,284.4,False,False,False,518.1,430.0
16,1009,2,2001,2001-08-02,1.5546000123023986,292.72,9.199999809265137,488.0,116.0,51,17439,28,284.4,False,False,False,518.1,714.0
16,1010,1,1989,1989-09-08,1.3046000003814695,444.86,5.900000095367432,877.0,102.0,60,4776,21,276.9,False,False,False,414.1,0.0
16,1010,1,1990,1990-08-27,1.3364000022411346,435.53,6.5,787.0,119.0,56,5062,22,276.9,False,False,False,414.1,353.0
16,1010,1,1991,1991-09-20,1.3828999876976011,497.21,5.900000095367432,789.0,127.0,60,5337,23,276.9,False,False,False,414.1,389.0
16,1010,1,1992,1992-10-25,1.5109999775886536,437.81,7.300000190734863,657.0,100.0,57,5615,24,276.9,False,False,False,414.1,401.0
16,1010,1,1993,1993-12-04,1.4737999916076658,667.56,4.5,901.0,111.0,65,6498,25,276.9,False,False,False,414.1,405.0
16,1010,1,1994,1994-05-18,1.516074997186661,444.6,7.099999904632568,674.0,119.0,57,6905,26,276.9,False,False,False,414.1,165.0
16,1010,1,1995,1995-05-07,1.6042666673660275,624.95,6.400000095367432,482.0,144.0,63,7030,27,276.9,False,False,False,414.1,354.0
16,1010,1,1996,1996-12-15,1.6196000099182128,691.91,5.900000095367432,740.0,132.0,62,7430,28,276.9,False,False,False,414.1,588.0
16,1010,2,1997,1997-05-10,1.7521333336830138,569.44,5.5,835.0,115.0,66,8030,29,276.90000000000003,False,False,False,414.1,146.0
16,1020,1,1989,1989-09-07,0.6850000023841858,250.84,9.5,319.0,120.0,54,715,4,96.5,False,False,False,617.2,0.0
16,1020,1,1990,1990-08-19,0.6804999974038866,252.56,10.0,353.0,121.0,49,825,5,96.5,False,False,False,617.2,346.0
16,1020,1,1991,1991-08-14,0.6963000059127809,300.27,9.600000381469728,219.0,150.0,52,927,6,96.5,False,False,False,617.2,360.0
16,1020,1,1992,1992-10-04,0.7203999936580658,247.82,10.800000190734863,240.0,113.0,49,1044,7,96.5,False,False,False,617.2,417.0
16,1020,2,1993,1993-12-05,0.6892000079154968,384.19,8.199999809265137,333.0,133.0,56,1154,8,96.5,False,False,False,617.2,427.0
16,1020,2,1994,1994-08-09,0.6936000049114228,241.02,10.800000190734863,185.0,128.0,49,1299,9,96.5,False,False,False,617.2,247.0
16,1020,2,1995,1995-07-14,0.6854000031948089,554.19,9.899999618530272,128.0,123.0,56,1529,10,96.5,False,False,False,617.2,339.0
16,1020,2,1997,1997-07-24,0.7249000012874603,325.01,9.699999809265137,235.0,134.0,57,1787,12,96.5,False,False,False,617.2,741.0
16,1020,2,1998,1998-06-16,0.7165000140666962,379.63,10.0,167.0,139.0,57,1907,13,96.5,False,False,False,617.2,327.0
16,1020,2,1999,1999-06-21,0.72150000333786,265.72,10.399999618530272,110.0,140.0,48,2039,14,96.5,False,False,False,617.2,370.0
16,1020,2,2001,2001-08-01,0.7116999983787536,270.76,10.899999618530272,246.0,126.0,49,2386,16,96.5,False,False,False,617.2,772.0
16,1020,2,2003,2003-10-14,0.7254000067710877,269.6,11.399999618530272,99.0,127.0,49,2702,18,96.5,False,False,False,617.2,804.0
16,1020,2,2005,2005-08-03,0.7438000023365021,457.35,10.0,207.0,120.0,55,3138,20,96.5,False,False,False,617.2,659.0
16,1020,2,2007,2007-10-18,0.7499999940395355,308.65,10.800000190734863,270.0,101.0,50,3597,22,96.5,False,False,False,617.2,806.0
16,1020,3,2009,2009-05-01,0.7864999949932099,379.62,9.300000190734863,253.0,148.0,56,4273,24,96.5,False,False,False,617.2,561.0
16,1020,3,2010,2010-08-19,0.8513000071048736,446.19,9.300000190734863,209.0,152.0,56,4522,25,96.5,False,False,False,617.2,475.0
16,1020,4,2011,2011-10-02,0.585099995136261,308.45,9.199999809265137,246.0,152.0,57,4777,26,157.5,False,False,False,678.2,409.0
16,1020,4,2013,2013-05-21,0.5988999962806703,192.26,10.0,346.0,122.0,53,5304,28,157.5,False,False,False,678.2,597.0
16,1020,5,2014,2014-10-24,0.7120999932289124,416.73,10.800000190734863,155.0,115.0,54,5576,29,162.60000000000002,False,False,False,683.3,521.0
16,1020,5,2015,2015-04-07,0.7034999907016755,419.61,11.5,211.0,105.0,54,5854,30,162.60000000000002,False,False,False,683.3,165.0
16,1020,5,2016,2016-10-06,0.6535000026226043,423.27,10.5,285.0,101.0,57,6138,31,162.60000000000002,False,False,False,683.3,548.0
16,1020,5,2020,2020-08-04,0.6416000068187714,325.54,10.899999618530272,125.0,144.0,50,7329,35,162.60000000000002,False,False,False,683.3,1398.0
16,1021,1,1989,1989-09-08,1.2739999771118165,444.86,5.900000095367432,877.0,102.0,60,2262,5,149.79999999999998,False,False,False,284.4,0.0
16,1021,1,1990,1990-08-27,1.2407999873161315,435.53,6.5,787.0,119.0,56,2708,6,149.79999999999998,False,False,False,284.4,353.0
16,1021,1,1991,1991-09-20,1.2485000014305114,497.21,5.900000095367432,789.0,127.0,60,3200,7,149.79999999999998,False,False,False,284.4,389.0
16,1021,1,1992,1992-10-26,1.2782000064849854,437.81,7.300000190734863,657.0,100.0,57,3602,8,149.79999999999998,False,False,False,284.4,402.0
16,1021,1,1993,1993-12-04,1.2416000008583068,667.56,4.5,901.0,111.0,65,4378,9,149.79999999999998,False,False,False,284.4,404.0
16,1021,1,1994,1994-09-14,1.1896000146865844,444.6,7.099999904632568,674.0,119.0,57,5011,10,149.79999999999998,False,False,False,284.4,284.0
16,1021,1,1995,1995-07-18,1.1970000147819515,624.95,6.400000095367432,482.0,144.0,63,5771,11,149.79999999999998,False,False,False,284.4,307.0
16,1021,1,1997,1997-07-23,1.234666685263316,569.44,5.5,835.0,115.0,66,6551,13,149.79999999999998,False,False,False,284.4,736.0
16,1021,1,1998,1998-06-14,1.2293999910354616,636.8,6.699999809265137,540.0,134.0,65,7024,14,149.79999999999998,False,False,False,284.4,326.0
16,1021,1,1999,1999-06-20,1.2416000008583068,502.71,6.800000190734863,522.0,130.0,59,7554,15,149.79999999999998,False,False,False,284.4,371.0
16,1021,1,2001,2001-08-05,1.2018000006675722,349.89,7.5,742.0,114.0,54,8647,17,149.79999999999998,False,False,False,284.4,777.0
16,1021,1,2003,2003-10-15,1.174300003051758,418.36,8.100000381469727,458.0,138.0,55,9870,19,149.79999999999998,False,False,False,284.4,801.0
16,1021,1,2005,2005-08-04,1.166200006008148,616.26,6.599999904632568,585.0,131.0,63,11170,21,149.79999999999998,False,False,False,284.4,659.0
16,6027,1,1989,1989-09-09,1.2916000127792358,611.9,2.900000095367432,1281.0,100.0,65,8979,30,142.20000000000002,False,False,False,629.9000000000001,0.0
16,6027,1,1990,1990-10-03,1.309100019931793,678.05,3.0999999046325684,1275.0,131.0,63,9384,31,142.20000000000002,False,False,False,629.9000000000001,389.0
16,6027,2,1991,1991-09-19,1.373799991607666,678.85,2.700000047683716,1220.0,118.0,67,10050,32,152.4,False,False,False,640.1,351.0
16,6027,2,1992,1992-10-25,1.3805999875068666,488.7,4.0,1030.0,101.0,63,10510,33,152.4,False,False,False,640.1,402.0
16,6027,2,1993,1993-12-03,1.6381999850273132,757.16,1.5,1292.0,113.0,70,11196,34,152.4,False,False,False,640.1,404.0
16,6027,2,1994,1994-09-12,1.322000002861023,600.86,3.5,1196.0,103.0,63,11563,35,152.4,False,False,False,640.1,283.0
16,6027,2,1995,1995-07-19,1.3069000124931336,962.25,3.0999999046325684,906.0,156.0,70,12041,36,152.4,False,False,False,640.1,310.0
16,9032,1,1989,1989-10-27,1.6551666657129924,863.64,6.599999904632568,512.0,105.0,73,500,3,152.5,True,False,False,744.3,0.0
16,9032,1,1990,1990-12-01,1.55589998960495,1107.26,7.099999904632568,502.0,109.0,73,655,4,152.5,True,False,False,744.3,400.0
16,9032,1,1991,1991-06-21,1.7117000102996824,817.99,7.199999809265137,301.0,131.0,73,865,5,152.5,True,False,False,744.3,202.0
16,9032,1,1992,1992-09-30,1.810799992084504,715.53,8.199999809265137,351.0,105.0,70,1137,6,152.5,True,False,False,744.3,467.0
16,9032,1,1993,1993-05-10,1.830199992656708,735.21,6.0,590.0,105.0,75,1544,7,152.5,True,False,False,744.3,222.0
16,9032,1,1994,1994-08-18,1.889400029182434,734.34,7.900000095367432,359.0,117.0,69,1933,8,152.5,True,False,False,744.3,465.0
16,9032,2,1995,1995-07-12,1.852600014209748,1059.15,7.400000095367432,263.0,121.0,74,2328,9,162.70000000000002,True,False,False,754.5,328.0
16,9032,2,1997,1997-07-08,1.8757000207901,871.01,7.0,394.0,124.0,77,2719,11,162.70000000000002,True,False,False,754.5,727.0
16,9032,2,1998,1998-05-20,1.9771999835968013,1003.59,8.399999618530273,287.0,109.0,74,2916,12,162.70000000000002,True,False,False,754.5,316.0
16,9032,2,1999,1999-05-11,1.9582000017166137,934.65,7.400000095367432,199.0,153.0,72,3102,13,162.70000000000002,True,False,False,754.5,356.0
16,9032,2,2001,2001-05-02,2.09539999961853,702.06,7.5,400.0,125.0,69,3577,15,162.70000000000002,True,False,False,754.5,722.0
16,9032,3,2002,2002-06-03,2.147100007534027,702.06,7.199999809265137,293.0,140.0,71,3844,16,162.70000000000002,True,False,False,754.5,397.0
16,9034,1,1989,1989-10-28,1.5655999898910524,1050.79,2.900000095367432,1187.0,80.0,79,720,2,233.7,False,False,False,711.2,0.0
16,9034,1,1990,1990-11-30,1.5269999861717225,1316.32,3.400000095367432,1104.0,88.0,80,882,3,233.7,False,False,False,711.2,398.0
16,9034,1,1991,1991-06-21,1.5816999912261962,1003.12,3.5,979.0,89.0,78,1132,4,233.7,False,False,False,711.2,203.0
16,9034,1,1992,1992-09-30,1.656499993801117,836.81,4.699999809265137,814.0,102.0,75,1521,5,233.7,False,False,False,711.2,467.0
16,9034,1,1993,1993-05-10,1.6791000008583068,951.96,2.5,1204.0,80.0,80,1636,6,233.7,False,False,False,711.2,222.0
16,9034,1,1994,1994-08-17,1.6739999890327453,944.61,4.300000190734863,1017.0,74.0,74,1839,7,233.7,False,False,False,711.2,464.0
16,9034,1,1995,1995-07-11,1.6906999945640564,1258.64,3.700000047683716,830.0,111.0,79,2199,8,233.7,False,False,False,711.2,328.0
16,9034,1,1997,1997-07-10,1.7236999988555908,1037.81,3.0999999046325684,1025.0,90.0,83,2638,10,233.7,False,False,False,711.2,730.0
16,9034,1,1998,1998-05-20,1.812299990653992,1249.27,5.099999904632568,789.0,95.0,79,2794,11,233.7,False,False,False,711.2,314.0
16,9034,1,1999,1999-05-11,1.78860000371933,1068.68,3.799999952316284,779.0,95.0,79,3026,12,233.7,False,False,False,711.2,356.0
16,9034,1,2001,2001-05-03,1.8159000158309933,824.11,4.300000190734863,881.0,100.0,74,3586,14,233.7,False,False,False,711.2,723.0
16,9034,2,2002,2002-07-01,1.887099981307984,995.27,3.5999999046325684,881.0,101.0,77,3918,15,241.3,False,False,False,718.8,424.0
16,9034,2,2004,2004-06-18,1.8784000039100648,938.64,4.400000095367432,778.0,95.0,81,4515,17,241.3,False,False,False,718.8,718.0
16,9034,2,2007,2007-07-23,2.082799971103668,909.2,4.0,935.0,89.0,77,5444,20,241.3,False,False,False,718.8,1130.0
16,9034,2,2010,2010-08-30,2.367999994754791,1118.98,3.5,866.0,112.0,81,6529,23,241.3,False,False,False,718.8,1134.0
16,9034,3,2012,2012-07-28,1.6658000111579896,1316.2,4.099999904632568,853.0,89.0,81,7189,25,261.6,False,False,False,739.1,698.0
16,9034,3,2013,2013-05-14,1.715500009059906,985.18,3.5999999046325684,1047.0,78.0,80,7525,26,261.6,False,False,False,739.1,290.0
16,9034,3,2015,2015-04-20,0.868500006198883,886.54,6.0,644.0,97.0,73,8207,28,261.6,False,False,False,739.1,706.0
16,9034,3,2016,2016-11-08,0.8254999995231629,1142.89,4.900000095367432,763.0,82.0,80,8554,29,261.6,False,False,False,739.1,568.0
16,9034,3,2017,2017-04-19,0.8445000052452087,1111.76,3.700000047683716,1108.0,94.0,78,8904,30,261.6,False,False,False,739.1,162.0
16,9034,3,2020,2020-08-13,0.93960000872612,1082.26,4.599999904632568,725.0,99.0,79,9977,33,261.6,False,False,False,739.1,1212.0
16,A310,1,1990,1990-07-17,0.6572000086307526,252.56,10.0,353.0,121.0,49,825,5,101.6,False,False,False,622.3,0.0
16,A310,2,1990,1990-10-01,0.8186249881982803,252.56,10.0,353.0,121.0,49,825,5,127.0,False,False,False,647.7,76.0
16,A310,2,1991,1991-08-14,0.8308749943971634,300.27,9.600000381469728,219.0,150.0,52,927,6,127.0,False,False,False,647.7,317.0
16,A310,2,1992,1992-10-04,0.8522999942302705,247.82,10.800000190734863,240.0,113.0,49,1044,7,127.0,False,False,False,647.7,417.0
16,A310,2,1993,1993-12-05,0.9031000018119812,384.19,8.199999809265137,333.0,133.0,56,1154,8,127.0,False,False,False,647.7,427.0
16,A310,2,1994,1994-08-09,0.8928000003099441,241.02,10.800000190734863,185.0,128.0,49,1299,9,127.0,False,False,False,647.7,247.0
16,A310,2,1995,1995-07-14,0.9055000007152558,554.19,9.899999618530272,128.0,123.0,56,1529,10,127.0,False,False,False,647.7,339.0
16,A310,2,1997,1997-07-24,0.8847999989986419,325.01,9.699999809265137,235.0,134.0,57,1787,12,127.0,False,False,False,647.7,741.0
16,A310,2,1998,1998-06-16,0.8968999981880188,379.63,10.0,167.0,139.0,57,1907,13,127.0,False,False,False,647.7,327.0
16,A310,2,1999,1999-06-21,0.8825000107288361,265.72,10.399999618530272,110.0,140.0,48,2039,14,127.0,False,False,False,647.7,370.0
16,A310,2,2005,2005-08-03,1.0624000012874604,457.35,10.0,207.0,120.0,55,3138,20,127.0,False,False,False,647.7,2235.0
16,A320,1,1990,1990-07-17,0.603800004720688,252.56,10.0,353.0,121.0,49,825,5,109.2,False,False,False,629.9,0.0
16,A320,2,1990,1990-10-01,0.7040000036358833,252.56,10.0,353.0,121.0,49,825,5,114.3,False,False,False,635.0,76.0
16,A320,2,1991,1991-08-14,0.6724999964237213,300.27,9.600000381469728,219.0,150.0,52,927,6,114.3,False,False,False,635.0,317.0
16,A320,2,1992,1992-10-04,0.7108999967575074,247.82,10.800000190734863,240.0,113.0,49,1044,7,114.3,False,False,False,635.0,417.0
16,A320,2,1993,1993-12-05,0.6693000018596649,384.19,8.199999809265137,333.0,133.0,56,1154,8,114.3,False,False,False,635.0,427.0
16,A320,2,1994,1994-07-08,0.661899995803833,241.02,10.800000190734863,185.0,128.0,49,1299,9,114.3,False,False,False,635.0,215.0
16,A320,2,1995,1995-07-14,0.6719999969005584,554.19,9.899999618530272,128.0,123.0,56,1529,10,114.3,False,False,False,635.0,371.0
16,A320,2,1997,1997-07-24,0.7485000014305114,325.01,9.699999809265137,235.0,134.0,57,1787,12,114.3,False,False,False,635.0,741.0
16,A320,2,1998,1998-06-16,0.7334999978542328,379.63,10.0,167.0,139.0,57,1907,13,114.3,False,False,False,635.0,327.0
16,A320,2,1999,1999-06-21,0.7675000071525573,265.72,10.399999618530272,110.0,140.0,48,2039,14,114.3,False,False,False,635.0,370.0
16,A320,2,2005,2005-08-03,0.7396000027656555,457.35,10.0,207.0,120.0,55,3138,20,114.3,False,False,False,635.0,2235.0
16,A330,1,1990,1990-07-17,0.5732999980449676,252.56,10.0,353.0,121.0,49,825,5,109.2,False,False,False,629.9,0.0
16,A330,2,1990,1990-10-01,0.5618749968707561,252.56,10.0,353.0,121.0,49,825,5,109.2,False,False,False,629.9,76.0
16,A330,2,1991,1991-08-14,0.5588750056922436,300.27,9.600000381469728,219.0,150.0,52,927,6,109.2,False,False,False,629.9,317.0
16,A330,2,1992,1992-10-04,0.5828000068664551,247.82,10.800000190734863,240.0,113.0,49,1044,7,109.2,False,False,False,629.9,417.0
16,A330,2,1993,1993-12-05,0.5713000059127807,384.19,8.199999809265137,333.0,133.0,56,1154,8,109.2,False,False,False,629.9,427.0
16,A330,2,1994,1994-08-09,0.5896500036120415,241.02,10.800000190734863,185.0,128.0,49,1299,9,109.2,False,False,False,629.9,247.0
16,A330,2,1995,1995-07-14,0.5724999964237214,554.19,9.899999618530272,128.0,123.0,56,1529,10,109.2,False,False,False,629.9,339.0
16,A330,2,1997,1997-07-24,0.6039000034332276,325.01,9.699999809265137,235.0,134.0,57,1787,12,109.2,False,False,False,629.9,741.0
16,A330,2,1998,1998-06-16,0.6362000048160552,379.63,10.0,167.0,139.0,57,1907,13,109.2,False,False,False,629.9,327.0
16,A330,2,1999,1999-06-21,0.6419000029563904,265.72,10.399999618530272,110.0,140.0,48,2039,14,109.2,False,False,False,629.9,370.0
16,A330,2,2005,2005-08-03,0.6995000064373016,457.35,10.0,207.0,120.0,55,3138,20,109.2,False,False,False,629.9,2235.0
16,A350,1,1990,1990-07-17,0.6212999999523163,252.56,10.0,353.0,121.0,49,825,5,106.7,False,False,False,627.4,0.0
16,A350,2,1990,1990-10-01,0.6655000001192093,252.56,10.0,353.0,121.0,49,825,5,111.8,False,False,False,632.5,76.0
16,A350,2,1991,1991-08-14,0.6795000061392784,300.27,9.600000381469728,219.0,150.0,52,927,6,111.8,False,False,False,632.5,317.0
16,A350,2,1992,1992-10-04,0.701500004529953,247.82,10.800000190734863,240.0,113.0,49,1044,7,111.8,False,False,False,632.5,417.0
16,A350,2,1993,1993-12-05,0.647599995136261,384.19,8.199999809265137,333.0,133.0,56,1154,8,111.8,False,False,False,632.5,427.0
16,A350,2,1994,1994-08-09,0.636499997973442,241.02,10.800000190734863,185.0,128.0,49,1299,9,111.8,False,False,False,632.5,247.0
16,A350,2,1995,1995-07-14,0.639900004863739,554.19,9.899999618530272,128.0,123.0,56,1529,10,111.8,False,False,False,632.5,339.0
16,A350,2,1997,1997-07-24,0.657699990272522,325.01,9.699999809265137,235.0,134.0,57,1787,12,111.8,False,False,False,632.5,741.0
16,A350,2,1998,1998-06-16,0.6724000036716461,379.63,10.0,167.0,139.0,57,1907,13,111.8,False,False,False,632.5,327.0
16,A350,2,1999,1999-06-21,0.6744000017642975,265.72,10.399999618530272,110.0,140.0,48,2039,14,111.8,False,False,False,632.5,370.0
16,A350,2,2005,2005-08-03,0.6947999954223633,457.35,10.0,207.0,120.0,55,3138,20,111.8,False,False,False,632.5,2235.0
16,B310,1,1990,1990-07-20,1.237999987602234,435.53,6.5,787.0,119.0,56,2708,6,137.1,False,False,False,271.7,0.0
16,B310,2,1990,1990-10-05,1.049399983882904,435.53,6.5,787.0,119.0,56,2708,6,165.0,False,False,False,299.6,77.0
16,B310,2,1991,1991-09-20,1.1986999988555906,497.21,5.900000095367432,789.0,127.0,60,3200,7,165.0,False,False,False,299.6,350.0
16,B310,2,1992,1992-10-26,1.1686999797821045,437.81,7.300000190734863,657.0,100.0,57,3602,8,165.0,False,False,False,299.6,402.0
16,B310,2,1993,1993-12-04,1.066600000858307,667.56,4.5,901.0,111.0,65,4378,9,165.0,False,False,False,299.6,404.0
16,B310,2,1994,1994-09-14,1.0931000113487244,444.6,7.099999904632568,674.0,119.0,57,5011,10,165.0,False,False,False,299.6,284.0
16,B310,2,1995,1995-07-18,1.0713000118732452,624.95,6.400000095367432,482.0,144.0,63,5771,11,165.0,False,False,False,299.6,307.0
16,B310,2,1997,1997-07-23,1.0526666243871057,569.44,5.5,835.0,115.0,66,6551,13,165.0,False,False,False,299.6,736.0
16,B310,2,1998,1998-06-14,1.0879000067710876,636.8,6.699999809265137,540.0,134.0,65,7024,14,165.0,False,False,False,299.6,326.0
16,B310,2,1999,1999-06-20,1.0281999945640563,502.71,6.800000190734863,522.0,130.0,59,7554,15,165.0,False,False,False,299.6,371.0
16,B310,2,2005,2005-08-04,0.9719999969005584,616.26,6.599999904632568,585.0,131.0,63,11170,21,165.0,False,False,False,299.6,2237.0
16,B320,1,1990,1990-07-20,1.224900019168854,435.53,6.5,787.0,119.0,56,2708,6,134.6,False,False,False,269.2,0.0
16,B320,2,1990,1990-10-05,1.2550999999046326,435.53,6.5,787.0,119.0,56,2708,6,137.1,False,False,False,271.7,77.0
16,B320,2,1991,1991-09-20,1.2916000127792358,497.21,5.900000095367432,789.0,127.0,60,3200,7,137.1,False,False,False,271.7,350.0
16,B320,2,1992,1992-10-26,1.292399990558624,437.81,7.300000190734863,657.0,100.0,57,3602,8,137.1,False,False,False,271.7,402.0
16,B320,2,1993,1993-12-04,1.2555999875068666,667.56,4.5,901.0,111.0,65,4378,9,137.1,False,False,False,271.7,404.0
16,B320,2,1994,1994-09-14,1.2073000073432922,444.6,7.099999904632568,674.0,119.0,57,5011,10,137.1,False,False,False,271.7,284.0
16,B320,2,1995,1995-07-18,1.215500009059906,624.95,6.400000095367432,482.0,144.0,63,5771,11,137.1,False,False,False,271.7,307.0
16,B320,2,1997,1997-07-23,1.2129000067710876,569.44,5.5,835.0,115.0,66,6551,13,137.1,False,False,False,271.7,736.0
16,B320,2,1998,1998-06-14,1.25239999294281,636.8,6.699999809265137,540.0,134.0,65,7024,14,137.1,False,False,False,271.7,326.0
16,B320,2,1999,1999-06-20,1.2179999947547913,502.71,6.800000190734863,522.0,130.0,59,7554,15,137.1,False,False,False,271.7,371.0
16,B320,2,2005,2005-08-04,1.1563000082969666,616.26,6.599999904632568,585.0,131.0,63,11170,21,137.1,False,False,False,271.7,2237.0
16,B330,1,1990,1990-07-20,1.305299997329712,435.53,6.5,787.0,119.0,56,2708,6,134.6,False,False,False,269.2,0.0
16,B330,2,1990,1990-10-05,1.2871999979019164,435.53,6.5,787.0,119.0,56,2708,6,134.6,False,False,False,269.2,77.0
16,B330,2,1991,1991-09-20,1.3055000066757203,497.21,5.900000095367432,789.0,127.0,60,3200,7,134.6,False,False,False,269.2,350.0
16,B330,2,1992,1992-10-26,1.3116000056266786,437.81,7.300000190734863,657.0,100.0,57,3602,8,134.6,False,False,False,269.2,402.0
16,B330,2,1993,1993-12-04,1.2935999870300292,667.56,4.5,901.0,111.0,65,4378,9,134.6,False,False,False,269.2,404.0
16,B330,2,1994,1994-09-14,1.2393000006675718,444.6,7.099999904632568,674.0,119.0,57,5011,10,134.6,False,False,False,269.2,284.0
16,B330,2,1995,1995-07-18,1.2471000075340273,624.95,6.400000095367432,482.0,144.0,63,5771,11,134.6,False,False,False,269.2,307.0
16,B330,2,1997,1997-07-23,1.2603333393732703,569.44,5.5,835.0,115.0,66,6551,13,134.6,False,False,False,269.2,736.0
16,B330,2,1998,1998-06-14,1.2638000011444093,636.8,6.699999809265137,540.0,134.0,65,7024,14,134.6,False,False,False,269.2,326.0
16,B330,2,1999,1999-06-20,1.2428000092506408,502.71,6.800000190734863,522.0,130.0,59,7554,15,134.6,False,False,False,269.2,371.0
16,B330,2,2005,2005-08-04,1.2014999985694883,616.26,6.599999904632568,585.0,131.0,63,11170,21,134.6,False,False,False,269.2,2237.0
16,B350,1,1990,1990-07-20,1.3452999949455262,435.53,6.5,787.0,119.0,56,2708,6,137.1,False,False,False,271.7,0.0
16,B350,2,1990,1990-10-05,1.3570000052452087,435.53,6.5,787.0,119.0,56,2708,6,142.2,False,False,False,276.8,77.0
16,B350,2,1991,1991-09-20,1.3146000027656557,497.21,5.900000095367432,789.0,127.0,60,3200,7,142.2,False,False,False,276.8,350.0
16,B350,2,1992,1992-10-26,1.3632000088691711,437.81,7.300000190734863,657.0,100.0,57,3602,8,142.2,False,False,False,276.8,402.0
16,B350,2,1993,1993-12-04,1.3342000007629395,667.56,4.5,901.0,111.0,65,4378,9,142.2,False,False,False,276.8,404.0
16,B350,2,1994,1994-09-14,1.2827999949455262,444.6,7.099999904632568,674.0,119.0,57,5011,10,142.2,False,False,False,276.8,284.0
16,B350,2,1995,1995-07-18,1.2996999979019166,624.95,6.400000095367432,482.0,144.0,63,5771,11,142.2,False,False,False,276.8,307.0
16,B350,2,1997,1997-07-23,1.3236666719118757,569.44,5.5,835.0,115.0,66,6551,13,142.2,False,False,False,276.8,736.0
16,B350,2,1998,1998-06-14,1.3347999930381775,636.8,6.699999809265137,540.0,134.0,65,7024,14,142.2,False,False,False,276.8,326.0
16,B350,2,1999,1999-06-20,1.3068000078201294,502.71,6.800000190734863,522.0,130.0,59,7554,15,142.2,False,False,False,276.8,371.0
16,B350,2,2005,2005-08-04,1.2623000025749205,616.26,6.599999904632568,585.0,131.0,63,11170,21,142.2,False,False,False,276.8,2237.0
16,C310,1,1990,1990-07-20,1.1003000140190125,435.53,6.5,787.0,119.0,56,5062,22,261.7,False,False,False,398.9,0.0
16,C310,2,1990,1990-10-05,0.9564999997615814,435.53,6.5,787.0,119.0,56,5062,22,292.2,False,False,False,429.4,77.0
16,C310,2,1991,1991-09-20,1.1217000007629396,497.21,5.900000095367432,789.0,127.0,60,5337,23,292.2,False,False,False,429.4,350.0
16,C310,2,1992,1992-10-25,1.1574999928474423,437.81,7.300000190734863,657.0,100.0,57,5615,24,292.2,False,False,False,429.4,401.0
16,C310,2,1993,1993-12-04,1.22610000371933,667.56,4.5,901.0,111.0,65,6498,25,292.2,False,False,False,429.4,405.0
16,C310,2,1994,1994-08-12,1.128650003671646,444.6,7.099999904632568,674.0,119.0,57,6905,26,292.2,False,False,False,429.4,251.0
16,C310,2,1995,1995-07-17,1.1903000116348266,624.95,6.400000095367432,482.0,144.0,63,7030,27,292.2,False,False,False,429.4,339.0
16,C310,2,1996,1996-12-15,1.2025999903678892,691.91,5.900000095367432,740.0,132.0,62,7430,28,292.2,False,False,False,429.4,517.0
16,C310,2,1997,1997-06-11,1.3012999951839448,569.44,5.5,835.0,115.0,66,8030,29,292.2,False,False,False,429.4,178.0
16,C320,1,1990,1990-07-20,1.4654000043869018,435.53,6.5,787.0,119.0,56,5062,22,284.5,False,False,False,421.69999999999993,0.0
16,C320,2,1990,1990-10-05,1.6160000085830688,435.53,6.5,787.0,119.0,56,5062,22,289.6,False,False,False,426.8,77.0
16,C320,2,1991,1991-09-20,1.7014000058174132,497.21,5.900000095367432,789.0,127.0,60,5337,23,289.6,False,False,False,426.8,350.0
16,C320,2,1992,1992-10-25,1.7633999943733216,437.81,7.300000190734863,657.0,100.0,57,5615,24,289.6,False,False,False,426.8,401.0
16,C320,2,1993,1993-12-04,1.7723000049591064,667.56,4.5,901.0,111.0,65,6498,25,289.6,False,False,False,426.8,405.0
16,C320,2,1994,1994-08-12,1.7779500007629396,444.6,7.099999904632568,674.0,119.0,57,6905,26,289.6,False,False,False,426.8,251.0
16,C320,2,1995,1995-07-17,1.8578999996185304,624.95,6.400000095367432,482.0,144.0,63,7030,27,289.6,False,False,False,426.8,339.0
16,C320,2,1996,1996-12-15,1.87260000705719,691.91,5.900000095367432,740.0,132.0,62,7430,28,289.6,False,False,False,426.8,517.0
16,C320,2,1997,1997-06-11,2.0113999903202058,569.44,5.5,835.0,115.0,66,8030,29,289.6,False,False,False,426.8,178.0
16,C330,1,1990,1990-07-20,1.169599986076355,435.53,6.5,787.0,119.0,56,5062,22,261.6,False,False,False,398.8,0.0
16,C330,2,1990,1990-10-05,1.187000000476837,435.53,6.5,787.0,119.0,56,5062,22,261.6,False,False,False,398.8,77.0
16,C330,2,1991,1991-09-20,1.2116000056266785,497.21,5.900000095367432,789.0,127.0,60,5337,23,261.6,False,False,False,398.8,350.0
16,C330,2,1992,1992-10-25,1.249999988079071,437.81,7.300000190734863,657.0,100.0,57,5615,24,261.6,False,False,False,398.8,401.0
16,C330,2,1993,1993-12-04,1.2256999969482425,667.56,4.5,901.0,111.0,65,6498,25,261.6,False,False,False,398.8,405.0
16,C330,2,1994,1994-08-12,1.348399996757507,444.6,7.099999904632568,674.0,119.0,57,6905,26,261.6,False,False,False,398.8,251.0
16,C330,2,1995,1995-07-17,1.420800006389618,624.95,6.400000095367432,482.0,144.0,63,7030,27,261.6,False,False,False,398.8,339.0
16,C330,2,1996,1996-12-15,1.4422999978065492,691.91,5.900000095367432,740.0,132.0,62,7430,28,261.6,False,False,False,398.8,517.0
16,C330,2,1997,1997-06-11,1.614499998092651,569.44,5.5,835.0,115.0,66,8030,29,261.6,False,False,False,398.8,178.0
16,C350,1,1990,1990-07-20,1.2111999988555908,435.53,6.5,787.0,119.0,56,5062,22,251.5,False,False,False,388.7,0.0
16,C350,2,1990,1990-10-05,1.223099982738495,435.53,6.5,787.0,119.0,56,5062,22,261.7,False,False,False,398.9,77.0
16,C350,2,1991,1991-09-20,1.264399993419647,497.21,5.900000095367432,789.0,127.0,60,5337,23,261.7,False,False,False,398.9,350.0
16,C350,2,1992,1992-10-25,1.346299982070923,437.81,7.300000190734863,657.0,100.0,57,5615,24,261.7,False,False,False,398.9,401.0
16,C350,2,1993,1993-12-04,1.310699987411499,667.56,4.5,901.0,111.0,65,6498,25,261.7,False,False,False,398.9,405.0
16,C350,2,1994,1994-08-12,1.3920499980449677,444.6,7.099999904632568,674.0,119.0,57,6905,26,261.7,False,False,False,398.9,251.0
16,C350,2,1995,1995-07-17,1.467900002002716,624.95,6.400000095367432,482.0,144.0,63,7030,27,261.7,False,False,False,398.9,339.0
16,C350,2,1996,1996-12-15,1.5204000115394591,691.91,5.900000095367432,740.0,132.0,62,7430,28,261.7,False,False,False,398.9,517.0
16,C350,2,1997,1997-06-11,1.5986999988555908,569.44,5.5,835.0,115.0,66,8030,29,261.7,False,False,False,398.9,178.0
17,1002,1,1990,1990-09-10,1.149500000476837,1423.48,8.600000381469727,468.0,123.0,76,1279,5,335.3,False,False,False,335.3,0.0
17,1002,2,1991,1991-12-16,1.1810999870300294,1013.3,8.699999809265137,710.0,94.0,76,1571,6,335.3,False,False,False,335.3,462.0
17,1002,2,1992,1992-09-15,1.1751999974250793,1090.0,7.599999904632568,500.0,114.0,79,1867,7,335.3,False,False,False,335.3,274.0
17,1002,2,1994,1994-02-14,1.3514000177383425,871.41,7.699999809265137,800.0,83.0,79,2384,9,335.3,False,False,False,335.3,517.0
17,1002,2,1995,1995-03-10,1.4367000102996823,1019.39,7.699999809265137,778.0,86.0,77,2735,10,335.3,False,False,False,335.3,389.0
17,1002,3,1998,1998-08-02,1.533300018310547,1180.48,10.100000381469728,339.0,94.0,79,4286,13,335.3,False,False,False,335.3,1241.0
17,1002,3,1999,1999-11-16,1.586299991607666,1077.21,9.199999809265137,501.0,101.0,75,4934,14,335.3,False,False,False,335.3,471.0
17,1002,3,2000,2000-11-08,1.631600022315979,983.25,8.5,690.0,75.0,76,5595,15,335.3,False,False,False,335.3,358.0
17,1002,3,2001,2001-10-15,1.6793999910354611,913.0,9.0,588.0,86.0,77,6269,16,335.3,False,False,False,335.3,341.0
17,1002,3,2004,2004-09-22,1.8297000169754027,1066.99,8.800000190734863,575.0,87.0,77,8070,19,335.3,False,False,False,335.3,1073.0
17,1003,1,1990,1990-07-29,0.9539333323637644,1461.36,13.199999809265137,127.0,88.0,75,1067,5,309.9,False,False,True,614.7,0.0
17,1003,1,1991,1991-12-18,0.9425000011920928,1150.37,13.199999809265137,270.0,84.0,76,1275,6,309.9,False,False,True,614.7,507.0
17,1003,1,1992,1992-10-07,0.9732999980449676,1067.72,12.600000381469728,85.0,104.0,76,1522,7,309.9,False,False,True,614.7,294.0
17,1003,1,1994,1994-01-13,0.9276999950408936,1083.39,12.399999618530272,229.0,79.0,77,2107,9,309.9,False,False,True,614.7,463.0
17,1003,1,1995,1995-03-03,0.9651000022888184,1197.51,12.300000190734863,271.0,88.0,75,2412,10,309.9,False,False,True,614.7,414.0
17,1003,1,1997,1997-05-17,1.0036000072956086,1103.7,12.100000381469728,217.0,90.0,75,3162,12,309.9,False,False,True,614.7,806.0
17,1003,1,1999,1999-04-30,1.0295000165700912,980.2,13.600000381469728,160.0,85.0,71,3879,14,309.9,False,False,True,614.7,713.0
17,1003,1,2000,2000-11-28,0.9798000037670136,981.84,12.699999809265137,274.0,81.0,72,4284,15,309.9,False,False,True,614.7,578.0
17,1003,1,2001,2001-09-19,1.031499993801117,1227.48,13.699999809265137,140.0,83.0,72,4749,16,309.9,False,False,True,614.7,295.0
17,1003,1,2004,2004-08-26,1.07330002784729,1307.69,13.0,238.0,73.0,76,6486,19,309.9,False,False,True,614.7,1072.0
17,1003,1,2007,2007-07-12,1.1230999708175655,1145.74,13.699999809265137,205.0,90.0,73,8781,22,309.9,False,False,True,614.7,1050.0
17,6050,1,1990,1990-03-22,0.7476999998092652,1410.71,13.399999618530272,132.0,91.0,74,2400,32,177.9,False,False,False,533.5,0.0
17,6050,1,1992,1992-10-07,0.8341000020503998,1076.14,12.699999809265137,78.0,107.0,75,2500,34,177.9,False,False,False,533.5,930.0
17,6050,1,1994,1994-01-13,0.8427000045776367,1054.67,12.5,226.0,75.0,77,2598,36,177.9,False,False,False,533.5,463.0
17,6050,1,1995,1995-03-02,0.8425000011920929,1145.13,12.300000190734863,280.0,89.0,75,2647,37,177.9,False,False,False,533.5,413.0
17,A310,1,1990,1990-10-03,0.8871499985456467,1461.36,13.199999809265137,127.0,88.0,75,1067,5,287.0,False,False,True,591.8000000000001,0.0
17,A310,2,1991,1991-12-18,0.9057999968528748,1150.37,13.199999809265137,270.0,84.0,76,1275,6,299.7,False,False,True,604.5,441.0
17,A310,2,1992,1992-10-07,0.870800006389618,1067.72,12.600000381469728,85.0,104.0,76,1522,7,299.7,False,False,True,604.5,294.0
17,A310,2,1994,1994-01-13,0.8386000037193299,1083.39,12.399999618530272,229.0,79.0,77,2107,9,299.7,False,False,True,604.5,463.0
17,A310,2,1995,1995-03-03,0.851199996471405,1197.51,12.300000190734863,271.0,88.0,75,2412,10,299.7,False,False,True,604.5,414.0
17,A310,2,1997,1997-05-17,0.889900004863739,1103.7,12.100000381469728,217.0,90.0,75,3162,12,299.7,False,False,True,604.5,806.0
17,A310,2,1999,1999-08-17,0.928300005197525,980.2,13.600000381469728,160.0,85.0,71,3879,14,299.7,False,False,True,604.5,822.0
17,A310,2,2000,2000-11-28,0.8846000015735627,981.84,12.699999809265137,274.0,81.0,72,4284,15,299.7,False,False,True,604.5,469.0
17,A310,2,2001,2001-09-19,0.9424999952316284,1227.48,13.699999809265137,140.0,83.0,72,4749,16,299.7,False,False,True,604.5,295.0
17,A310,2,2004,2004-08-26,0.9364999890327452,1307.69,13.0,238.0,73.0,76,6486,19,299.7,False,False,True,604.5,1072.0
17,A320,1,1990,1990-07-26,1.0583000004291536,1461.36,13.199999809265137,127.0,88.0,75,1067,5,310.0,False,False,True,614.8,0.0
17,A320,2,1991,1991-12-18,1.1747000098228455,1150.37,13.199999809265137,270.0,84.0,76,1275,6,315.1,False,False,True,619.9000000000001,510.0
17,A320,2,1992,1992-10-07,1.1422000050544738,1067.72,12.600000381469728,85.0,104.0,76,1522,7,315.1,False,False,True,619.9000000000001,294.0
17,A320,2,1994,1994-01-13,1.1116999745368958,1083.39,12.399999618530272,229.0,79.0,77,2107,9,315.1,False,False,True,619.9000000000001,463.0
17,A320,2,1995,1995-03-03,1.1290000140666965,1197.51,12.300000190734863,271.0,88.0,75,2412,10,315.1,False,False,True,619.9000000000001,414.0
17,A320,2,1997,1997-05-17,1.116600012779236,1103.7,12.100000381469728,217.0,90.0,75,3162,12,315.1,False,False,True,619.9000000000001,806.0
17,A320,2,1999,1999-08-17,1.1812999725341795,980.2,13.600000381469728,160.0,85.0,71,3879,14,315.1,False,False,True,619.9000000000001,822.0
17,A320,2,2000,2000-11-28,1.252300012111664,981.84,12.699999809265137,274.0,81.0,72,4284,15,315.1,False,False,True,619.9000000000001,469.0
17,A320,2,2001,2001-09-19,1.2770999908447265,1227.48,13.699999809265137,140.0,83.0,72,4749,16,315.1,False,False,True,619.9000000000001,295.0
17,A320,2,2004,2004-08-26,1.3835999965667725,1307.69,13.0,238.0,73.0,76,6486,19,315.1,False,False,True,619.9000000000001,1072.0
17,A330,1,1990,1990-07-26,1.1010000109672546,1461.36,13.199999809265137,127.0,88.0,75,1067,5,307.4,False,False,True,612.2,0.0
17,A330,2,1990,1990-12-11,1.0678000092506408,1461.36,13.199999809265137,127.0,88.0,75,1067,5,307.4,False,False,True,612.2,138.0
17,A330,2,1991,1991-12-18,1.1123000025749206,1150.37,13.199999809265137,270.0,84.0,76,1275,6,307.4,False,False,True,612.2,372.0
17,A330,2,1992,1992-10-07,1.098800015449524,1067.72,12.600000381469728,85.0,104.0,76,1522,7,307.4,False,False,True,612.2,294.0
17,A330,2,1994,1994-01-13,1.0838000059127808,1083.39,12.399999618530272,229.0,79.0,77,2107,9,307.4,False,False,True,612.2,463.0
17,A330,3,1995,1995-03-03,1.143999981880188,1197.51,12.300000190734863,271.0,88.0,75,2412,10,307.4,False,False,True,612.2,414.0
17,A330,3,1997,1997-05-17,1.21599999666214,1103.7,12.100000381469728,217.0,90.0,75,3162,12,307.4,False,False,True,612.2,806.0
17,A330,3,1999,1999-08-17,1.254100000858307,980.2,13.600000381469728,160.0,85.0,71,3879,14,307.4,False,False,True,612.2,822.0
17,A330,3,2000,2000-11-28,1.2294999837875364,981.84,12.699999809265137,274.0,81.0,72,4284,15,307.4,False,False,True,612.2,469.0
17,A330,3,2001,2001-09-19,1.2761000037193295,1227.48,13.699999809265137,140.0,83.0,72,4749,16,307.4,False,False,True,612.2,295.0
17,A330,3,2004,2004-08-26,1.3409000158309938,1307.69,13.0,238.0,73.0,76,6486,19,307.4,False,False,True,612.2,1072.0
17,A340,1,1990,1990-10-03,1.0440499991178511,1461.36,13.199999809265137,127.0,88.0,75,1067,5,294.7,False,False,True,599.5,0.0
17,A340,1,1991,1991-12-18,1.079499989748001,1150.37,13.199999809265137,270.0,84.0,76,1275,6,294.7,False,False,True,599.5,441.0
17,A340,1,1992,1992-10-07,1.0846000075340272,1067.72,12.600000381469728,85.0,104.0,76,1522,7,294.7,False,False,True,599.5,294.0
17,A340,1,1994,1994-01-13,1.0712000012397764,1083.39,12.399999618530272,229.0,79.0,77,2107,9,294.7,False,False,True,599.5,463.0
17,A340,1,1995,1995-03-03,1.0705999970436095,1197.51,12.300000190734863,271.0,88.0,75,2412,10,294.7,False,False,True,599.5,414.0
17,A340,1,1997,1997-05-17,1.1847000002861023,1103.7,12.100000381469728,217.0,90.0,75,3162,12,294.7,False,False,True,599.5,806.0
17,A340,1,1999,1999-08-17,1.2663999915122988,980.2,13.600000381469728,160.0,85.0,71,3879,14,294.7,False,False,True,599.5,822.0
17,A340,1,2000,2000-11-28,1.2775999903678894,981.84,12.699999809265137,274.0,81.0,72,4284,15,294.7,False,False,True,599.5,469.0
17,A340,1,2001,2001-09-19,1.4417999982833862,1227.48,13.699999809265137,140.0,83.0,72,4749,16,294.7,False,False,True,599.5,295.0
17,A340,1,2004,2004-08-26,1.759499990940094,1307.69,13.0,238.0,73.0,76,6486,19,294.7,False,False,True,599.5,1072.0
17,A350,1,1990,1990-07-26,0.9976999819278716,1461.36,13.199999809265137,127.0,88.0,75,1067,5,302.3,False,False,True,607.1,0.0
17,A350,2,1990,1990-12-11,1.060199999809265,1461.36,13.199999809265137,127.0,88.0,75,1067,5,307.4,False,False,True,612.2,138.0
17,A350,2,1991,1991-12-18,1.0539999961853028,1150.37,13.199999809265137,270.0,84.0,76,1275,6,307.4,False,False,True,612.2,372.0
17,A350,2,1992,1992-10-07,1.0491999983787537,1067.72,12.600000381469728,85.0,104.0,76,1522,7,307.4,False,False,True,612.2,294.0
17,A350,2,1994,1994-01-13,1.0214999854564666,1083.39,12.399999618530272,229.0,79.0,77,2107,9,307.4,False,False,True,612.2,463.0
17,A350,2,1995,1995-03-03,1.0859000086784365,1197.51,12.300000190734863,271.0,88.0,75,2412,10,307.4,False,False,True,612.2,414.0
17,A350,2,1997,1997-05-17,1.178600013256073,1103.7,12.100000381469728,217.0,90.0,75,3162,12,307.4,False,False,True,612.2,806.0
17,A350,2,1999,1999-08-17,1.2859000086784362,980.2,13.600000381469728,160.0,85.0,71,3879,14,307.4,False,False,True,612.2,822.0
17,A350,2,2000,2000-11-28,1.2675999999046326,981.84,12.699999809265137,274.0,81.0,72,4284,15,307.4,False,False,True,612.2,469.0
17,A350,2,2001,2001-09-19,1.332100009918213,1227.48,13.699999809265137,140.0,83.0,72,4749,16,307.4,False,False,True,612.2,295.0
17,A350,2,2004,2004-08-26,1.3915000081062316,1307.69,13.0,238.0,73.0,76,6486,19,307.4,False,False,True,612.2,1072.0
17,B310,1,1990,1990-09-10,1.2693499982357026,1423.48,8.600000381469727,468.0,123.0,76,1279,5,342.90000000000003,False,False,False,342.90000000000003,0.0
17,B310,2,1991,1991-12-16,0.9429000079631804,1013.3,8.699999809265137,710.0,94.0,76,1571,6,373.4,False,False,False,373.4,462.0
17,B310,2,1992,1992-09-15,0.9507999956607818,1090.0,7.599999904632568,500.0,114.0,79,1867,7,373.4,False,False,False,373.4,274.0
17,B310,3,1994,1994-02-14,1.1186999917030334,871.41,7.699999809265137,800.0,83.0,79,2384,9,373.4,False,False,False,373.4,517.0
17,B310,3,1998,1998-08-02,1.2110500037670135,1180.48,10.100000381469728,339.0,94.0,79,4286,13,373.4,False,False,False,373.4,1630.0
17,B310,3,1999,1999-11-16,1.2674999952316286,1077.21,9.199999809265137,501.0,101.0,75,4934,14,373.4,False,False,False,373.4,471.0
17,B310,3,2000,2000-11-08,1.2722999811172486,983.25,8.5,690.0,75.0,76,5595,15,373.4,False,False,False,373.4,358.0
17,B310,3,2001,2001-10-15,1.3353000044822694,913.0,9.0,588.0,86.0,77,6269,16,373.4,False,False,False,373.4,341.0
17,B310,3,2004,2004-09-22,1.4670000076293943,1066.99,8.800000190734863,575.0,87.0,77,8070,19,373.4,False,False,False,373.4,1073.0
17,B320,1,1990,1990-06-12,1.553000009059906,1423.48,8.600000381469727,468.0,123.0,76,1279,5,322.6,False,False,False,322.6,0.0
17,B320,2,1990,1990-12-10,1.741600012779236,1423.48,8.600000381469727,468.0,123.0,76,1279,5,325.1,False,False,False,325.1,181.0
17,B320,2,1991,1991-12-16,1.8229000091552727,1013.3,8.699999809265137,710.0,94.0,76,1571,6,325.1,False,False,False,325.1,371.0
17,B320,2,1992,1992-09-15,1.7929999947547914,1090.0,7.599999904632568,500.0,114.0,79,1867,7,325.1,False,False,False,325.1,274.0
17,B320,2,1994,1994-02-14,2.0378000140190125,871.41,7.699999809265137,800.0,83.0,79,2384,9,325.1,False,False,False,325.1,517.0
17,B320,2,1995,1995-03-10,2.028599977493286,1019.39,7.699999809265137,778.0,86.0,77,2735,10,325.1,False,False,False,325.1,389.0
17,B320,2,1998,1998-08-02,1.987199991941452,1180.48,10.100000381469728,339.0,94.0,79,4286,13,325.1,False,False,False,325.1,1241.0
17,B320,2,1999,1999-11-16,2.01599999666214,1077.21,9.199999809265137,501.0,101.0,75,4934,14,325.1,False,False,False,325.1,471.0
17,B320,2,2000,2000-11-08,2.0883000016212465,983.25,8.5,690.0,75.0,76,5595,15,325.1,False,False,False,325.1,358.0
17,B320,2,2001,2001-10-15,2.075899970531464,913.0,9.0,588.0,86.0,77,6269,16,325.1,False,False,False,325.1,341.0
17,B320,2,2004,2004-09-22,2.256099987030029,1066.99,8.800000190734863,575.0,87.0,77,8070,19,325.1,False,False,False,325.1,1073.0
17,B330,1,1990,1990-06-12,0.962299996614456,1423.48,8.600000381469727,468.0,123.0,76,1279,5,335.3,False,False,False,335.3,0.0
17,B330,2,1990,1990-12-10,0.9795999884605407,1423.48,8.600000381469727,468.0,123.0,76,1279,5,335.3,False,False,False,335.3,181.0
17,B330,2,1991,1991-12-16,1.007899981737137,1013.3,8.699999809265137,710.0,94.0,76,1571,6,335.3,False,False,False,335.3,371.0
17,B330,2,1992,1992-09-15,0.9850999951362608,1090.0,7.599999904632568,500.0,114.0,79,1867,7,335.3,False,False,False,335.3,274.0
17,B330,2,1994,1994-02-14,1.1169999837875366,871.41,7.699999809265137,800.0,83.0,79,2384,9,335.3,False,False,False,335.3,517.0
17,B330,2,1995,1995-03-10,1.1503000020980836,1019.39,7.699999809265137,778.0,86.0,77,2735,10,335.3,False,False,False,335.3,389.0
17,B330,3,1998,1998-08-02,1.1896999955177308,1180.48,10.100000381469728,339.0,94.0,79,4286,13,335.3,False,False,False,335.3,1241.0
17,B330,3,1999,1999-11-16,1.217900002002716,1077.21,9.199999809265137,501.0,101.0,75,4934,14,335.3,False,False,False,335.3,471.0
17,B330,3,2000,2000-11-08,1.2511999964714051,983.25,8.5,690.0,75.0,76,5595,15,335.3,False,False,False,335.3,358.0
17,B330,3,2001,2001-10-15,1.3167999982833862,913.0,9.0,588.0,86.0,77,6269,16,335.3,False,False,False,335.3,341.0
17,B330,3,2004,2004-09-22,1.441699993610382,1066.99,8.800000190734863,575.0,87.0,77,8070,19,335.3,False,False,False,335.3,1073.0
17,B340,1,1990,1990-09-10,0.9738000005483628,1423.48,8.600000381469727,468.0,123.0,76,1279,5,337.90000000000003,False,False,False,337.90000000000003,0.0
17,B340,2,1991,1991-12-16,1.014200007915497,1013.3,8.699999809265137,710.0,94.0,76,1571,6,337.90000000000003,False,False,False,337.90000000000003,462.0
17,B340,2,1992,1992-09-15,0.9863000035285948,1090.0,7.599999904632568,500.0,114.0,79,1867,7,337.90000000000003,False,False,False,337.90000000000003,274.0
17,B340,2,1994,1994-02-14,1.1532999992370605,871.41,7.699999809265137,800.0,83.0,79,2384,9,337.90000000000003,False,False,False,337.90000000000003,517.0
17,B340,2,1995,1995-03-10,1.1897999882698058,1019.39,7.699999809265137,778.0,86.0,77,2735,10,337.90000000000003,False,False,False,337.90000000000003,389.0
17,B340,3,1998,1998-08-02,1.1756999909877777,1180.48,10.100000381469728,339.0,94.0,79,4286,13,337.90000000000003,False,False,False,337.90000000000003,1241.0
17,B340,3,1999,1999-11-16,1.2222000122070311,1077.21,9.199999809265137,501.0,101.0,75,4934,14,337.90000000000003,False,False,False,337.90000000000003,471.0
17,B340,3,2000,2000-11-08,1.2626000046730042,983.25,8.5,690.0,75.0,76,5595,15,337.90000000000003,False,False,False,337.90000000000003,358.0
17,B340,3,2001,2001-10-15,1.3473000049591064,913.0,9.0,588.0,86.0,77,6269,16,337.90000000000003,False,False,False,337.90000000000003,341.0
17,B340,3,2004,2004-09-22,1.4919999957084655,1066.99,8.800000190734863,575.0,87.0,77,8070,19,337.90000000000003,False,False,False,337.90000000000003,1073.0
17,B350,1,1990,1990-06-12,1.2300999999046325,1423.48,8.600000381469727,468.0,123.0,76,1279,5,348.0,False,False,False,348.0,0.0
17,B350,2,1990,1990-12-10,1.2367000222206117,1423.48,8.600000381469727,468.0,123.0,76,1279,5,353.1,False,False,False,353.1,181.0
17,B350,2,1991,1991-12-16,1.1925000071525576,1013.3,8.699999809265137,710.0,94.0,76,1571,6,353.1,False,False,False,353.1,371.0
17,B350,2,1992,1992-09-15,1.2254000067710875,1090.0,7.599999904632568,500.0,114.0,79,1867,7,353.1,False,False,False,353.1,274.0
17,B350,2,1994,1994-02-14,1.5928999900817873,871.41,7.699999809265137,800.0,83.0,79,2384,9,353.1,False,False,False,353.1,517.0
17,B350,2,1995,1995-03-10,1.3523000121116635,1019.39,7.699999809265137,778.0,86.0,77,2735,10,353.1,False,False,False,353.1,389.0
17,B350,2,1998,1998-08-02,1.3973499953746795,1180.48,10.100000381469728,339.0,94.0,79,4286,13,353.1,False,False,False,353.1,1241.0
17,B350,2,1999,1999-11-16,1.426800000667572,1077.21,9.199999809265137,501.0,101.0,75,4934,14,353.1,False,False,False,353.1,471.0
17,B350,2,2000,2000-11-08,1.463099992275238,983.25,8.5,690.0,75.0,76,5595,15,353.1,False,False,False,353.1,358.0
17,B350,2,2001,2001-10-15,1.4939000010490415,913.0,9.0,588.0,86.0,77,6269,16,353.1,False,False,False,353.1,341.0
17,B350,3,2004,2004-09-22,1.4897000074386595,1066.99,8.800000190734863,575.0,87.0,77,8070,19,353.1,False,False,False,353.1,1073.0
18,1028,1,1989,1989-12-02,1.1129000186920166,1619.2,11.699999809265137,313.0,86.0,79,13218,15,391.1,False,False,False,391.1,0.0
18,1028,1,1990,1990-10-05,1.3207000076770783,1683.06,13.600000381469728,88.0,87.0,77,14586,16,391.1,False,False,False,391.1,307.0
18,1028,1,1991,1991-12-19,1.2376000046730042,1309.41,13.899999618530272,130.0,94.0,76,15970,17,391.1,False,False,False,391.1,440.0
18,1028,1,1992,1992-10-05,1.3886999964714049,1184.34,12.800000190734863,74.0,92.0,78,17460,18,391.1,False,False,False,391.1,291.0
18,1028,1,1994,1994-01-15,1.3568000078201294,1370.58,13.0,210.0,79.0,76,20186,20,391.1,False,False,False,391.1,467.0
18,1028,1,1995,1995-03-15,1.5388000011444092,1250.34,12.800000190734863,203.0,94.0,75,21418,21,391.1,False,False,False,391.1,424.0
18,1028,2,1999,1999-01-15,0.7837000012397766,1106.13,14.300000190734863,115.0,82.0,69,27679,25,464.9,False,False,False,464.9,1402.0
18,1028,2,2004,2004-11-21,0.8400000035762787,1341.48,13.5,208.0,77.0,78,36351,30,464.9,False,False,False,464.9,2137.0
18,1028,2,2008,2008-06-25,0.8464000165462494,1570.65,12.800000190734863,206.0,87.0,76,44455,34,464.9,False,False,False,464.9,1312.0
18,1028,2,2010,2010-07-20,0.9362000167369842,1233.96,13.600000381469728,286.0,65.0,74,48290,36,464.9,False,False,False,464.9,755.0
18,1028,2,2011,2011-10-12,1.0264000117778778,1982.61,13.600000381469728,130.0,79.0,79,50249,37,464.9,False,False,False,464.9,449.0
18,1028,2,2014,2014-06-25,1.1656000077724458,1533.94,11.800000190734863,322.0,87.0,78,56498,40,464.9,False,False,False,464.9,987.0
18,1028,2,2015,2015-04-28,1.205300009250641,1600.85,13.399999618530272,233.0,61.0,79,58522,41,464.9,False,False,False,464.9,307.0
18,1037,1,1989,1989-12-03,1.823300004005432,1470.67,11.800000190734863,323.0,82.0,79,1306,7,373.4,False,False,False,373.4,0.0
18,1037,1,1991,1991-06-12,1.9877999901771544,1235.09,13.899999618530272,150.0,91.0,77,1749,9,373.4,False,False,False,373.4,556.0
18,1037,1,1992,1992-10-05,2.0026999831199648,1147.27,12.800000190734863,72.0,95.0,77,2148,10,373.4,False,False,False,373.4,481.0
18,1037,1,1994,1994-01-16,2.073200011253357,1275.06,13.0,207.0,75.0,76,2899,12,373.4,False,False,False,373.4,468.0
18,1037,2,1995,1995-03-14,0.7255999982357024,1194.49,12.899999618530272,193.0,90.0,74,3266,13,416.6,False,False,False,416.6,422.0
18,1037,2,1997,1997-05-20,0.9248000025749208,1417.04,12.199999809265137,182.0,87.0,77,4129,15,416.6,False,False,False,416.6,798.0
18,1037,2,1999,1999-05-14,1.1365500003099442,1095.36,14.100000381469728,119.0,78.0,70,5192,17,416.6,False,False,False,416.6,724.0
18,1037,3,2000,2000-08-24,1.1737000226974486,1138.28,13.0,238.0,83.0,74,5648,18,416.6,False,False,False,416.6,468.0
18,1037,3,2001,2001-11-01,1.3478999972343444,1228.49,14.0,108.0,75.0,73,6091,19,416.6,False,False,False,416.6,434.0
18,1037,3,2003,2003-03-11,1.4819000124931336,1392.39,12.899999618530272,194.0,85.0,77,6827,21,416.6,False,False,False,416.6,495.0
18,1037,4,2008,2008-06-24,0.6572999954223633,1606.08,12.600000381469728,203.0,86.0,77,9175,26,454.7,False,False,False,454.7,1932.0
18,1037,4,2009,2009-06-18,0.6027999997138977,1485.66,12.699999809265137,191.0,75.0,80,9611,27,454.7,False,False,False,454.7,359.0
18,1037,4,2011,2011-10-12,0.7298999965190887,1899.75,13.600000381469728,125.0,77.0,79,10427,29,454.7,False,False,False,454.7,846.0
18,2008,2,1989,1989-10-04,1.8199999928474424,973.91,8.800000190734863,522.0,94.0,77,9231,10,330.2,False,True,False,462.3,0.0
18,2008,2,1991,1991-06-18,2.4587500035762786,855.53,10.600000381469728,380.0,96.0,77,11116,12,330.2,False,True,False,462.3,622.0
18,2008,2,1992,1992-10-02,2.75299997329712,1148.34,9.100000381469728,248.0,106.0,80,12318,13,330.2,False,True,False,462.3,472.0
18,2008,2,1994,1994-02-01,2.7955999851226805,983.0,9.699999809265137,459.0,92.0,74,14352,15,330.2,False,True,False,462.3,487.0
18,2008,3,1995,1995-03-29,0.7358999967575073,928.16,9.600000381469728,446.0,95.0,75,15448,16,370.8,False,True,False,502.9,421.0
18,2008,3,1998,1998-07-31,0.886899995803833,1095.01,11.5,159.0,95.0,79,18242,19,370.8,False,True,False,502.9,1220.0
18,2008,3,1999,1999-10-26,0.9118000090122224,815.82,10.699999809265137,360.0,94.0,72,19050,20,370.8,False,True,False,502.9,452.0
18,2008,3,2000,2000-08-21,0.9142999947071077,1098.7,10.0,489.0,79.0,75,19729,21,370.8,False,True,False,502.9,300.0
18,2008,3,2003,2003-06-10,1.0498000025749206,1103.3,9.399999618530272,453.0,79.0,77,23033,24,370.8,False,True,False,502.9,1023.0
18,2008,4,2004,2004-07-25,0.5407000035047531,1148.96,10.0,489.0,71.0,78,23898,25,406.4,False,True,False,538.5,411.0
18,2008,4,2008,2008-06-26,0.5981999933719635,1260.35,9.5,442.0,101.0,78,27402,29,406.4,False,True,False,538.5,1432.0
18,2008,4,2010,2010-07-21,0.6316999971866608,1134.32,11.0,377.0,74.0,75,28791,31,406.4,False,True,False,538.5,755.0
18,2008,4,2011,2011-10-26,0.6802999973297119,1580.64,10.399999618530272,340.0,82.0,79,29439,32,406.4,False,True,False,538.5,462.0
18,2008,4,2015,2015-08-18,0.8045999884605408,1450.87,10.0,483.0,77.0,77,33026,36,406.4,False,True,False,538.5,1392.0
18,2009,1,1989,1989-10-03,1.525599992275238,1182.77,9.399999618530272,475.0,99.0,78,3275,9,157.5,False,True,False,647.7,0.0
18,2009,1,1991,1991-05-31,1.6998999953269958,1065.89,11.300000190734863,357.0,90.0,77,4236,11,157.5,False,True,False,647.7,605.0
18,2009,1,1992,1992-10-03,1.7420999765396117,1042.93,9.899999618530272,197.0,108.0,81,4719,12,157.5,False,True,False,647.7,491.0
18,2009,1,1994,1994-10-05,1.928700029850006,928.5,10.300000190734863,366.0,89.0,76,5706,14,157.5,False,True,False,647.7,732.0
18,2009,1,1995,1995-03-18,2.275199997425079,974.87,10.5,399.0,85.0,74,6308,15,157.5,False,True,False,647.7,164.0
18,2009,1,1998,1998-08-01,3.455049979686737,1094.92,12.199999809265137,138.0,82.0,78,7976,18,157.5,False,True,False,647.7,1232.0
18,6012,1,1989,1989-12-02,1.2675999999046326,1470.67,11.800000190734863,323.0,82.0,79,9828,13,523.2,False,False,False,523.2,0.0
18,6012,1,1991,1991-06-13,1.618599998950958,1235.09,13.899999618530272,150.0,91.0,77,12028,15,523.2,False,False,False,523.2,558.0
18,6012,1,1992,1992-10-05,1.8672000169754028,1147.27,12.800000190734863,72.0,95.0,77,13500,16,523.2,False,False,False,523.2,480.0
18,6012,1,1994,1994-01-15,1.4621999859809875,1275.06,13.0,207.0,75.0,76,16086,18,523.2,False,False,False,523.2,467.0
18,6012,1,1995,1995-03-15,2.7986000061035154,1194.49,12.899999618530272,193.0,90.0,74,17499,19,523.2,False,False,False,523.2,424.0
18,6012,2,1997,1997-05-19,0.5683000028133391,1417.04,12.199999809265137,182.0,87.0,77,21225,21,614.5999999999999,False,False,False,614.5999999999999,796.0
18,6012,2,1999,1999-05-14,0.7260000050067901,1095.36,14.100000381469728,119.0,78.0,70,25046,23,614.5999999999999,False,False,False,614.5999999999999,725.0
18,6012,2,2000,2000-08-24,0.8122999906539916,1138.28,13.0,238.0,83.0,74,27092,24,614.5999999999999,False,False,False,614.5999999999999,468.0
18,6012,2,2001,2001-11-01,0.9366999924182892,1228.49,14.0,108.0,75.0,73,29307,25,614.5999999999999,False,False,False,614.5999999999999,434.0
18,6012,2,2004,2004-07-27,1.0350000083446502,1340.8,13.699999809265137,207.0,75.0,76,36248,28,614.5999999999999,False,False,False,614.5999999999999,999.0
18,6012,2,2009,2009-08-06,1.3064999997615816,1485.66,12.699999809265137,191.0,75.0,80,48088,33,614.5999999999999,False,False,False,614.5999999999999,1836.0
18,6012,2,2011,2011-10-12,1.5106000065803526,1899.75,13.600000381469728,125.0,77.0,79,52434,35,614.5999999999999,False,False,False,614.5999999999999,797.0
18,6012,3,2012,2012-08-29,0.7855000019073486,968.92,15.100000381469728,63.0,78.0,72,54943,36,609.5,False,False,False,609.5,322.0
18,6012,3,2015,2015-04-28,0.8053000032901764,1585.17,13.399999618530272,228.0,64.0,78,64774,39,609.5,False,False,False,609.5,972.0
18,6012,3,2017,2017-05-06,0.7967999935150146,1284.88,14.5,117.0,63.0,74,71864,41,609.5,False,False,False,609.5,739.0
18,6012,4,2020,2020-09-11,0.8693000137805938,1697.32,13.5,56.0,80.0,80,80540,44,609.5,False,False,False,609.5,1224.0
18,A310,1,1990,1990-10-05,1.6714499950408936,1683.06,13.600000381469728,88.0,87.0,77,14586,16,388.6,False,False,False,388.6,0.0
18,A310,1,1991,1991-12-19,1.906500017642975,1309.41,13.899999618530272,130.0,94.0,76,15970,17,388.6,False,False,False,388.6,440.0
18,A310,2,1992,1992-10-05,1.4097000122070311,1184.34,12.800000190734863,74.0,92.0,78,17460,18,414.0,False,False,False,414.0,291.0
18,A310,2,1994,1994-01-15,1.3634999871253966,1370.58,13.0,210.0,79.0,76,20186,20,414.0,False,False,False,414.0,467.0
18,A310,2,1995,1995-03-15,1.458899998664856,1250.34,12.800000190734863,203.0,94.0,75,21418,21,414.0,False,False,False,414.0,424.0
18,A320,1,1990,1990-07-26,1.6947000145912172,1683.06,13.600000381469728,88.0,87.0,77,14586,16,388.6,False,False,False,388.6,0.0
18,A320,2,1990,1990-12-15,1.9834000229835511,1683.06,13.600000381469728,88.0,87.0,77,14586,16,393.7,False,False,False,393.7,142.0
18,A320,2,1991,1991-12-19,1.9780000448226929,1309.41,13.899999618530272,130.0,94.0,76,15970,17,393.7,False,False,False,393.7,369.0
18,A320,2,1992,1992-10-05,2.135800004005432,1184.34,12.800000190734863,74.0,92.0,78,17460,18,393.7,False,False,False,393.7,291.0
18,A320,2,1994,1994-01-15,1.9200999736785889,1370.58,13.0,210.0,79.0,76,20186,20,393.7,False,False,False,393.7,467.0
18,A320,2,1995,1995-03-15,2.131899988651276,1250.34,12.800000190734863,203.0,94.0,75,21418,21,393.7,False,False,False,393.7,424.0
18,A330,1,1990,1990-07-26,1.3242999792099,1683.06,13.600000381469728,88.0,87.0,77,14586,16,388.6,False,False,False,388.6,0.0
18,A330,2,1990,1990-12-15,1.374299991130829,1683.06,13.600000381469728,88.0,87.0,77,14586,16,388.6,False,False,False,388.6,142.0
18,A330,2,1991,1991-12-19,1.336199986934662,1309.41,13.899999618530272,130.0,94.0,76,15970,17,388.6,False,False,False,388.6,369.0
18,A330,2,1992,1992-10-05,1.4617999911308288,1184.34,12.800000190734863,74.0,92.0,78,17460,18,388.6,False,False,False,388.6,291.0
18,A330,2,1994,1994-01-15,1.3574999928474427,1370.58,13.0,210.0,79.0,76,20186,20,388.6,False,False,False,388.6,467.0
18,A330,2,1995,1995-03-15,1.565299999713898,1250.34,12.800000190734863,203.0,94.0,75,21418,21,388.6,False,False,False,388.6,424.0
18,A340,1,1990,1990-10-05,1.26735001206398,1683.06,13.600000381469728,88.0,87.0,77,14586,16,388.6,False,False,False,388.6,0.0
18,A340,1,1991,1991-12-19,1.214100003242493,1309.41,13.899999618530272,130.0,94.0,76,15970,17,388.6,False,False,False,388.6,440.0
18,A340,1,1992,1992-10-05,1.2928000211715698,1184.34,12.800000190734863,74.0,92.0,78,17460,18,388.6,False,False,False,388.6,291.0
18,A340,1,1994,1994-01-15,1.2573999881744384,1370.58,13.0,210.0,79.0,76,20186,20,388.6,False,False,False,388.6,467.0
18,A340,1,1995,1995-03-15,1.2666000008583067,1250.34,12.800000190734863,203.0,94.0,75,21418,21,388.6,False,False,False,388.6,424.0
18,A350,1,1990,1990-07-26,0.9888999938964844,1683.06,13.600000381469728,88.0,87.0,77,14586,16,388.6,False,False,False,388.6,0.0
18,A350,2,1990,1990-12-15,0.997099995613098,1683.06,13.600000381469728,88.0,87.0,77,14586,16,398.8,False,False,False,398.8,142.0
18,A350,2,1991,1991-12-19,1.1310000002384186,1309.41,13.899999618530272,130.0,94.0,76,15970,17,398.8,False,False,False,398.8,369.0
18,A350,2,1992,1992-10-05,1.0387000024318696,1184.34,12.800000190734863,74.0,92.0,78,17460,18,398.8,False,False,False,398.8,291.0
18,A350,2,1994,1994-01-15,1.1013999998569488,1370.58,13.0,210.0,79.0,76,20186,20,398.8,False,False,False,398.8,467.0
18,A350,2,1995,1995-03-15,1.008899998664856,1250.34,12.800000190734863,203.0,94.0,75,21418,21,398.8,False,False,False,398.8,424.0
19,0101,2,1993,1993-10-15,1.1915000081062317,1576.78,9.5,455.0,90.0,84,331,2,195.6,False,False,False,1033.8,0.0
19,0101,2,1995,1995-02-15,1.3405999898910523,1114.2,10.100000381469728,453.0,90.0,76,828,4,195.6,False,False,False,1033.8,488.0
19,0101,2,1996,1996-04-16,1.4860000014305117,1118.01,9.899999618530272,488.0,106.0,72,1159,5,195.6,False,False,False,1033.8,426.0
19,0101,2,1997,1997-09-25,1.552499997615814,988.1,10.699999809265137,364.0,111.0,72,1544,6,195.6,False,False,False,1033.8,527.0
19,0101,2,1998,1998-10-13,1.6514999985694887,1205.61,12.300000190734863,244.0,80.0,78,1893,7,195.6,False,False,False,1033.8,383.0
19,0101,2,1999,1999-07-19,1.7278999924659728,717.13,11.899999618530272,284.0,100.0,71,2293,8,195.6,False,False,False,1033.8,279.0
19,0101,2,2000,2000-05-22,1.7585999965667725,735.95,11.699999809265137,438.0,89.0,69,2691,9,195.6,False,False,False,1033.8,308.0
19,0101,2,2001,2001-05-29,1.976799988746643,1118.09,11.600000381469728,323.0,94.0,74,3097,10,195.6,False,False,False,1033.8,372.0
19,0101,3,2001,2001-08-06,1.835599994659424,1118.09,11.600000381469728,323.0,94.0,74,3097,10,195.6,False,False,False,1033.8,69.0
19,0101,3,2002,2002-11-22,1.833899998664856,763.19,11.600000381469728,215.0,121.0,73,3487,11,195.6,False,False,False,1033.8,473.0
19,0101,3,2004,2004-09-22,2.1775999784469606,947.42,11.399999618530272,355.0,88.0,74,4323,13,195.6,False,False,False,1033.8,670.0
19,0102,2,1993,1993-10-15,0.8805000126361847,1576.78,9.5,455.0,90.0,84,331,2,127.0,False,False,False,1041.4,0.0
19,0102,2,1995,1995-02-15,1.138200008869171,1114.2,10.100000381469728,453.0,90.0,76,828,4,127.0,False,False,False,1041.4,488.0
19,0102,2,1996,1996-04-16,1.353600025177002,1118.01,9.899999618530272,488.0,106.0,72,1159,5,127.0,False,False,False,1041.4,426.0
19,0102,2,1997,1997-09-25,1.635599982738495,988.1,10.699999809265137,364.0,111.0,72,1544,6,127.0,False,False,False,1041.4,527.0
19,0102,2,1998,1998-10-13,1.9335999727249145,1205.61,12.300000190734863,244.0,80.0,78,1893,7,127.0,False,False,False,1041.4,383.0
19,0102,2,1999,1999-07-19,2.1534000277519225,717.13,11.899999618530272,284.0,100.0,71,2293,8,127.0,False,False,False,1041.4,279.0
19,0102,2,2000,2000-05-22,2.318200016021729,735.95,11.699999809265137,438.0,89.0,69,2691,9,127.0,False,False,False,1041.4,308.0
19,0102,2,2001,2001-05-29,2.851200032234192,1118.09,11.600000381469728,323.0,94.0,74,3097,10,127.0,False,False,False,1041.4,372.0
19,0102,3,2001,2001-08-06,2.4895999908447264,1118.09,11.600000381469728,323.0,94.0,74,3097,10,127.0,False,False,False,1041.4,69.0
19,0102,3,2002,2002-11-22,2.450600004196167,763.19,11.600000381469728,215.0,121.0,73,3487,11,127.0,False,False,False,1041.4,473.0
19,0102,3,2004,2004-09-22,2.915799975395202,947.42,11.399999618530272,355.0,88.0,74,4323,13,127.0,False,False,False,1041.4,670.0
19,0103,2,1993,1993-10-15,0.7121000051498413,1576.78,9.5,455.0,90.0,84,331,2,96.5,False,True,False,919.5,0.0
19,0103,2,1995,1995-02-15,0.8116999924182892,1114.2,10.100000381469728,453.0,90.0,76,828,4,96.5,False,True,False,919.5,488.0
19,0103,2,1996,1996-04-16,1.0161999940872193,1118.01,9.899999618530272,488.0,106.0,72,1159,5,96.5,False,True,False,919.5,426.0
19,0103,2,1997,1997-09-25,1.0194999992847442,988.1,10.699999809265137,364.0,111.0,72,1544,6,96.5,False,True,False,919.5,527.0
19,0103,2,1998,1998-10-13,1.0783000171184538,1205.61,12.300000190734863,244.0,80.0,78,1893,7,96.5,False,True,False,919.5,383.0
19,0103,2,1999,1999-07-19,1.1021000027656551,717.13,11.899999618530272,284.0,100.0,71,2293,8,96.5,False,True,False,919.5,279.0
19,0103,2,2000,2000-05-22,1.1784000039100646,735.95,11.699999809265137,438.0,89.0,69,2691,9,96.5,False,True,False,919.5,308.0
19,0103,2,2001,2001-05-29,1.3556000113487243,1118.09,11.600000381469728,323.0,94.0,74,3097,10,96.5,False,True,False,919.5,372.0
19,0103,3,2001,2001-08-06,1.5162999868392943,1118.09,11.600000381469728,323.0,94.0,74,3097,10,96.5,False,True,False,919.5,69.0
19,0103,3,2002,2002-11-22,1.4012000203132629,763.19,11.600000381469728,215.0,121.0,73,3487,11,96.5,False,True,False,919.5,473.0
19,0103,3,2004,2004-09-22,1.5098999977111816,947.42,11.399999618530272,355.0,88.0,74,4323,13,96.5,False,True,False,919.5,670.0
19,0104,2,1993,1993-10-15,0.8033999979496003,1576.78,9.5,455.0,90.0,84,331,2,177.8,False,True,False,1115.1,0.0
19,0104,2,1995,1995-02-15,0.907200002670288,1114.2,10.100000381469728,453.0,90.0,76,828,4,177.8,False,True,False,1115.1,488.0
19,0104,2,1996,1996-04-16,1.0558999955654145,1118.01,9.899999618530272,488.0,106.0,72,1159,5,177.8,False,True,False,1115.1,426.0
19,0104,2,1997,1997-09-25,1.0180000007152556,988.1,10.699999809265137,364.0,111.0,72,1544,6,177.8,False,True,False,1115.1,527.0
19,0104,2,1998,1998-10-13,1.107100009918213,1205.61,12.300000190734863,244.0,80.0,78,1893,7,177.8,False,True,False,1115.1,383.0
19,0104,2,1999,1999-07-19,1.1724000096321106,717.13,11.899999618530272,284.0,100.0,71,2293,8,177.8,False,True,False,1115.1,279.0
19,0104,2,2000,2000-05-22,1.20699999332428,735.95,11.699999809265137,438.0,89.0,69,2691,9,177.8,False,True,False,1115.1,308.0
19,0104,2,2001,2001-05-29,1.3727999925613403,1118.09,11.600000381469728,323.0,94.0,74,3097,10,177.8,False,True,False,1115.1,372.0
19,0104,3,2001,2001-08-06,1.330399990081787,1118.09,11.600000381469728,323.0,94.0,74,3097,10,177.8,False,True,False,1115.1,69.0
19,0104,3,2002,2002-11-22,1.2726999878883365,763.19,11.600000381469728,215.0,121.0,73,3487,11,177.8,False,True,False,1115.1,473.0
19,0104,3,2004,2004-09-22,1.422100007534027,947.42,11.399999618530272,355.0,88.0,74,4323,13,177.8,False,True,False,1115.1,670.0
19,0105,2,1993,1993-10-15,1.0320000112056733,1576.78,9.5,455.0,90.0,84,331,2,91.4,False,True,False,922.0,0.0
19,0105,2,1995,1995-02-15,1.13400000333786,1114.2,10.100000381469728,453.0,90.0,76,828,4,91.4,False,True,False,922.0,488.0
19,0105,2,1996,1996-04-16,1.3353000044822694,1118.01,9.899999618530272,488.0,106.0,72,1159,5,91.4,False,True,False,922.0,426.0
19,0105,2,1997,1997-09-25,1.344500017166138,988.1,10.699999809265137,364.0,111.0,72,1544,6,91.4,False,True,False,922.0,527.0
19,0105,2,1998,1998-10-13,1.367799997329712,1205.61,12.300000190734863,244.0,80.0,78,1893,7,91.4,False,True,False,922.0,383.0
19,0105,2,1999,1999-07-19,1.427599990367889,717.13,11.899999618530272,284.0,100.0,71,2293,8,91.4,False,True,False,922.0,279.0
19,0105,2,2000,2000-05-22,1.4364999890327457,735.95,11.699999809265137,438.0,89.0,69,2691,9,91.4,False,True,False,922.0,308.0
19,0105,2,2001,2001-05-29,1.6780000030994415,1118.09,11.600000381469728,323.0,94.0,74,3097,10,91.4,False,True,False,922.0,372.0
19,0105,3,2001,2001-08-06,1.4460999965667725,1118.09,11.600000381469728,323.0,94.0,74,3097,10,91.4,False,True,False,922.0,69.0
19,0105,3,2002,2002-11-22,1.4590000033378605,763.19,11.600000381469728,215.0,121.0,73,3487,11,91.4,False,True,False,922.0,473.0
19,0105,3,2004,2004-09-22,1.6552999854087829,947.42,11.399999618530272,355.0,88.0,74,4323,13,91.4,False,True,False,922.0,670.0
19,0106,2,1993,1993-10-15,0.9089000046253204,1576.78,9.5,455.0,90.0,84,331,2,177.8,False,True,False,1122.7,0.0
19,0106,2,1995,1995-02-15,0.9566999912261964,1114.2,10.100000381469728,453.0,90.0,76,828,4,177.8,False,True,False,1122.7,488.0
19,0106,2,1996,1996-04-16,1.160800004005432,1118.01,9.899999618530272,488.0,106.0,72,1159,5,177.8,False,True,False,1122.7,426.0
19,0106,2,1997,1997-09-25,1.1100999832153322,988.1,10.699999809265137,364.0,111.0,72,1544,6,177.8,False,True,False,1122.7,527.0
19,0106,2,1998,1998-10-13,1.1554999828338623,1205.61,12.300000190734863,244.0,80.0,78,1893,7,177.8,False,True,False,1122.7,383.0
19,0106,2,1999,1999-07-19,1.2085999727249146,717.13,11.899999618530272,284.0,100.0,71,2293,8,177.8,False,True,False,1122.7,279.0
19,0106,2,2000,2000-05-22,1.1887999892234802,735.95,11.699999809265137,438.0,89.0,69,2691,9,177.8,False,True,False,1122.7,308.0
19,0106,2,2001,2001-05-29,1.3139999985694883,1118.09,11.600000381469728,323.0,94.0,74,3097,10,177.8,False,True,False,1122.7,372.0
19,0106,3,2001,2001-08-06,1.3090999960899352,1118.09,11.600000381469728,323.0,94.0,74,3097,10,177.8,False,True,False,1122.7,69.0
19,0106,3,2002,2002-11-22,1.2409000039100646,763.19,11.600000381469728,215.0,121.0,73,3487,11,177.8,False,True,False,1122.7,473.0
19,0106,3,2004,2004-09-22,1.367300009727478,947.42,11.399999618530272,355.0,88.0,74,4323,13,177.8,False,True,False,1122.7,670.0
19,0107,2,1995,1995-02-15,0.9852000057697295,1114.2,10.100000381469728,453.0,90.0,76,828,4,157.5,False,True,False,668.0,0.0
19,0107,2,1996,1996-04-16,1.170699989795685,1118.01,9.899999618530272,488.0,106.0,72,1159,5,157.5,False,True,False,668.0,426.0
19,0107,2,1997,1997-09-25,1.1006999969482425,988.1,10.699999809265137,364.0,111.0,72,1544,6,157.5,False,True,False,668.0,527.0
19,0107,2,1998,1998-10-13,1.166700005531311,1205.61,12.300000190734863,244.0,80.0,78,1893,7,157.5,False,True,False,668.0,383.0
19,0107,2,1999,1999-07-19,1.1282999992370606,717.13,11.899999618530272,284.0,100.0,71,2293,8,157.5,False,True,False,668.0,279.0
19,0107,2,2000,2000-05-22,1.1415000081062316,735.95,11.699999809265137,438.0,89.0,69,2691,9,157.5,False,True,False,668.0,308.0
19,0107,2,2001,2001-05-29,1.1488000035285948,1118.09,11.600000381469728,323.0,94.0,74,3097,10,157.5,False,True,False,668.0,372.0
19,0107,3,2001,2001-08-06,1.127300000190735,1118.09,11.600000381469728,323.0,94.0,74,3097,10,157.5,False,True,False,668.0,69.0
19,0107,3,2002,2002-11-22,1.1784000039100646,763.19,11.600000381469728,215.0,121.0,73,3487,11,157.5,False,True,False,668.0,473.0
19,0107,3,2004,2004-09-22,1.2070000052452088,947.42,11.399999618530272,355.0,88.0,74,4323,13,157.5,False,True,False,668.0,670.0
19,0108,1,1993,1993-10-15,0.7894999861717225,1576.78,9.5,455.0,90.0,84,331,2,152.39999999999998,False,True,False,1079.5,0.0
19,0108,1,1995,1995-02-15,0.8109000027179718,1114.2,10.100000381469728,453.0,90.0,76,828,4,152.39999999999998,False,True,False,1079.5,488.0
19,0108,1,1996,1996-04-16,1.0077000081539154,1118.01,9.899999618530272,488.0,106.0,72,1159,5,152.39999999999998,False,True,False,1079.5,426.0
19,0108,1,1997,1997-09-25,1.2097000122070312,988.1,10.699999809265137,364.0,111.0,72,1544,6,152.39999999999998,False,True,False,1079.5,527.0
19,0108,1,1998,1998-10-13,1.388499987125397,1205.61,12.300000190734863,244.0,80.0,78,1893,7,152.39999999999998,False,True,False,1079.5,383.0
19,0108,1,1999,1999-07-19,1.4969999909400942,717.13,11.899999618530272,284.0,100.0,71,2293,8,152.39999999999998,False,True,False,1079.5,279.0
19,0108,1,2000,2000-05-22,1.5573000073432923,735.95,11.699999809265137,438.0,89.0,69,2691,9,152.39999999999998,False,True,False,1079.5,308.0
19,0108,1,2001,2001-05-29,1.7799000144004822,1118.09,11.600000381469728,323.0,94.0,74,3097,10,152.39999999999998,False,True,False,1079.5,372.0
19,0108,2,2001,2001-08-06,1.606700026988983,1118.09,11.600000381469728,323.0,94.0,74,3097,10,152.39999999999998,False,True,False,1079.5,69.0
19,0108,2,2002,2002-11-22,1.6530999779701232,763.19,11.600000381469728,215.0,121.0,73,3487,11,152.39999999999998,False,True,False,1079.5,473.0
19,0108,2,2004,2004-09-22,1.9130000352859493,947.42,11.399999618530272,355.0,88.0,74,4323,13,152.39999999999998,False,True,False,1079.5,670.0
19,0109,1,1993,1993-10-15,0.7896000027656556,1576.78,9.5,455.0,90.0,84,331,2,188.0,False,True,False,1275.1,0.0
19,0109,1,1995,1995-02-15,0.7824000000953675,1114.2,10.100000381469728,453.0,90.0,76,828,4,188.0,False,True,False,1275.1,488.0
19,0109,1,1996,1996-04-16,0.947099995613098,1118.01,9.899999618530272,488.0,106.0,72,1159,5,188.0,False,True,False,1275.1,426.0
19,0109,1,1997,1997-09-25,0.8214999973773957,988.1,10.699999809265137,364.0,111.0,72,1544,6,188.0,False,True,False,1275.1,527.0
19,0109,1,1998,1998-10-13,0.8472999930381775,1205.61,12.300000190734863,244.0,80.0,78,1893,7,188.0,False,True,False,1275.1,383.0
19,0109,1,1999,1999-07-19,0.8558000028133392,717.13,11.899999618530272,284.0,100.0,71,2293,8,188.0,False,True,False,1275.1,279.0
19,0109,1,2000,2000-05-22,0.8675999939441681,735.95,11.699999809265137,438.0,89.0,69,2691,9,188.0,False,True,False,1275.1,308.0
19,0109,1,2001,2001-05-29,0.899099999666214,1118.09,11.600000381469728,323.0,94.0,74,3097,10,188.0,False,True,False,1275.1,372.0
19,0109,2,2001,2001-08-06,1.1692999958992003,1118.09,11.600000381469728,323.0,94.0,74,3097,10,188.0,False,True,False,1275.1,69.0
19,0109,2,2002,2002-11-22,1.0497999966144562,763.19,11.600000381469728,215.0,121.0,73,3487,11,188.0,False,True,False,1275.1,473.0
19,0109,2,2004,2004-09-22,0.968200010061264,947.42,11.399999618530272,355.0,88.0,74,4323,13,188.0,False,True,False,1275.1,670.0
19,0110,1,1993,1993-10-15,0.957499998807907,1576.78,9.5,455.0,90.0,84,331,2,200.7,False,True,False,1013.6,0.0
19,0110,1,1995,1995-02-15,1.0766999959945678,1114.2,10.100000381469728,453.0,90.0,76,828,4,200.7,False,True,False,1013.6,488.0
19,0110,1,1997,1997-09-25,1.3044000029563905,988.1,10.699999809265137,364.0,111.0,72,1544,6,200.7,False,True,False,1013.6,953.0
19,0110,1,1998,1998-10-13,1.422699999809265,1205.61,12.300000190734863,244.0,80.0,78,1893,7,200.7,False,True,False,1013.6,383.0
19,0110,1,1999,1999-07-19,1.4959999918937683,717.13,11.899999618530272,284.0,100.0,71,2293,8,200.7,False,True,False,1013.6,279.0
19,0110,1,2000,2000-05-22,1.5275000095367433,735.95,11.699999809265137,438.0,89.0,69,2691,9,200.7,False,True,False,1013.6,308.0
19,0110,1,2001,2001-05-29,1.652400016784668,1118.09,11.600000381469728,323.0,94.0,74,3097,10,200.7,False,True,False,1013.6,372.0
19,0110,2,2001,2001-08-06,1.405500018596649,1118.09,11.600000381469728,323.0,94.0,74,3097,10,200.7,False,True,False,1013.6,69.0
19,0110,2,2002,2002-11-22,1.5403000116348269,763.19,11.600000381469728,215.0,121.0,73,3487,11,200.7,False,True,False,1013.6,473.0
19,0110,2,2004,2004-09-22,1.7598000049591065,947.42,11.399999618530272,355.0,88.0,74,4323,13,200.7,False,True,False,1013.6,670.0
19,0111,1,1993,1993-10-15,0.815799993276596,1576.78,9.5,455.0,90.0,84,331,2,111.8,False,True,False,1021.2,0.0
19,0111,1,1995,1995-02-15,0.8705999970436096,1114.2,10.100000381469728,453.0,90.0,76,828,4,111.8,False,True,False,1021.2,488.0
19,0111,1,1997,1997-09-25,1.0383000016212462,988.1,10.699999809265137,364.0,111.0,72,1544,6,111.8,False,True,False,1021.2,953.0
19,0111,1,1998,1998-10-13,1.0984000086784362,1205.61,12.300000190734863,244.0,80.0,78,1893,7,111.8,False,True,False,1021.2,383.0
19,0111,1,1999,1999-07-19,1.159000027179718,717.13,11.899999618530272,284.0,100.0,71,2293,8,111.8,False,True,False,1021.2,279.0
19,0111,1,2000,2000-05-22,1.1593000173568726,735.95,11.699999809265137,438.0,89.0,69,2691,9,111.8,False,True,False,1021.2,308.0
19,0111,1,2001,2001-05-29,1.2091000199317932,1118.09,11.600000381469728,323.0,94.0,74,3097,10,111.8,False,True,False,1021.2,372.0
19,0111,2,2001,2001-08-06,1.230799996852875,1118.09,11.600000381469728,323.0,94.0,74,3097,10,111.8,False,True,False,1021.2,69.0
19,0111,2,2002,2002-11-22,1.2432000041007996,763.19,11.600000381469728,215.0,121.0,73,3487,11,111.8,False,True,False,1021.2,473.0
19,0111,2,2004,2004-09-22,1.2806000113487244,947.42,11.399999618530272,355.0,88.0,74,4323,13,111.8,False,True,False,1021.2,670.0
19,0112,1,1993,1993-10-15,0.733599990606308,1576.78,9.5,455.0,90.0,84,331,2,114.3,False,True,False,1143.0,0.0
19,0112,1,1995,1995-02-15,0.8304000079631806,1114.2,10.100000381469728,453.0,90.0,76,828,4,114.3,False,True,False,1143.0,488.0
19,0112,1,1997,1997-09-25,0.9553000032901764,988.1,10.699999809265137,364.0,111.0,72,1544,6,114.3,False,True,False,1143.0,953.0
19,0112,1,1998,1998-10-13,0.9819000005722044,1205.61,12.300000190734863,244.0,80.0,78,1893,7,114.3,False,True,False,1143.0,383.0
19,0112,1,1999,1999-07-19,1.0459000170230863,717.13,11.899999618530272,284.0,100.0,71,2293,8,114.3,False,True,False,1143.0,279.0
19,0112,1,2000,2000-05-22,1.0540000081062315,735.95,11.699999809265137,438.0,89.0,69,2691,9,114.3,False,True,False,1143.0,308.0
19,0112,1,2001,2001-05-29,1.126900005340576,1118.09,11.600000381469728,323.0,94.0,74,3097,10,114.3,False,True,False,1143.0,372.0
19,0112,2,2001,2001-08-06,1.0604999899864196,1118.09,11.600000381469728,323.0,94.0,74,3097,10,114.3,False,True,False,1143.0,69.0
19,0112,2,2002,2002-11-22,1.060999983549118,763.19,11.600000381469728,215.0,121.0,73,3487,11,114.3,False,True,False,1143.0,473.0
19,0112,2,2004,2004-09-22,1.04549999833107,947.42,11.399999618530272,355.0,88.0,74,4323,13,114.3,False,True,False,1143.0,670.0
19,0159,1,1993,1993-10-15,0.6851999938488007,1576.78,9.5,455.0,90.0,84,331,2,101.6,False,True,False,1193.8,0.0
19,0159,1,1997,1997-09-25,0.7386999964714049,988.1,10.699999809265137,364.0,111.0,72,1544,6,101.6,False,True,False,1193.8,1441.0
19,0159,1,1998,1998-10-13,0.7570999920368194,1205.61,12.300000190734863,244.0,80.0,78,1893,7,101.6,False,True,False,1193.8,383.0
19,0159,1,1999,1999-07-19,0.7494999945163727,717.13,11.899999618530272,284.0,100.0,71,2293,8,101.6,False,True,False,1193.8,279.0
19,0159,1,2000,2000-05-22,0.791899996995926,735.95,11.699999809265137,438.0,89.0,69,2691,9,101.6,False,True,False,1193.8,308.0
19,0159,1,2001,2001-07-02,0.8909999966621398,1118.09,11.600000381469728,323.0,94.0,74,3097,10,101.6,False,True,False,1193.8,406.0
19,0159,1,2002,2002-11-22,0.8824999988079071,763.19,11.600000381469728,215.0,121.0,73,3487,11,101.6,False,True,False,1193.8,508.0
19,0159,2,2004,2004-09-22,0.9920999884605408,947.42,11.399999618530272,355.0,88.0,74,4323,13,101.6,False,True,False,1193.8000000000002,670.0
19,1044,1,1990,1990-06-26,1.636300003528595,1300.29,8.600000381469727,497.0,119.0,76,4520,20,409.0,False,False,True,663.0,0.0
19,1044,1,1991,1991-06-22,1.9748000025749208,1029.37,8.199999809265137,769.0,97.0,78,4787,21,409.0,False,False,True,663.0,361.0
19,1044,2,1992,1992-05-13,1.7359999775886537,1123.21,7.5,552.0,106.0,79,5054,22,409.0,False,False,True,663.0,326.0
19,1044,2,1993,1993-10-16,1.8448999762535088,1513.28,6.800000190734863,784.0,104.0,84,5334,23,409.0,False,False,True,663.0,521.0
19,1044,2,1994,1994-09-15,1.8466999888420104,1034.11,7.400000095367432,866.0,85.0,81,5628,24,409.0,False,False,True,663.0,334.0
19,1044,4,1997,1997-09-23,4.175799942016601,939.73,7.900000095367432,655.0,110.0,76,6664,27,411.5,False,False,True,665.5,1104.0
19,1044,4,1998,1998-10-12,4.555399990081787,1373.53,10.0,377.0,90.0,79,6962,28,411.5,False,False,True,665.5,384.0
19,1044,4,1999,1999-07-17,4.714800000190735,853.41,9.0,528.0,97.0,76,7424,29,411.5,False,False,True,665.5,278.0
19,1044,4,2000,2000-05-20,4.565799951553345,591.19,8.800000190734863,770.0,82.0,72,7900,30,411.5,False,False,True,665.5,308.0
19,1044,4,2001,2001-08-09,4.527899980545044,967.66,8.800000190734863,701.0,86.0,77,8330,31,411.5,False,False,True,665.5,446.0
19,1044,5,2003,2003-07-26,0.5258999943733216,848.51,8.600000381469727,678.0,84.0,70,9266,33,505.5,False,False,True,759.5,716.0
19,1044,7,2020,2020-06-15,1.438100016117096,1113.01,8.800000190734863,443.0,119.0,79,19247,50,505.5,False,False,True,759.5,6169.0
19,6049,1,1990,1990-06-13,1.5117999792099,1242.04,9.899999618530272,334.0,119.0,76,57557,29,589.4,False,False,False,589.4,0.0
19,6049,1,1991,1991-06-18,1.6325000047683718,1027.14,10.199999809265137,575.0,93.0,74,61756,30,589.4,False,False,False,589.4,370.0
19,6049,1,1992,1992-05-13,1.4006999850273134,1194.53,8.800000190734863,412.0,109.0,79,65028,31,589.4,False,False,False,589.4,330.0
19,6049,2,1993,1993-12-01,1.7212000012397766,1385.29,8.300000190734863,558.0,98.0,84,66833,32,589.4,False,False,False,589.4,567.0
19,6049,2,1994,1994-09-14,1.6975999951362608,913.16,9.300000190734863,635.0,78.0,76,70031,33,589.4,False,False,False,589.4,287.0
19,6049,3,1997,1997-09-23,2.092000019550324,872.45,9.600000381469728,465.0,109.0,73,80038,36,589.4,False,False,False,589.4,1105.0
19,6049,3,1998,1998-10-12,2.12610000371933,1132.24,11.300000190734863,286.0,93.0,79,83573,37,589.4,False,False,False,589.4,384.0
19,6049,4,1999,1999-07-19,2.192799985408783,819.74,10.699999809265137,382.0,96.0,73,88295,38,589.4,False,False,False,589.4,280.0
19,6049,4,2000,2000-05-21,2.144800007343292,556.23,10.5,567.0,88.0,70,92867,39,589.4,False,False,False,589.4,307.0
19,6049,4,2001,2001-08-08,2.125599980354309,1036.71,10.300000190734863,497.0,93.0,75,97330,40,589.4,False,False,False,589.4,444.0
19,6150,1,1990,1990-06-17,1.2574999928474426,909.43,9.399999618530272,436.0,120.0,69,1934,39,121.9,False,True,False,307.3,0.0
19,6150,1,1991,1991-06-20,1.2219000101089477,1031.94,8.699999809265137,712.0,98.0,74,2003,40,121.9,False,True,False,307.3,368.0
19,6150,1,1992,1992-05-12,1.3447999954223633,967.63,8.399999618530273,415.0,121.0,76,2062,41,121.9,False,True,False,307.3,327.0
19,6150,1,1993,1993-10-17,1.3099000215530396,1484.83,7.0,767.0,100.0,81,2100,42,121.9,False,True,False,307.3,523.0
19,6150,1,1994,1994-09-17,1.272000014781952,898.76,8.300000190734863,828.0,81.0,74,2213,43,121.9,False,True,False,307.3,335.0
19,6150,1,1997,1997-08-07,1.830400002002716,759.71,8.699999809265137,631.0,112.0,71,2547,46,121.9,False,True,False,307.3,1055.0
19,6150,2,1998,1998-10-10,0.4767000049352646,1097.17,10.300000190734863,423.0,91.0,74,2670,47,261.6,False,True,False,447.0,429.0
19,6150,2,1999,1999-06-16,0.4873999983072281,747.97,9.899999618530272,426.0,112.0,70,2791,48,261.6,False,True,False,447.0,249.0
19,6150,2,2000,2000-05-09,0.4937000095844269,541.64,9.600000381469728,735.0,83.0,66,2912,49,261.6,False,True,False,447.0,328.0
19,6150,2,2001,2001-08-10,0.4894999980926514,758.33,9.100000381469728,699.0,84.0,73,3022,50,261.6,False,True,False,447.0,458.0
19,6150,2,2004,2004-05-22,0.5140000104904174,964.31,9.300000190734863,566.0,94.0,69,3370,53,261.6,False,True,False,447.0,1016.0
19,6150,2,2007,2007-11-06,0.5297000050544738,1111.77,9.300000190734863,760.0,78.0,73,3748,56,261.6,False,True,False,447.0,1263.0
19,6150,2,2009,2009-08-11,0.6358999967575073,971.19,8.100000381469727,755.0,80.0,73,4020,58,261.6,False,True,False,447.0,644.0
19,6150,2,2011,2011-08-23,0.7296000063419342,792.09,9.399999618530272,607.0,103.0,70,4297,60,261.6,False,True,False,447.0,742.0
19,A310,1,1990,1990-06-17,1.0698999881744389,909.43,9.399999618530272,436.0,120.0,69,1934,39,147.4,False,True,False,332.8,0.0
19,A310,2,1991,1991-06-20,0.8093999922275543,1031.94,8.699999809265137,712.0,98.0,74,2003,40,180.4,False,True,False,365.8,368.0
19,A310,2,1992,1992-05-12,0.7848000049591064,967.63,8.399999618530273,415.0,121.0,76,2062,41,180.4,False,True,False,365.8,327.0
19,A310,2,1993,1993-10-17,0.7585999965667725,1484.83,7.0,767.0,100.0,81,2100,42,180.4,False,True,False,365.8,523.0
19,A310,2,1994,1994-09-17,0.7119000136852265,898.76,8.300000190734863,828.0,81.0,74,2213,43,180.4,False,True,False,365.8,335.0
19,A310,2,1997,1997-08-07,0.9558000087738036,759.71,8.699999809265137,631.0,112.0,71,2547,46,180.4,False,True,False,365.8,1055.0
19,A320,1,1990,1990-06-17,1.2402999877929688,909.43,9.399999618530272,436.0,120.0,69,1934,39,149.9,False,True,False,335.3,0.0
19,A320,2,1991,1991-06-20,1.5708999991416932,1031.94,8.699999809265137,712.0,98.0,74,2003,40,155.0,False,True,False,340.40000000000003,368.0
19,A320,2,1992,1992-05-12,1.6549000024795533,967.63,8.399999618530273,415.0,121.0,76,2062,41,155.0,False,True,False,340.40000000000003,327.0
19,A320,2,1993,1993-10-17,1.5093000054359436,1484.83,7.0,767.0,100.0,81,2100,42,155.0,False,True,False,340.40000000000003,523.0
19,A320,2,1994,1994-09-17,1.4965999841690063,898.76,8.300000190734863,828.0,81.0,74,2213,43,155.0,False,True,False,340.40000000000003,335.0
19,A320,2,1997,1997-08-07,1.7942999958992003,759.71,8.699999809265137,631.0,112.0,71,2547,46,155.0,False,True,False,340.40000000000003,1055.0
19,A330,1,1990,1990-06-17,1.1223999977111816,909.43,9.399999618530272,436.0,120.0,69,1934,39,116.9,False,True,False,302.3,0.0
19,A330,2,1991,1991-06-20,1.0645999908447266,1031.94,8.699999809265137,712.0,98.0,74,2003,40,116.9,False,True,False,302.3,368.0
19,A330,2,1992,1992-05-12,1.1013000011444092,967.63,8.399999618530273,415.0,121.0,76,2062,41,116.9,False,True,False,302.3,327.0
19,A330,2,1993,1993-10-17,1.0519000053405765,1484.83,7.0,767.0,100.0,81,2100,42,116.9,False,True,False,302.3,523.0
19,A330,2,1994,1994-09-17,1.0457000017166136,898.76,8.300000190734863,828.0,81.0,74,2213,43,116.9,False,True,False,302.3,335.0
19,A330,2,1997,1997-08-07,1.3626999974250795,759.71,8.699999809265137,631.0,112.0,71,2547,46,116.9,False,True,False,302.3,1055.0
19,A340,1,1990,1990-06-17,1.599400007724762,909.43,9.399999618530272,436.0,120.0,69,1934,39,121.9,False,True,False,307.3,0.0
19,A340,1,1991,1991-06-20,1.6189000129699709,1031.94,8.699999809265137,712.0,98.0,74,2003,40,121.9,False,True,False,307.3,368.0
19,A340,1,1992,1992-05-12,1.6438999891281127,967.63,8.399999618530273,415.0,121.0,76,2062,41,121.9,False,True,False,307.3,327.0
19,A340,1,1993,1993-10-17,1.72150000333786,1484.83,7.0,767.0,100.0,81,2100,42,121.9,False,True,False,307.3,523.0
19,A350,1,1990,1990-06-17,1.5112000107765198,909.43,9.399999618530272,436.0,120.0,69,1934,39,106.6,False,True,False,292.0,0.0
19,A350,2,1991,1991-06-20,1.7902999997138975,1031.94,8.699999809265137,712.0,98.0,74,2003,40,111.7,False,True,False,297.1,368.0
19,A350,2,1992,1992-05-12,1.884600007534027,967.63,8.399999618530273,415.0,121.0,76,2062,41,111.7,False,True,False,297.1,327.0
19,A350,2,1993,1993-10-17,1.7880000114440917,1484.83,7.0,767.0,100.0,81,2100,42,111.7,False,True,False,297.1,523.0
20,0101,1,1994,1994-05-13,1.0089000105857848,635.32,14.5,120.0,98.0,58,881,3,182.9,False,False,True,1003.3,0.0
20,0101,1,1995,1995-02-18,1.2385000109672548,714.89,13.699999809265137,110.0,89.0,62,1379,4,182.9,False,False,True,1003.3,281.0
20,0101,1,1996,1996-04-23,1.5125000119209289,462.14,13.300000190734863,220.0,105.0,60,1879,5,182.9,False,False,True,1003.3,430.0
20,0102,1,1994,1994-05-13,1.1610000014305113,635.32,14.5,120.0,98.0,58,881,3,109.2,False,False,True,1005.8,0.0
20,0102,1,1995,1995-02-18,1.5120999932289123,714.89,13.699999809265137,110.0,89.0,62,1379,4,109.2,False,False,True,1005.8,281.0
20,0102,1,1996,1996-04-23,1.568900001049042,462.14,13.300000190734863,220.0,105.0,60,1879,5,109.2,False,False,True,1005.8,430.0
20,0103,1,1994,1994-05-13,0.7802000045776367,635.32,14.5,120.0,98.0,58,881,3,91.4,False,True,True,424.1,0.0
20,0103,1,1995,1995-02-18,0.8446999967098237,714.89,13.699999809265137,110.0,89.0,62,1379,4,91.4,False,True,True,424.1,281.0
20,0103,1,1996,1996-04-23,0.958499985933304,462.14,13.300000190734863,220.0,105.0,60,1879,5,91.4,False,True,True,424.1,430.0
20,0103,1,1997,1997-02-13,1.0690000116825105,665.48,13.100000381469728,151.0,106.0,67,2461,6,91.4,False,True,True,424.1,296.0
20,0103,1,1998,1998-08-21,1.3998000025749209,636.45,14.800000190734863,112.0,89.0,63,3199,7,91.4,False,True,True,424.1,554.0
20,0103,1,1999,1999-03-21,1.527999985218048,580.52,14.5,62.0,91.0,62,3989,8,91.4,False,True,True,424.1,212.0
20,0103,1,2000,2000-03-17,1.5907999873161316,775.86,14.5,119.0,108.0,59,4934,9,91.4,False,True,True,424.1,362.0
20,0103,1,2001,2001-05-12,2.052399957180023,512.46,15.0,101.0,93.0,60,5777,10,91.4,False,True,True,424.1,421.0
20,0103,2,2004,2004-03-15,0.890200001001358,781.45,14.199999809265137,110.0,88.0,63,9070,13,91.5,False,True,True,424.2,1038.0
20,0104,1,1994,1994-05-13,0.7708999991416932,635.32,14.5,120.0,98.0,58,881,3,167.6,False,True,True,627.3,0.0
20,0104,1,1995,1995-02-18,0.8030999958515168,714.89,13.699999809265137,110.0,89.0,62,1379,4,167.6,False,True,True,627.3,281.0
20,0104,1,1996,1996-04-23,0.8856000006198883,462.14,13.300000190734863,220.0,105.0,60,1879,5,167.6,False,True,True,627.3,430.0
20,0104,1,1997,1997-02-13,0.8701999962329865,665.48,13.100000381469728,151.0,106.0,67,2461,6,167.6,False,True,True,627.3,296.0
20,0104,1,1998,1998-08-21,0.96460000872612,636.45,14.800000190734863,112.0,89.0,63,3199,7,167.6,False,True,True,627.3,554.0
20,0104,2,1999,1999-03-21,0.947699987888336,580.52,14.5,62.0,91.0,62,3989,8,167.6,False,True,True,627.3,212.0
20,0104,2,2000,2000-03-17,1.0034000158309937,775.86,14.5,119.0,108.0,59,4934,9,167.6,False,True,True,627.3,362.0
20,0104,2,2001,2001-05-12,1.042300009727478,512.46,15.0,101.0,93.0,60,5777,10,167.6,False,True,True,627.3,421.0
20,0104,3,2004,2004-03-15,0.851500004529953,781.45,14.199999809265137,110.0,88.0,63,9070,13,142.3,False,True,True,602.0,1038.0
20,0105,1,1994,1994-05-13,0.8968999922275542,635.32,14.5,120.0,98.0,58,881,3,106.7,False,True,True,1371.6,0.0
20,0105,1,1995,1995-02-18,1.076800000667572,714.89,13.699999809265137,110.0,89.0,62,1379,4,106.7,False,True,True,1371.6,281.0
20,0105,1,1996,1996-04-23,1.2804999947547913,462.14,13.300000190734863,220.0,105.0,60,1879,5,106.7,False,True,True,1371.6,430.0
20,0105,1,1997,1997-02-13,1.465399992465973,665.48,13.100000381469728,151.0,106.0,67,2461,6,106.7,False,True,True,1371.6,296.0
20,0105,1,1998,1998-08-21,2.0638000130653382,636.45,14.800000190734863,112.0,89.0,63,3199,7,106.7,False,True,True,1371.6,554.0
20,0105,2,1999,1999-03-21,2.4572999715805057,580.52,14.5,62.0,91.0,62,3989,8,106.7,False,True,True,1371.6,212.0
20,0105,3,2000,2000-03-17,2.2141999959945675,775.86,14.5,119.0,108.0,59,4934,9,106.7,False,True,True,1371.6,362.0
20,0105,3,2001,2001-05-12,2.7361999988555907,512.46,15.0,101.0,93.0,60,5777,10,106.7,False,True,True,1371.6,421.0
20,0105,5,2004,2004-03-15,1.2226000130176544,781.45,14.199999809265137,110.0,88.0,63,9070,13,101.6,False,True,True,1366.5,1038.0
20,0106,1,1994,1994-05-13,0.7615000009536743,635.32,14.5,120.0,98.0,58,881,3,182.9,False,True,True,622.4,0.0
20,0106,1,1995,1995-02-18,0.8245000004768372,714.89,13.699999809265137,110.0,89.0,62,1379,4,182.9,False,True,True,622.4,281.0
20,0106,1,1996,1996-04-23,0.9231000065803528,462.14,13.300000190734863,220.0,105.0,60,1879,5,182.9,False,True,True,622.4,430.0
20,0106,2,1998,1998-08-21,1.1709999918937684,636.45,14.800000190734863,112.0,89.0,63,3199,7,182.9,False,True,True,622.4,850.0
20,0106,2,1999,1999-03-21,1.151300013065338,580.52,14.5,62.0,91.0,62,3989,8,182.9,False,True,True,622.4,212.0
20,0106,2,2000,2000-03-17,1.5676999926567077,775.86,14.5,119.0,108.0,59,4934,9,182.9,False,True,True,622.4,362.0
20,0106,2,2001,2001-05-12,1.532800006866455,512.46,15.0,101.0,93.0,60,5777,10,182.9,False,True,True,622.4,421.0
20,0106,3,2004,2004-03-15,0.6119000017642975,781.45,14.199999809265137,110.0,88.0,63,9070,13,213.4,False,True,True,652.9,1038.0
20,0107,1,1994,1994-05-13,0.6551999926567078,635.32,14.5,120.0,98.0,58,881,3,104.1,False,True,True,449.6,0.0
20,0107,1,1995,1995-02-18,0.8358000040054321,714.89,13.699999809265137,110.0,89.0,62,1379,4,104.1,False,True,True,449.6,281.0
20,0107,1,1996,1996-04-23,1.10829998254776,462.14,13.300000190734863,220.0,105.0,60,1879,5,104.1,False,True,True,449.6,430.0
20,0108,1,1994,1994-05-13,0.7501999974250793,635.32,14.5,120.0,98.0,58,881,3,190.5,False,True,True,627.3,0.0
20,0108,1,1995,1995-02-18,0.8091999948024751,714.89,13.699999809265137,110.0,89.0,62,1379,4,190.5,False,True,True,627.3,281.0
20,0108,1,1996,1996-04-23,0.903000009059906,462.14,13.300000190734863,220.0,105.0,60,1879,5,190.5,False,True,True,627.3,430.0
20,0108,2,1998,1998-08-21,1.3430999994277957,636.45,14.800000190734863,112.0,89.0,63,3199,7,190.5,False,True,True,627.3,850.0
20,0108,2,1999,1999-03-21,1.3515000104904176,580.52,14.5,62.0,91.0,62,3989,8,190.5,False,True,True,627.3,212.0
20,0108,2,2000,2000-03-17,1.3995999932289125,775.86,14.5,119.0,108.0,59,4934,9,190.5,False,True,True,627.3,362.0
20,0108,2,2001,2001-05-12,1.5313000082969666,512.46,15.0,101.0,93.0,60,5777,10,190.5,False,True,True,627.3,421.0
20,0108,3,2004,2004-03-15,0.5442000031471252,781.45,14.199999809265137,110.0,88.0,63,9070,13,226.0,False,True,True,662.8,1038.0
20,0109,1,1994,1994-05-13,0.6980000019073487,635.32,14.5,120.0,98.0,58,881,3,205.7,False,True,True,1203.9,0.0
20,0109,1,1995,1995-02-18,0.7637999951839447,714.89,13.699999809265137,110.0,89.0,62,1379,4,205.7,False,True,True,1203.9,281.0
20,0109,1,1996,1996-04-23,0.8867000043392181,462.14,13.300000190734863,220.0,105.0,60,1879,5,205.7,False,True,True,1203.9,430.0
20,0109,1,1997,1997-02-13,0.896399998664856,665.48,13.100000381469728,151.0,106.0,67,2461,6,205.7,False,True,True,1203.9,296.0
20,0109,1,1998,1998-08-21,1.0625,636.45,14.800000190734863,112.0,89.0,63,3199,7,205.7,False,True,True,1203.9,554.0
20,0109,2,1999,1999-03-21,1.0634000062942506,580.52,14.5,62.0,91.0,62,3989,8,205.7,False,True,True,1203.9,212.0
20,0109,2,2000,2000-03-17,1.1143999934196471,775.86,14.5,119.0,108.0,59,4934,9,205.7,False,True,True,1203.9,362.0
20,0109,2,2001,2001-05-12,1.2036999940872193,512.46,15.0,101.0,93.0,60,5777,10,205.7,False,True,True,1203.9,421.0
20,0109,3,2004,2004-03-15,0.4816000014543533,781.45,14.199999809265137,110.0,88.0,63,9070,13,215.9,False,True,True,1214.1,1038.0
20,0110,1,1994,1994-05-13,0.6504999995231628,635.32,14.5,120.0,98.0,58,881,3,170.2,False,True,True,1292.9,0.0
20,0110,1,1995,1995-02-18,0.672299998998642,714.89,13.699999809265137,110.0,89.0,62,1379,4,170.2,False,True,True,1292.9,281.0
20,0110,1,1996,1996-04-23,0.7647000014781952,462.14,13.300000190734863,220.0,105.0,60,1879,5,170.2,False,True,True,1292.9,430.0
20,0110,1,1997,1997-02-13,0.7505999982357026,665.48,13.100000381469728,151.0,106.0,67,2461,6,170.2,False,True,True,1292.9,296.0
20,0110,1,1998,1998-08-21,0.8489000082015992,636.45,14.800000190734863,112.0,89.0,63,3199,7,170.2,False,True,True,1292.9,554.0
20,0110,2,1999,1999-03-21,0.8357000052928925,580.52,14.5,62.0,91.0,62,3989,8,170.2,False,True,True,1292.9,212.0
20,0110,2,2000,2000-03-17,0.8416000008583069,775.86,14.5,119.0,108.0,59,4934,9,170.2,False,True,True,1292.9,362.0
20,0110,2,2001,2001-05-12,0.8902999997138977,512.46,15.0,101.0,93.0,60,5777,10,170.2,False,True,True,1292.9,421.0
20,0110,3,2004,2004-03-15,0.498799991607666,781.45,14.199999809265137,110.0,88.0,63,9070,13,195.6,False,True,True,1318.3,1038.0
20,0111,1,1994,1994-05-13,0.7393999993801117,635.32,14.5,120.0,98.0,58,881,3,106.7,False,True,True,561.3000000000001,0.0
20,0111,1,1995,1995-02-18,0.7988000035285949,714.89,13.699999809265137,110.0,89.0,62,1379,4,106.7,False,True,True,561.3000000000001,281.0
20,0111,1,1996,1996-04-23,0.8322000086307526,462.14,13.300000190734863,220.0,105.0,60,1879,5,106.7,False,True,True,561.3000000000001,430.0
20,0111,1,1997,1997-02-13,0.769700002670288,665.48,13.100000381469728,151.0,106.0,67,2461,6,106.7,False,True,True,561.3000000000001,296.0
20,0111,1,1998,1998-08-21,0.8766999959945678,636.45,14.800000190734863,112.0,89.0,63,3199,7,106.7,False,True,True,561.3000000000001,554.0
20,0111,2,1999,1999-03-21,0.8661000013351441,580.52,14.5,62.0,91.0,62,3989,8,106.7,False,True,True,561.3000000000001,212.0
20,0111,2,2000,2000-03-17,0.8969000041484833,775.86,14.5,119.0,108.0,59,4934,9,106.7,False,True,True,561.3000000000001,362.0
20,0111,2,2001,2001-05-12,0.9419999957084656,512.46,15.0,101.0,93.0,60,5777,10,106.7,False,True,True,561.3000000000001,421.0
20,0111,3,2004,2004-03-15,0.5784999907016755,781.45,14.199999809265137,110.0,88.0,63,9070,13,104.1,False,True,True,558.7,1038.0
20,0112,1,1994,1994-05-13,0.8628999948501587,635.32,14.5,120.0,98.0,58,881,3,119.4,False,True,True,675.6,0.0
20,0112,1,1995,1995-02-18,0.8098999917507171,714.89,13.699999809265137,110.0,89.0,62,1379,4,119.4,False,True,True,675.6,281.0
20,0112,1,1996,1996-04-23,0.8432000041007995,462.14,13.300000190734863,220.0,105.0,60,1879,5,119.4,False,True,True,675.6,430.0
20,0112,1,1997,1997-02-13,0.8018999934196471,665.48,13.100000381469728,151.0,106.0,67,2461,6,119.4,False,True,True,675.6,296.0
20,0112,1,1998,1998-08-21,0.8769000053405762,636.45,14.800000190734863,112.0,89.0,63,3199,7,119.4,False,True,True,675.6,554.0
20,0112,2,1999,1999-03-21,0.8612999975681305,580.52,14.5,62.0,91.0,62,3989,8,119.4,False,True,True,675.6,212.0
20,0112,2,2000,2000-03-17,0.8362000048160554,775.86,14.5,119.0,108.0,59,4934,9,119.4,False,True,True,675.6,362.0
20,0112,2,2001,2001-05-12,0.9337000012397766,512.46,15.0,101.0,93.0,60,5777,10,119.4,False,True,True,675.6,421.0
20,0112,3,2004,2004-03-15,0.4780999958515167,781.45,14.199999809265137,110.0,88.0,63,9070,13,124.5,False,True,True,680.7,1038.0
20,0159,1,1996,1996-04-23,1.104899990558624,462.14,13.300000190734863,220.0,105.0,60,1879,5,287.0,False,False,True,439.4,0.0
20,0159,1,1998,1998-08-21,1.3315999865531922,636.45,14.800000190734863,112.0,89.0,63,3199,7,287.0,False,False,True,439.4,850.0
20,0159,1,1999,1999-03-21,1.3461000204086302,580.52,14.5,62.0,91.0,62,3989,8,287.0,False,False,True,439.4,212.0
20,0159,1,2000,2000-03-17,1.4077999949455262,775.86,14.5,119.0,108.0,59,4934,9,287.0,False,False,True,439.4,362.0
20,0159,1,2001,2001-05-12,1.5414999961853026,512.46,15.0,101.0,93.0,60,5777,10,287.0,False,False,True,439.4,421.0
20,0159,2,2004,2004-03-15,0.8660000085830688,781.45,14.199999809265137,110.0,88.0,63,9070,13,287.0,False,False,True,439.4,1038.0
20,0160,2,1997,1997-02-13,2.230400002002716,665.48,13.100000381469728,151.0,106.0,67,2461,6,142.2,True,False,True,474.9,0.0
20,0161,1,1995,1995-02-19,0.8214999973773955,714.89,13.699999809265137,110.0,89.0,62,1379,4,147.3,False,False,True,579.1,0.0
20,0161,1,1997,1997-02-13,0.8719000041484832,665.48,13.100000381469728,151.0,106.0,67,2461,6,147.3,False,False,True,579.1,725.0
20,0162,1,1995,1995-02-19,0.8914999961853027,714.89,13.699999809265137,110.0,89.0,62,1379,4,292.1,False,False,True,444.5,0.0
20,0162,1,1996,1996-04-23,0.935374990105629,462.14,13.300000190734863,220.0,105.0,60,1879,5,292.1,False,False,True,444.5,429.0
20,0163,1,1995,1995-02-19,1.4749000191688535,714.89,13.699999809265137,110.0,89.0,62,1379,4,121.9,False,False,True,477.5,0.0
20,0164,1,1995,1995-02-19,0.8987999975681304,714.89,13.699999809265137,110.0,89.0,62,1379,4,312.4,False,False,True,464.8,0.0
20,1005,1,1990,1990-04-20,2.898200035095215,1101.52,13.100000381469728,144.0,97.0,73,2938,20,330.2,False,False,False,330.2,0.0
20,1005,1,1991,1991-03-31,2.8740000247955324,807.73,13.800000190734863,214.0,93.0,68,3015,21,330.2,False,False,False,330.2,345.0
20,1005,1,1992,1992-05-09,2.9333999872207643,1192.71,12.300000190734863,97.0,98.0,77,3114,22,330.2,False,False,False,330.2,405.0
20,1005,1,1993,1993-03-09,2.911099982261658,1175.85,10.899999618530272,268.0,102.0,83,3210,23,330.2,False,False,False,330.2,304.0
20,1005,1,1994,1994-05-15,2.8332000494003298,952.57,12.300000190734863,237.0,89.0,77,3299,24,330.2,False,False,False,330.2,432.0
20,1005,2,1995,1995-03-01,2.9636999607086185,1255.74,12.300000190734863,206.0,97.0,74,3435,25,330.2,False,False,False,330.2,290.0
20,1005,2,1996,1996-04-24,2.9481000185012816,1009.05,11.899999618530272,316.0,99.0,70,3572,26,330.2,False,False,False,330.2,420.0
20,1005,2,1997,1997-02-20,3.163800001144409,1119.6,12.100000381469728,220.0,103.0,75,3711,27,330.2,False,False,False,330.2,302.0
20,1005,2,1998,1998-04-21,3.369299983978272,1314.95,13.699999809265137,167.0,86.0,78,3851,28,330.2,False,False,False,330.2,425.0
20,1005,2,1999,1999-03-24,3.4078999757766724,1033.84,13.0,126.0,88.0,75,3992,29,330.2,False,False,False,330.2,337.0
20,1005,2,2000,2000-02-13,3.448199987411499,798.85,13.699999809265137,253.0,94.0,66,4135,30,330.2,False,False,False,330.2,326.0
20,1005,3,2001,2001-05-09,1.1769000053405765,935.19,13.600000381469728,164.0,89.0,72,4240,31,327.6,False,False,False,327.6,451.0
20,1005,3,2008,2008-04-17,2.3461999654769894,1489.35,11.600000381469728,260.0,98.0,78,4914,38,327.6,False,False,False,327.6,2535.0
20,1005,3,2009,2009-10-25,2.498800015449524,1497.76,11.699999809265137,232.0,79.0,79,5002,39,327.6,False,False,False,327.6,556.0
20,1005,3,2010,2010-10-01,3.310199999809265,872.39,12.800000190734863,299.0,84.0,77,5088,40,327.6,False,False,False,327.6,341.0
20,1005,4,2012,2012-09-22,0.8812000095844269,893.69,15.399999618530272,80.0,78.0,65,5253,42,322.6,False,False,False,322.6,722.0
20,1005,4,2015,2015-12-08,1.052899992465973,1392.22,13.300000190734863,248.0,67.0,75,5484,45,322.6,False,False,False,322.6,1172.0
20,1005,4,2018,2018-11-06,1.503699994087219,944.3,13.100000381469728,230.0,106.0,72,5697,48,322.6,False,False,False,322.6,1064.0
20,1006,1,1990,1990-04-12,1.4682999968528747,1114.72,14.600000381469728,90.0,86.0,73,2393,21,299.7,False,False,False,299.7,0.0
20,1006,1,1991,1991-03-08,1.4907999992370606,1073.31,15.100000381469728,119.0,86.0,70,2466,22,299.7,False,False,False,299.7,330.0
20,1006,1,1992,1992-04-19,1.506500005722046,1372.42,13.699999809265137,38.0,81.0,78,2596,23,299.7,False,False,False,299.7,408.0
20,1006,1,1993,1993-03-04,1.6151999831199646,1133.56,12.600000381469728,121.0,94.0,81,2728,24,299.7,False,False,False,299.7,319.0
20,1006,1,1994,1994-05-11,1.5391999959945677,1089.6,14.199999809265137,120.0,82.0,75,2874,25,299.7,False,False,False,299.7,433.0
20,1006,1,1997,1997-02-12,1.5486000061035154,946.49,13.699999809265137,126.0,85.0,76,3628,28,299.7,False,False,False,299.7,1008.0
20,1006,1,1998,1998-04-21,1.6280999779701233,1239.12,15.600000381469728,85.0,67.0,75,3956,29,299.7,False,False,False,299.7,433.0
20,1006,2,1999,1999-03-23,0.9528999984264374,1229.84,14.800000190734863,69.0,68.0,74,4298,30,345.40000000000003,False,False,False,345.40000000000003,336.0
20,1006,2,2000,2000-02-12,0.962200003862381,843.02,14.699999809265137,167.0,81.0,70,4653,31,345.40000000000003,False,False,False,345.40000000000003,326.0
20,1006,2,2001,2001-05-10,0.978300005197525,822.44,15.5,76.0,88.0,70,4787,32,345.40000000000003,False,False,False,345.40000000000003,453.0
20,1006,2,2002,2002-04-22,1.0456999957561492,777.73,14.399999618530272,98.0,91.0,71,4925,33,345.40000000000003,False,False,False,345.40000000000003,347.0
20,1006,2,2003,2003-06-11,0.9953999936580658,1011.52,14.399999618530272,87.0,90.0,71,5325,34,345.40000000000003,False,False,False,345.40000000000003,415.0
20,1009,1,1990,1990-04-13,1.8974999904632568,701.7,14.199999809265137,128.0,100.0,60,1360,6,282.0,False,False,False,282.0,0.0
20,1009,1,1991,1991-04-03,1.9583000183105468,503.49,14.300000190734863,145.0,102.0,60,1597,7,282.0,False,False,False,282.0,355.0
20,1009,1,1992,1992-04-18,2.000699996948242,702.04,13.100000381469728,85.0,98.0,68,1729,8,282.0,False,False,False,282.0,381.0
20,1009,1,1993,1993-03-11,1.959799993038177,902.17,11.800000190734863,208.0,115.0,72,1897,9,282.0,False,False,False,282.0,327.0
20,1009,1,1994,1994-05-12,1.9722999930381773,458.19,13.899999618530272,176.0,96.0,62,2053,10,282.0,False,False,False,282.0,427.0
20,1009,1,1995,1995-02-19,2.0230000019073486,800.96,13.100000381469728,142.0,93.0,66,2214,11,282.0,False,False,False,282.0,283.0
20,1009,2,1997,1997-02-19,0.7419000029563905,658.67,12.800000190734863,171.0,105.0,69,2670,13,307.3,False,False,False,307.3,731.0
20,1009,2,1998,1998-04-23,0.7810000002384185,796.0,14.399999618530272,130.0,91.0,67,2982,14,307.3,False,False,False,307.3,428.0
20,1009,2,1999,1999-03-22,0.7932000041007996,636.91,13.899999618530272,80.0,96.0,66,3307,15,307.3,False,False,False,307.3,333.0
20,1009,2,2000,2000-03-17,0.808899998664856,733.22,13.899999618530272,163.0,108.0,62,3626,16,307.3,False,False,False,307.3,361.0
20,1009,3,2001,2001-05-11,0.9546999931335448,597.46,14.5,129.0,95.0,63,3977,17,320.0,False,False,False,320.0,420.0
20,1009,3,2004,2004-11-16,1.0097000002861023,669.83,13.699999809265137,153.0,91.0,66,5117,20,320.0,False,False,False,320.0,1285.0
20,1010,1,1990,1990-04-23,1.3512500047683718,507.69,14.600000381469728,119.0,100.0,54,2602,11,223.6,False,False,False,223.6,0.0
20,1010,1,1991,1991-04-04,1.3213000059127809,440.21,14.5,116.0,101.0,56,2935,12,223.6,False,False,False,223.6,346.0
20,1010,1,1992,1992-04-18,1.3598999977111816,683.65,13.800000190734863,70.0,95.0,61,3325,13,223.6,False,False,False,223.6,380.0
20,1010,1,1993,1993-03-12,1.3398000001907349,810.28,12.699999809265137,183.0,116.0,63,3516,14,223.6,False,False,False,223.6,328.0
20,1010,1,1994,1994-05-13,1.3064000010490415,730.68,14.600000381469728,107.0,104.0,56,3971,15,223.6,False,False,False,223.6,427.0
20,1010,2,1995,1995-02-18,1.4063999772071838,690.71,14.0,96.0,90.0,58,4477,16,223.6,False,False,False,223.6,281.0
20,1010,3,1996,1996-04-22,1.5217000007629395,526.69,13.399999618530272,204.0,104.0,57,5008,17,223.6,False,False,False,223.6,429.0
20,1010,3,1997,1997-02-14,2.194000005722046,636.07,13.300000190734863,148.0,109.0,63,5631,18,223.6,False,False,False,223.6,298.0
20,6026,1,1990,1990-04-13,0.9144999921321868,798.07,14.399999618530272,124.0,103.0,61,4120,29,383.5,False,False,False,383.5,0.0
20,6026,1,1991,1991-04-03,1.0221000015735626,676.03,14.5,148.0,101.0,61,4377,30,383.5,False,False,False,383.5,355.0
20,6026,2,1993,1993-03-11,0.7747999966144562,861.36,11.899999618530272,200.0,106.0,73,4690,32,408.9,False,False,False,408.9,708.0
20,6026,2,1994,1994-05-12,0.7987999975681305,477.62,14.0,180.0,97.0,63,4885,33,408.9,False,False,False,408.9,427.0
20,6026,2,1995,1995-02-19,0.8133000016212464,709.93,13.199999809265137,142.0,94.0,67,5092,34,408.9,False,False,False,408.9,283.0
20,6026,2,1996,1996-04-23,0.910999995470047,655.52,13.0,268.0,98.0,62,5405,35,408.9,False,False,False,408.9,429.0
20,6026,2,1997,1997-02-19,0.909699994325638,724.74,12.899999618530272,164.0,105.0,70,5730,36,408.9,False,False,False,408.9,302.0
20,6026,3,1999,1999-03-22,0.3758000016212464,651.8,14.0,82.0,90.0,67,6420,38,513.0,False,False,False,513.0,761.0
20,6026,3,2000,2000-03-17,0.3805999994277954,791.33,14.100000381469728,178.0,106.0,63,6786,39,513.0,False,False,False,513.0,361.0
20,6026,3,2001,2001-05-11,0.4089000016450882,653.69,14.699999809265137,126.0,88.0,64,7081,40,513.0,False,False,False,513.0,420.0
20,6026,3,2004,2004-11-16,0.4743000030517578,720.04,13.899999618530272,161.0,82.0,67,8201,43,513.0,False,False,False,513.0,1285.0
20,6026,3,2005,2005-05-15,0.4957000017166137,822.72,14.199999809265137,190.0,78.0,66,8560,44,513.0,False,False,False,513.0,180.0
20,6026,4,2009,2009-08-08,0.4783000022172927,846.13,13.0,170.0,94.0,68,10071,48,520.6,False,False,False,520.6,1546.0
20,6026,4,2010,2010-10-13,0.514699998497963,762.16,14.100000381469728,174.0,102.0,66,10468,49,520.6,False,False,False,520.6,431.0
20,6026,5,2012,2012-09-22,0.5280000001192093,522.89,16.100000381469727,75.0,83.0,56,11284,51,510.5,False,False,False,510.5,710.0
20,6026,5,2015,2015-12-08,0.5557999938726426,733.01,14.5,186.0,70.0,66,12566,54,510.5,False,False,False,510.5,1172.0
20,6026,5,2018,2018-11-05,0.5752999961376191,846.37,13.800000190734863,158.0,111.0,66,13917,57,510.5,False,False,False,510.5,1063.0
20,6026,5,2019,2019-08-23,0.6080999910831452,1274.12,12.699999809265137,172.0,107.0,75,14383,58,510.5,False,False,False,510.5,291.0
20,A310,1,1990,1990-05-01,2.2169000148773192,1101.52,13.100000381469728,144.0,97.0,73,2938,20,348.0,False,False,False,348.0,0.0
20,A310,2,1991,1991-03-31,1.1200999975204469,807.73,13.800000190734863,214.0,93.0,68,3015,21,378.5,False,False,False,378.5,334.0
20,A310,2,1992,1992-05-09,1.1498000025749209,1192.71,12.300000190734863,97.0,98.0,77,3114,22,378.5,False,False,False,378.5,405.0
20,A310,2,1993,1993-03-09,1.223300004005432,1175.85,10.899999618530272,268.0,102.0,83,3210,23,378.5,False,False,False,378.5,304.0
20,A310,2,1994,1994-05-15,1.1855000019073487,952.57,12.300000190734863,237.0,89.0,77,3299,24,378.5,False,False,False,378.5,432.0
20,A310,2,1995,1995-03-01,1.2029000163078307,1255.74,12.300000190734863,206.0,97.0,74,3435,25,378.5,False,False,False,378.5,290.0
20,A310,2,1996,1996-04-24,1.2296000003814698,1009.05,11.899999618530272,316.0,99.0,70,3572,26,378.5,False,False,False,378.5,420.0
20,A310,2,1997,1997-02-20,1.2225999951362612,1119.6,12.100000381469728,220.0,103.0,75,3711,27,378.5,False,False,False,378.5,302.0
20,A310,2,1998,1998-04-21,1.435699963569641,1314.95,13.699999809265137,167.0,86.0,78,3851,28,378.5,False,False,False,378.5,425.0
20,A310,2,1999,1999-03-24,1.4473999977111816,1033.84,13.0,126.0,88.0,75,3992,29,378.5,False,False,False,378.5,337.0
20,A310,2,2000,2000-02-13,1.3745000123977662,798.85,13.699999809265137,253.0,94.0,66,4135,30,378.5,False,False,False,378.5,326.0
20,A320,1,1990,1990-05-01,3.5526999950408937,1101.52,13.100000381469728,144.0,97.0,73,2938,20,342.9,False,False,False,342.9,0.0
20,A320,2,1991,1991-03-31,3.346199989318848,807.73,13.800000190734863,214.0,93.0,68,3015,21,345.4,False,False,False,345.4,334.0
20,A320,2,1992,1992-05-09,3.40990002155304,1192.71,12.300000190734863,97.0,98.0,77,3114,22,345.4,False,False,False,345.4,405.0
20,A320,2,1993,1993-03-09,3.4234999895095823,1175.85,10.899999618530272,268.0,102.0,83,3210,23,345.4,False,False,False,345.4,304.0
20,A320,2,1994,1994-05-15,3.358599996566772,952.57,12.300000190734863,237.0,89.0,77,3299,24,345.4,False,False,False,345.4,432.0
20,A320,2,1995,1995-03-01,3.468300032615661,1255.74,12.300000190734863,206.0,97.0,74,3435,25,345.4,False,False,False,345.4,290.0
20,A320,2,1996,1996-04-24,3.464200019836426,1009.05,11.899999618530272,316.0,99.0,70,3572,26,345.4,False,False,False,345.4,420.0
20,A320,2,1997,1997-02-20,3.4231000423431395,1119.6,12.100000381469728,220.0,103.0,75,3711,27,345.4,False,False,False,345.4,302.0
20,A320,2,1998,1998-04-21,3.782600021362304,1314.95,13.699999809265137,167.0,86.0,78,3851,28,345.4,False,False,False,345.4,425.0
20,A320,2,1999,1999-03-24,3.831599998474121,1033.84,13.0,126.0,88.0,75,3992,29,345.4,False,False,False,345.4,337.0
20,A320,2,2000,2000-02-13,3.8759000062942506,798.85,13.699999809265137,253.0,94.0,66,4135,30,345.4,False,False,False,345.4,326.0
20,A330,1,1990,1990-05-01,2.906399965286255,1101.52,13.100000381469728,144.0,97.0,73,2938,20,335.3,False,False,False,335.3,0.0
20,A330,2,1991,1991-03-31,2.787599992752076,807.73,13.800000190734863,214.0,93.0,68,3015,21,335.3,False,False,False,335.3,334.0
20,A330,2,1992,1992-05-09,2.7995000123977665,1192.71,12.300000190734863,97.0,98.0,77,3114,22,335.3,False,False,False,335.3,405.0
20,A330,2,1993,1993-03-09,2.8444000005722048,1175.85,10.899999618530272,268.0,102.0,83,3210,23,335.3,False,False,False,335.3,304.0
20,A330,2,1994,1994-05-15,2.7678000211715696,952.57,12.300000190734863,237.0,89.0,77,3299,24,335.3,False,False,False,335.3,432.0
20,A330,2,1995,1995-03-01,2.849699997901917,1255.74,12.300000190734863,206.0,97.0,74,3435,25,335.3,False,False,False,335.3,290.0
20,A330,2,1996,1996-04-24,2.813000011444092,1009.05,11.899999618530272,316.0,99.0,70,3572,26,335.3,False,False,False,335.3,420.0
20,A330,2,1997,1997-02-20,2.5139000177383424,1119.6,12.100000381469728,220.0,103.0,75,3711,27,335.3,False,False,False,335.3,302.0
20,A330,2,1998,1998-04-21,2.875000023841858,1314.95,13.699999809265137,167.0,86.0,78,3851,28,335.3,False,False,False,335.3,425.0
20,A330,2,1999,1999-03-24,2.9057000160217283,1033.84,13.0,126.0,88.0,75,3992,29,335.3,False,False,False,335.3,337.0
20,A330,2,2000,2000-02-13,2.996399998664856,798.85,13.699999809265137,253.0,94.0,66,4135,30,335.3,False,False,False,335.3,326.0
20,A340,1,1990,1990-05-01,2.699799990653992,1101.52,13.100000381469728,144.0,97.0,73,2938,20,327.7,False,False,False,327.7,0.0
20,A340,1,1991,1991-03-31,2.6630000174045563,807.73,13.800000190734863,214.0,93.0,68,3015,21,327.7,False,False,False,327.7,334.0
20,A340,1,1992,1992-05-09,2.712400031089783,1192.71,12.300000190734863,97.0,98.0,77,3114,22,327.7,False,False,False,327.7,405.0
20,A340,1,1993,1993-03-09,2.5985000371932987,1175.85,10.899999618530272,268.0,102.0,83,3210,23,327.7,False,False,False,327.7,304.0
20,A340,1,1994,1994-05-15,2.6556999921798705,952.57,12.300000190734863,237.0,89.0,77,3299,24,327.7,False,False,False,327.7,432.0
20,A340,1,1995,1995-03-01,2.785599994659424,1255.74,12.300000190734863,206.0,97.0,74,3435,25,327.7,False,False,False,327.7,290.0
20,A340,1,1996,1996-04-24,2.8187000036239622,1009.05,11.899999618530272,316.0,99.0,70,3572,26,327.7,False,False,False,327.7,420.0
20,A340,1,1997,1997-02-20,2.694099998474121,1119.6,12.100000381469728,220.0,103.0,75,3711,27,327.7,False,False,False,327.7,302.0
20,A340,1,1998,1998-04-21,3.242800045013428,1314.95,13.699999809265137,167.0,86.0,78,3851,28,327.7,False,False,False,327.7,425.0
20,A340,1,1999,1999-03-24,3.26610004901886,1033.84,13.0,126.0,88.0,75,3992,29,327.7,False,False,False,327.7,337.0
20,A340,1,2000,2000-02-13,3.471199989318848,798.85,13.699999809265137,253.0,94.0,66,4135,30,327.7,False,False,False,327.7,326.0
20,A350,1,1990,1990-05-01,2.840000033378601,1101.52,13.100000381469728,144.0,97.0,73,2938,20,342.9,False,False,False,342.9,0.0
20,A350,2,1991,1991-03-31,2.8158000469207765,807.73,13.800000190734863,214.0,93.0,68,3015,21,348.0,False,False,False,348.0,334.0
20,A350,2,1992,1992-05-09,2.9273000001907348,1192.71,12.300000190734863,97.0,98.0,77,3114,22,348.0,False,False,False,348.0,405.0
20,A350,2,1993,1993-03-09,2.937299990653992,1175.85,10.899999618530272,268.0,102.0,83,3210,23,348.0,False,False,False,348.0,304.0
20,A350,2,1994,1994-05-15,2.8566999673843383,952.57,12.300000190734863,237.0,89.0,77,3299,24,348.0,False,False,False,348.0,432.0
20,A350,2,1995,1995-03-01,2.865300011634827,1255.74,12.300000190734863,206.0,97.0,74,3435,25,348.0,False,False,False,348.0,290.0
20,A350,2,1996,1996-04-24,2.8927999973297123,1009.05,11.899999618530272,316.0,99.0,70,3572,26,348.0,False,False,False,348.0,420.0
20,A350,2,1997,1997-02-20,2.765400004386902,1119.6,12.100000381469728,220.0,103.0,75,3711,27,348.0,False,False,False,348.0,302.0
20,A350,2,1998,1998-04-21,3.056700038909912,1314.95,13.699999809265137,167.0,86.0,78,3851,28,348.0,False,False,False,348.0,425.0
20,A350,2,1999,1999-03-24,3.0837999820709228,1033.84,13.0,126.0,88.0,75,3992,29,348.0,False,False,False,348.0,337.0
20,A350,2,2000,2000-02-13,3.1075999975204467,798.85,13.699999809265137,253.0,94.0,66,4135,30,348.0,False,False,False,348.0,326.0
20,B310,1,1990,1990-05-02,2.386800026893616,507.69,14.600000381469728,119.0,100.0,54,2602,11,256.5,False,False,False,256.5,0.0
20,B310,2,1991,1991-04-04,0.9923000037670135,440.21,14.5,116.0,101.0,56,2935,12,294.6,False,False,False,294.6,337.0
20,B310,3,1992,1992-04-18,1.1097999930381774,683.65,13.800000190734863,70.0,95.0,61,3325,13,294.6,False,False,False,294.6,380.0
20,B310,3,1993,1993-03-12,1.1328999996185305,810.28,12.699999809265137,183.0,116.0,63,3516,14,294.6,False,False,False,294.6,328.0
20,B310,3,1994,1994-05-13,1.1426999986171722,730.68,14.600000381469728,107.0,104.0,56,3971,15,294.6,False,False,False,294.6,427.0
20,B310,3,1995,1995-02-18,1.2016000032424927,690.71,14.0,96.0,90.0,58,4477,16,294.6,False,False,False,294.6,281.0
20,B310,3,1996,1996-04-22,1.364299976825714,526.69,13.399999618530272,204.0,104.0,57,5008,17,294.6,False,False,False,294.6,429.0
20,B310,3,1997,1997-02-14,1.3435999870300293,636.07,13.300000190734863,148.0,109.0,63,5631,18,294.6,False,False,False,294.6,298.0
20,B320,1,1990,1990-05-02,1.3817999958992004,507.69,14.600000381469728,119.0,100.0,54,2602,11,223.6,False,False,False,223.6,0.0
20,B320,2,1991,1991-04-04,1.4199000000953674,440.21,14.5,116.0,101.0,56,2935,12,228.7,False,False,False,228.7,337.0
20,B320,3,1992,1992-04-18,2.1069000244140623,683.65,13.800000190734863,70.0,95.0,61,3325,13,228.7,False,False,False,228.7,380.0
20,B320,4,1993,1993-03-12,2.097299993038177,810.28,12.699999809265137,183.0,116.0,63,3516,14,228.7,False,False,False,228.7,328.0
20,B320,4,1994,1994-05-13,2.158300006389618,730.68,14.600000381469728,107.0,104.0,56,3971,15,228.7,False,False,False,228.7,427.0
20,B320,4,1995,1995-02-18,2.369900023937225,690.71,14.0,96.0,90.0,58,4477,16,228.7,False,False,False,228.7,281.0
20,B320,4,1996,1996-04-22,2.7805000066757204,526.69,13.399999618530272,204.0,104.0,57,5008,17,228.7,False,False,False,228.7,429.0
20,B320,4,1997,1997-02-14,3.168499994277954,636.07,13.300000190734863,148.0,109.0,63,5631,18,228.7,False,False,False,228.7,298.0
20,B330,1,1990,1990-05-02,1.3794000148773191,507.69,14.600000381469728,119.0,100.0,54,2602,11,223.6,False,False,False,223.6,0.0
20,B330,2,1991,1991-04-04,1.301799976825714,440.21,14.5,116.0,101.0,56,2935,12,223.6,False,False,False,223.6,337.0
20,B330,2,1992,1992-04-18,1.3242000102996827,683.65,13.800000190734863,70.0,95.0,61,3325,13,223.6,False,False,False,223.6,380.0
20,B330,2,1993,1993-03-12,1.2958999872207642,810.28,12.699999809265137,183.0,116.0,63,3516,14,223.6,False,False,False,223.6,328.0
20,B330,2,1994,1994-05-13,1.208199977874756,730.68,14.600000381469728,107.0,104.0,56,3971,15,223.6,False,False,False,223.6,427.0
20,B330,3,1995,1995-02-18,1.42810001373291,690.71,14.0,96.0,90.0,58,4477,16,223.6,False,False,False,223.6,281.0
20,B330,3,1996,1996-04-22,1.536800003051758,526.69,13.399999618530272,204.0,104.0,57,5008,17,223.6,False,False,False,223.6,429.0
20,B330,3,1997,1997-02-14,1.3675000071525574,636.07,13.300000190734863,148.0,109.0,63,5631,18,223.6,False,False,False,223.6,298.0
20,B340,1,1990,1990-05-02,1.5878000140190125,507.69,14.600000381469728,119.0,100.0,54,2602,11,221.0,False,False,False,221.0,0.0
20,B340,1,1991,1991-04-04,1.4603999972343444,440.21,14.5,116.0,101.0,56,2935,12,221.0,False,False,False,221.0,337.0
20,B340,1,1992,1992-04-18,1.5777000188827517,683.65,13.800000190734863,70.0,95.0,61,3325,13,221.0,False,False,False,221.0,380.0
20,B340,1,1993,1993-03-12,1.5594999909400942,810.28,12.699999809265137,183.0,116.0,63,3516,14,221.0,False,False,False,221.0,328.0
20,B340,1,1994,1994-05-13,1.5030999779701233,730.68,14.600000381469728,107.0,104.0,56,3971,15,221.0,False,False,False,221.0,427.0
20,B340,1,1995,1995-02-18,1.557099997997284,690.71,14.0,96.0,90.0,58,4477,16,221.0,False,False,False,221.0,281.0
20,B340,1,1997,1997-02-14,1.592099988460541,636.07,13.300000190734863,148.0,109.0,63,5631,18,221.0,False,False,False,221.0,727.0
20,B350,1,1990,1990-05-02,1.0491999983787537,507.69,14.600000381469728,119.0,100.0,54,2602,11,231.2,False,False,False,231.2,0.0
20,B350,2,1991,1991-04-04,1.0537999868392944,440.21,14.5,116.0,101.0,56,2935,12,238.8,False,False,False,238.8,337.0
20,B350,2,1992,1992-04-18,1.0574000000953676,683.65,13.800000190734863,70.0,95.0,61,3325,13,238.8,False,False,False,238.8,380.0
20,B350,2,1993,1993-03-12,1.036999988555908,810.28,12.699999809265137,183.0,116.0,63,3516,14,238.8,False,False,False,238.8,328.0
20,B350,2,1994,1994-05-13,1.0253999888896943,730.68,14.600000381469728,107.0,104.0,56,3971,15,238.8,False,False,False,238.8,427.0
20,B350,2,1995,1995-02-18,1.0383999943733215,690.71,14.0,96.0,90.0,58,4477,16,238.8,False,False,False,238.8,281.0
20,B350,2,1997,1997-02-14,1.142799985408783,636.07,13.300000190734863,148.0,109.0,63,5631,18,238.8,False,False,False,238.8,727.0
21,1010,2,1989,1989-12-05,1.229200005531311,1660.57,11.699999809265137,213.0,88.0,82,227,5,170.29999999999998,False,False,False,404.0,0.0
21,1010,2,1990,1990-08-22,1.0656499922275544,1665.06,13.699999809265137,41.0,85.0,77,281,6,170.29999999999998,False,False,False,404.0,260.0
21,1010,2,1991,1991-11-07,1.113400012254715,1476.66,13.699999809265137,72.0,93.0,78,324,7,170.29999999999998,False,False,False,404.0,442.0
21,1010,2,1993,1993-02-03,1.143999993801117,1250.08,12.899999618530272,102.0,94.0,75,406,9,170.29999999999998,False,False,False,404.0,454.0
21,1010,2,1994,1994-03-18,1.1747000098228455,1558.92,12.800000190734863,155.0,79.0,76,451,10,170.29999999999998,False,False,False,404.0,408.0
21,1014,2,1989,1989-12-05,1.4403000116348266,1546.85,11.600000381469728,203.0,91.0,81,1190,5,284.5,False,False,True,436.9,0.0
21,1014,2,1991,1991-06-10,1.600249993801117,1318.69,13.600000381469728,74.0,88.0,76,1731,7,284.5,False,False,True,436.9,552.0
21,1014,2,1993,1993-02-02,1.6314000248908995,1175.96,12.899999618530272,107.0,95.0,73,2281,9,284.5,False,False,True,436.9,603.0
21,1014,2,1994,1994-03-18,2.0171000123023988,1384.29,12.699999809265137,148.0,89.0,75,2610,10,284.5,False,False,True,436.9,409.0
21,1014,3,1995,1995-06-01,2.2300999999046325,1197.88,12.899999618530272,187.0,86.0,73,2913,11,284.5,False,False,True,436.9,440.0
21,1014,3,1997,1997-02-04,2.1134000062942504,1057.8,12.199999809265137,115.0,91.0,75,3602,13,284.5,False,False,True,436.9,614.0
21,1014,3,1998,1998-04-03,2.3501000046730045,1181.99,14.100000381469728,55.0,73.0,75,3844,14,284.5,False,False,True,436.9,423.0
21,1014,4,1999,1999-02-03,2.6696000337600707,855.74,13.800000190734863,90.0,88.0,67,4014,15,284.5,False,False,True,436.9,306.0
21,1014,4,2000,2000-01-25,2.4799999952316285,950.92,12.899999618530272,190.0,91.0,71,4533,16,284.5,False,False,True,436.9,356.0
21,1034,1,1989,1989-12-04,1.089300012588501,1857.81,12.399999618530272,223.0,88.0,81,2065,17,370.8,False,False,False,370.8,0.0
21,1034,1,1990,1990-08-22,1.0816999971866608,1598.54,14.5,49.0,74.0,76,2277,18,370.8,False,False,False,370.8,261.0
21,1034,1,1991,1991-11-06,1.0825000166893006,1638.16,14.399999618530272,70.0,85.0,78,2561,19,370.8,False,False,False,370.8,441.0
21,1034,1,1993,1993-02-05,1.117299997806549,1213.86,13.5,85.0,91.0,77,3109,21,370.8,False,False,False,370.8,457.0
21,1034,2,1994,1994-04-07,0.6389999926090241,1574.0,13.399999618530272,180.0,75.0,78,3437,22,370.8,False,False,False,370.8,426.0
21,1034,2,1997,1997-02-06,0.588400000333786,1500.82,13.100000381469728,115.0,81.0,77,4568,25,370.8,False,False,False,370.8,1036.0
21,1034,2,1998,1998-04-05,0.6223000049591065,1324.68,15.199999809265137,52.0,65.0,77,4972,26,370.8,False,False,False,370.8,423.0
21,1034,2,1999,1999-02-05,0.6218000054359436,989.99,14.899999618530272,79.0,74.0,70,5391,27,370.8,False,False,False,370.8,306.0
21,1034,2,2000,2000-01-24,0.6391000032424927,1080.86,14.0,168.0,84.0,72,5898,28,370.8,False,False,False,370.8,353.0
21,1034,2,2001,2001-04-09,0.6662000060081481,1052.32,14.399999618530272,78.0,71.0,74,6455,29,370.8,False,False,False,370.8,441.0
21,1034,2,2002,2002-02-08,0.663100004196167,1381.13,14.199999809265137,80.0,92.0,78,7001,30,370.8,False,False,False,370.8,305.0
21,1034,2,2006,2006-12-03,0.7104999959468842,1271.36,14.300000190734863,37.0,79.0,77,9431,34,370.8,False,False,False,370.8,1759.0
21,6040,1,1989,1989-12-06,1.5166000008583067,1757.57,11.100000381469728,276.0,89.0,82,27402,23,195.6,False,False,False,551.2,0.0
21,6040,1,1991,1991-07-17,1.509899991750717,1324.38,13.199999809265137,106.0,92.0,79,28993,25,195.6,False,False,False,551.2,588.0
21,6040,1,1993,1993-02-03,1.671300005912781,1475.45,12.300000190734863,141.0,94.0,78,30371,27,195.6,False,False,False,551.2,567.0
21,6043,2,1989,1989-12-05,0.9973000109195708,1746.05,11.699999809265137,207.0,83.0,82,5128,19,190.5,False,False,False,520.7,0.0
21,6043,2,1991,1991-06-27,1.0188888907432556,1583.89,13.600000381469728,64.0,90.0,79,5888,21,190.5,False,False,False,520.7,569.0
21,6043,2,1993,1993-02-03,1.0340999960899353,1321.78,13.0,93.0,95.0,75,6427,23,190.5,False,False,False,520.7,587.0
21,6043,2,1994,1994-03-17,1.0444000005722045,1663.96,12.899999618530272,143.0,78.0,77,6678,24,190.5,False,False,False,520.7,407.0
21,6043,2,1995,1995-06-01,1.0204000055789946,1486.94,13.0,179.0,80.0,74,6935,25,190.5,False,False,False,520.7,441.0
21,6043,2,1997,1997-02-04,1.0433999955654143,1370.08,12.399999618530272,112.0,87.0,77,7710,27,190.5,False,False,False,520.7,614.0
21,6043,2,1998,1998-04-04,1.0764000058174132,1321.67,14.399999618530272,51.0,72.0,76,8207,28,190.5,False,False,False,520.7,424.0
21,6043,2,1999,1999-02-04,1.0587999999523163,983.54,13.899999618530272,79.0,80.0,70,8590,29,190.5,False,False,False,520.7,306.0
21,6043,2,2000,2000-01-24,1.060700011253357,1054.34,13.0,193.0,89.0,72,9081,30,190.5,False,False,False,520.7,354.0
21,6043,2,2001,2001-04-08,1.06489999294281,911.18,13.600000381469728,93.0,82.0,72,9513,31,190.5,False,False,False,520.7,440.0
21,6043,2,2002,2002-02-09,1.0902000069618225,1433.06,13.699999809265137,88.0,91.0,76,9908,32,190.5,False,False,False,520.7,307.0
21,A310,1,1990,1990-04-28,1.2298999905586243,1665.06,13.699999809265137,41.0,85.0,77,281,6,165.2,False,False,False,398.9,0.0
21,A310,2,1990,1990-12-16,1.2511000037193298,1665.06,13.699999809265137,41.0,85.0,77,281,6,185.5,False,False,False,419.2,232.0
21,A310,2,1991,1991-11-07,1.21599999666214,1476.66,13.699999809265137,72.0,93.0,78,324,7,185.5,False,False,False,419.2,326.0
21,A310,2,1993,1993-02-03,1.2036999940872193,1250.08,12.899999618530272,102.0,94.0,75,406,9,185.5,False,False,False,419.2,454.0
21,A310,2,1994,1994-03-18,1.2265999913215635,1558.92,12.800000190734863,155.0,79.0,76,451,10,185.5,False,False,False,419.2,408.0
21,A310,2,1995,1995-06-01,1.400899982452393,1425.17,12.899999618530272,194.0,85.0,74,496,11,185.5,False,False,False,419.2,440.0
21,A310,2,1997,1997-02-02,1.3092999815940858,1275.79,12.300000190734863,117.0,86.0,77,581,13,185.5,False,False,False,419.2,612.0
21,A310,2,1998,1998-04-02,1.348199999332428,1351.9,14.399999618530272,57.0,71.0,76,598,14,185.5,False,False,False,419.2,424.0
21,A320,1,1990,1990-04-28,1.0515000104904173,1665.06,13.699999809265137,41.0,85.0,77,281,6,165.1,False,False,False,398.8,0.0
21,A320,2,1990,1990-12-16,1.2407000064849854,1665.06,13.699999809265137,41.0,85.0,77,281,6,167.6,False,False,False,401.3,232.0
21,A320,2,1991,1991-11-07,1.22739999294281,1476.66,13.699999809265137,72.0,93.0,78,324,7,167.6,False,False,False,401.3,326.0
21,A320,2,1993,1993-02-03,1.2470000028610229,1250.08,12.899999618530272,102.0,94.0,75,406,9,167.6,False,False,False,401.3,454.0
21,A320,2,1994,1994-03-18,1.279200005531311,1558.92,12.800000190734863,155.0,79.0,76,451,10,167.6,False,False,False,401.3,408.0
21,A320,2,1995,1995-06-01,1.391100013256073,1425.17,12.899999618530272,194.0,85.0,74,496,11,167.6,False,False,False,401.3,440.0
21,A320,2,1997,1997-02-02,1.3927999973297118,1275.79,12.300000190734863,117.0,86.0,77,581,13,167.6,False,False,False,401.3,612.0
21,A320,2,1998,1998-04-02,1.482599985599518,1351.9,14.399999618530272,57.0,71.0,76,598,14,167.6,False,False,False,401.3,424.0
21,A330,1,1990,1990-04-28,2.173900008201599,1665.06,13.699999809265137,41.0,85.0,77,281,6,170.3,False,False,False,404.0,0.0
21,A330,2,1990,1990-12-16,2.242500030994415,1665.06,13.699999809265137,41.0,85.0,77,281,6,170.29999999999998,False,False,False,404.0,232.0
21,A330,2,1991,1991-11-07,2.34040002822876,1476.66,13.699999809265137,72.0,93.0,78,324,7,170.29999999999998,False,False,False,404.0,326.0
21,A330,2,1993,1993-02-03,2.492199993133545,1250.08,12.899999618530272,102.0,94.0,75,406,9,170.29999999999998,False,False,False,404.0,454.0
21,A330,2,1994,1994-03-18,2.4175000190734863,1558.92,12.800000190734863,155.0,79.0,76,451,10,170.29999999999998,False,False,False,404.0,408.0
21,A330,2,1995,1995-06-01,2.6960999965667725,1425.17,12.899999618530272,194.0,85.0,74,496,11,170.29999999999998,False,False,False,404.0,440.0
21,A330,2,1997,1997-02-02,2.902500009536743,1275.79,12.300000190734863,117.0,86.0,77,581,13,170.29999999999998,False,False,False,404.0,612.0
21,A330,2,1998,1998-04-02,2.9593999862670897,1351.9,14.399999618530272,57.0,71.0,76,598,14,170.29999999999998,False,False,False,404.0,424.0
21,A340,1,1990,1990-08-22,1.6516499936580658,1665.06,13.699999809265137,41.0,85.0,77,281,6,170.2,False,False,False,403.9,0.0
21,A340,1,1991,1991-11-07,1.7865000009536742,1476.66,13.699999809265137,72.0,93.0,78,324,7,170.2,False,False,False,403.9,442.0
21,A340,1,1993,1993-02-03,1.8461000084877013,1250.08,12.899999618530272,102.0,94.0,75,406,9,170.2,False,False,False,403.9,454.0
21,A340,1,1994,1994-03-18,2.18919997215271,1558.92,12.800000190734863,155.0,79.0,76,451,10,170.2,False,False,False,403.9,408.0
21,A350,1,1990,1990-04-28,0.949800008535385,1665.06,13.699999809265137,41.0,85.0,77,281,6,162.6,False,False,False,396.3,0.0
21,A350,2,1990,1990-12-16,1.1001000106334686,1665.06,13.699999809265137,41.0,85.0,77,281,6,167.7,False,False,False,401.4,232.0
21,A350,2,1991,1991-11-07,1.0414999961853026,1476.66,13.699999809265137,72.0,93.0,78,324,7,167.7,False,False,False,401.4,326.0
21,A350,2,1993,1993-02-03,1.0484999895095826,1250.08,12.899999618530272,102.0,94.0,75,406,9,167.7,False,False,False,401.4,454.0
21,A350,2,1994,1994-03-18,1.019899994134903,1558.92,12.800000190734863,155.0,79.0,76,451,10,167.7,False,False,False,401.4,408.0
21,A350,2,1995,1995-06-01,1.0785999953746797,1425.17,12.899999618530272,194.0,85.0,74,496,11,167.7,False,False,False,401.4,440.0
21,A350,2,1997,1997-02-02,1.126500004529953,1275.79,12.300000190734863,117.0,86.0,77,581,13,167.7,False,False,False,401.4,612.0
21,A350,2,1998,1998-04-02,1.1653999924659728,1351.9,14.399999618530272,57.0,71.0,76,598,14,167.7,False,False,False,401.4,424.0
21,B310,1,1990,1990-04-29,1.6787000060081485,1598.54,14.5,49.0,74.0,76,2277,18,370.8,False,False,False,370.8,0.0
21,B310,2,1990,1990-12-16,1.4197999954223632,1598.54,14.5,49.0,74.0,76,2277,18,396.2000000000001,False,False,False,396.2000000000001,231.0
21,B310,2,1991,1991-11-06,1.325700008869171,1638.16,14.399999618530272,70.0,85.0,78,2561,19,396.2000000000001,False,False,False,396.2000000000001,325.0
21,B310,2,1993,1993-02-05,1.3358999967575074,1213.86,13.5,85.0,91.0,77,3109,21,396.2000000000001,False,False,False,396.2000000000001,457.0
21,B310,2,1994,1994-04-07,1.3306999921798706,1574.0,13.399999618530272,180.0,75.0,78,3437,22,396.2000000000001,False,False,False,396.2000000000001,426.0
21,B310,2,1997,1997-02-06,1.5072999954223634,1500.82,13.100000381469728,115.0,81.0,77,4568,25,396.2000000000001,False,False,False,396.2000000000001,1036.0
21,B310,2,1998,1998-04-05,1.5098999977111816,1324.68,15.199999809265137,52.0,65.0,77,4972,26,396.2000000000001,False,False,False,396.2000000000001,423.0
21,B310,2,1999,1999-02-05,1.5525000095367432,989.99,14.899999618530272,79.0,74.0,70,5391,27,396.2000000000001,False,False,False,396.2000000000001,306.0
21,B310,2,2000,2000-01-24,1.514200007915497,1080.86,14.0,168.0,84.0,72,5898,28,396.2000000000001,False,False,False,396.2000000000001,353.0
21,B310,2,2001,2001-04-09,1.5913999795913698,1052.32,14.399999618530272,78.0,71.0,74,6455,29,396.2000000000001,False,False,False,396.2000000000001,441.0
21,B310,2,2002,2002-02-08,1.568499994277954,1381.13,14.199999809265137,80.0,92.0,78,7001,30,396.2000000000001,False,False,False,396.2000000000001,305.0
21,B320,1,1990,1990-04-29,1.1531999826431274,1598.54,14.5,49.0,74.0,76,2277,18,294.6,False,False,False,294.6,0.0
21,B320,2,1990,1990-12-16,1.253600001335144,1598.54,14.5,49.0,74.0,76,2277,18,299.7,False,False,False,299.7,231.0
21,B320,2,1991,1991-11-06,1.2004999995231629,1638.16,14.399999618530272,70.0,85.0,78,2561,19,299.7,False,False,False,299.7,325.0
21,B320,2,1993,1993-02-05,1.2150999784469605,1213.86,13.5,85.0,91.0,77,3109,21,299.7,False,False,False,299.7,457.0
21,B320,2,1994,1994-04-07,1.1282000064849853,1574.0,13.399999618530272,180.0,75.0,78,3437,22,299.7,False,False,False,299.7,426.0
21,B320,2,1997,1997-02-06,1.0875,1500.82,13.100000381469728,115.0,81.0,77,4568,25,299.7,False,False,False,299.7,1036.0
21,B320,2,1998,1998-04-05,1.1086000084877017,1324.68,15.199999809265137,52.0,65.0,77,4972,26,299.7,False,False,False,299.7,423.0
21,B320,2,1999,1999-02-05,1.1452000021934508,989.99,14.899999618530272,79.0,74.0,70,5391,27,299.7,False,False,False,299.7,306.0
21,B320,2,2000,2000-01-24,1.1262999892234802,1080.86,14.0,168.0,84.0,72,5898,28,299.7,False,False,False,299.7,353.0
21,B320,2,2001,2001-04-09,1.1306000113487245,1052.32,14.399999618530272,78.0,71.0,74,6455,29,299.7,False,False,False,299.7,441.0
21,B320,2,2002,2002-02-08,1.1419000148773195,1381.13,14.199999809265137,80.0,92.0,78,7001,30,299.7,False,False,False,299.7,305.0
21,B330,1,1990,1990-04-29,1.0254999935626985,1598.54,14.5,49.0,74.0,76,2277,18,370.8,False,False,False,370.8,0.0
21,B330,2,1990,1990-12-16,0.9743000090122222,1598.54,14.5,49.0,74.0,76,2277,18,370.8,False,False,False,370.8,231.0
21,B330,2,1991,1991-11-06,0.999599987268448,1638.16,14.399999618530272,70.0,85.0,78,2561,19,370.8,False,False,False,370.8,325.0
21,B330,2,1993,1993-02-05,0.9699999928474424,1213.86,13.5,85.0,91.0,77,3109,21,370.8,False,False,False,370.8,457.0
21,B330,2,1994,1994-04-07,0.9673000037670136,1574.0,13.399999618530272,180.0,75.0,78,3437,22,370.8,False,False,False,370.8,426.0
21,B330,2,1997,1997-02-06,1.0317000091075896,1500.82,13.100000381469728,115.0,81.0,77,4568,25,370.8,False,False,False,370.8,1036.0
21,B330,2,1998,1998-04-05,1.0303999960422514,1324.68,15.199999809265137,52.0,65.0,77,4972,26,370.8,False,False,False,370.8,423.0
21,B330,2,1999,1999-02-05,1.002900004386902,989.99,14.899999618530272,79.0,74.0,70,5391,27,370.8,False,False,False,370.8,306.0
21,B330,2,2000,2000-01-24,0.9777000188827516,1080.86,14.0,168.0,84.0,72,5898,28,370.8,False,False,False,370.8,353.0
21,B330,2,2001,2001-04-09,1.033600002527237,1052.32,14.399999618530272,78.0,71.0,74,6455,29,370.8,False,False,False,370.8,441.0
21,B330,2,2002,2002-02-08,0.9970999896526336,1381.13,14.199999809265137,80.0,92.0,78,7001,30,370.8,False,False,False,370.8,305.0
21,B340,1,1990,1990-08-22,1.0078499883413314,1598.54,14.5,49.0,74.0,76,2277,18,304.9,False,False,False,304.9,0.0
21,B340,1,1991,1991-11-06,1.0315000057220458,1638.16,14.399999618530272,70.0,85.0,78,2561,19,304.9,False,False,False,304.9,441.0
21,B340,1,1993,1993-02-05,0.9743000030517578,1213.86,13.5,85.0,91.0,77,3109,21,304.9,False,False,False,304.9,457.0
21,B340,1,1994,1994-04-07,0.98160001039505,1574.0,13.399999618530272,180.0,75.0,78,3437,22,304.9,False,False,False,304.9,426.0
21,B340,1,1997,1997-02-06,0.989000004529953,1500.82,13.100000381469728,115.0,81.0,77,4568,25,304.9,False,False,False,304.9,1036.0
21,B340,1,1998,1998-04-05,0.975300008058548,1324.68,15.199999809265137,52.0,65.0,77,4972,26,304.9,False,False,False,304.9,423.0
21,B340,1,1999,1999-02-05,0.9696999967098237,989.99,14.899999618530272,79.0,74.0,70,5391,27,304.9,False,False,False,304.9,306.0
21,B340,1,2000,2000-01-24,0.9418000102043153,1080.86,14.0,168.0,84.0,72,5898,28,304.9,False,False,False,304.9,353.0
21,B340,1,2001,2001-04-09,0.9754999995231628,1052.32,14.399999618530272,78.0,71.0,74,6455,29,304.9,False,False,False,304.9,441.0
21,B340,1,2002,2002-02-08,0.9277999997138976,1381.13,14.199999809265137,80.0,92.0,78,7001,30,304.9,False,False,False,304.9,305.0
21,B350,1,1990,1990-04-29,1.2835999965667724,1598.54,14.5,49.0,74.0,76,2277,18,284.4,False,False,False,284.4,0.0
21,B350,2,1990,1990-12-16,1.2974000096321106,1598.54,14.5,49.0,74.0,76,2277,18,291.99999999999994,False,False,False,291.99999999999994,231.0
21,B350,2,1991,1991-11-06,1.2492000102996823,1638.16,14.399999618530272,70.0,85.0,78,2561,19,291.99999999999994,False,False,False,291.99999999999994,325.0
21,B350,2,1993,1993-02-05,1.3288999915122983,1213.86,13.5,85.0,91.0,77,3109,21,291.99999999999994,False,False,False,291.99999999999994,457.0
21,B350,2,1994,1994-04-07,1.3310999989509582,1574.0,13.399999618530272,180.0,75.0,78,3437,22,291.99999999999994,False,False,False,291.99999999999994,426.0
21,B350,2,1997,1997-02-06,1.354799997806549,1500.82,13.100000381469728,115.0,81.0,77,4568,25,291.99999999999994,False,False,False,291.99999999999994,1036.0
21,B350,2,1998,1998-04-05,1.367699992656708,1324.68,15.199999809265137,52.0,65.0,77,4972,26,291.99999999999994,False,False,False,291.99999999999994,423.0
21,B350,2,1999,1999-02-05,1.382199990749359,989.99,14.899999618530272,79.0,74.0,70,5391,27,291.99999999999994,False,False,False,291.99999999999994,306.0
21,B350,2,2000,2000-01-24,1.3199999809265135,1080.86,14.0,168.0,84.0,72,5898,28,291.99999999999994,False,False,False,291.99999999999994,353.0
21,B350,2,2001,2001-04-09,1.3716000080108643,1052.32,14.399999618530272,78.0,71.0,74,6455,29,291.99999999999994,False,False,False,291.99999999999994,441.0
21,B350,2,2002,2002-02-08,1.3252999782562256,1381.13,14.199999809265137,80.0,92.0,78,7001,30,291.99999999999994,False,False,False,291.99999999999994,305.0
22,0113,1,1997,1997-11-17,0.7861999988555908,1488.09,19.5,1.0,15.0,81,240,6,124.5,False,False,True,784.9000000000001,0.0
22,0113,1,2004,2004-10-16,1.0577000021934508,1411.01,19.89999961853028,2.0,22.0,83,2209,13,124.5,False,False,True,784.9000000000001,2525.0
22,0113,1,2006,2006-08-07,1.1980999946594235,1265.19,20.299999237060547,0.0,13.0,78,2863,15,124.5,False,False,True,784.9000000000001,660.0
22,0113,1,2007,2007-09-25,1.2136000037193295,1589.26,19.700000762939453,0.0,17.0,82,3206,16,124.5,False,False,True,784.9000000000001,414.0
22,0113,1,2008,2008-04-09,1.1833333373069763,1188.2,19.799999237060547,0.0,17.0,78,3596,17,124.5,False,False,True,784.9000000000001,197.0
22,0113,1,2010,2010-02-03,1.5206000089645386,1011.55,19.799999237060547,2.0,35.0,75,4258,19,124.5,False,False,True,784.9000000000001,665.0
22,0113,1,2011,2011-03-16,1.3375,902.4,20.89999961853028,3.0,24.0,73,4638,20,124.5,False,False,True,784.9000000000001,406.0
22,0113,1,2012,2012-01-16,1.3347000002861025,1130.76,20.799999237060547,0.0,11.0,80,5067,21,124.5,False,False,True,784.9000000000001,306.0
22,0113,1,2013,2013-09-05,1.5428000092506409,1284.11,19.700000762939453,0.0,14.0,78,5498,22,124.5,False,False,True,784.9000000000001,598.0
22,0113,1,2014,2014-11-11,1.5319999933242796,1144.3,19.0,8.0,26.0,80,5910,23,124.5,False,False,True,784.9000000000001,432.0
22,0114,1,1997,1997-11-17,0.5907000064849853,1488.09,19.5,1.0,15.0,81,240,6,238.8,False,False,True,983.0,0.0
22,0114,1,2004,2004-10-16,0.7710999906063081,1411.01,19.89999961853028,2.0,22.0,83,2209,13,238.8,False,False,True,983.0,2525.0
22,0114,1,2006,2006-08-07,0.7797000050544739,1265.19,20.299999237060547,0.0,13.0,78,2863,15,238.8,False,False,True,983.0,660.0
22,0114,1,2007,2007-09-25,0.7168999910354614,1589.26,19.700000762939453,0.0,17.0,82,3206,16,238.8,False,False,True,983.0,414.0
22,0114,1,2008,2008-04-09,0.676499992609024,1188.2,19.799999237060547,0.0,17.0,78,3596,17,238.8,False,False,True,983.0,197.0
22,0114,1,2010,2010-02-03,0.8935000002384186,1011.55,19.799999237060547,2.0,35.0,75,4258,19,238.8,False,False,True,983.0,665.0
22,0114,1,2011,2011-03-16,0.7439999938011169,902.4,20.89999961853028,3.0,24.0,73,4638,20,238.8,False,False,True,983.0,406.0
22,0114,1,2012,2012-01-16,0.7007000029087067,1130.76,20.799999237060547,0.0,11.0,80,5067,21,238.8,False,False,True,983.0,306.0
22,0114,1,2013,2013-09-05,0.7352999985218047,1284.11,19.700000762939453,0.0,14.0,78,5498,22,238.8,False,False,True,983.0,598.0
22,0114,1,2014,2014-11-11,0.7437999963760376,1144.3,19.0,8.0,26.0,80,5910,23,238.8,False,False,True,983.0,432.0
22,0115,1,1997,1997-11-17,0.6259000122547149,1488.09,19.5,1.0,15.0,81,240,6,175.29999999999998,False,True,True,779.8,0.0
22,0115,1,2004,2004-10-16,0.6888999998569488,1411.01,19.89999961853028,2.0,22.0,83,2209,13,175.29999999999998,False,True,True,779.8,2525.0
22,0115,1,2006,2006-08-07,0.7710999965667724,1265.19,20.299999237060547,0.0,13.0,78,2863,15,175.29999999999998,False,True,True,779.8,660.0
22,0115,1,2007,2007-09-25,0.7287000060081482,1589.26,19.700000762939453,0.0,17.0,82,3206,16,175.29999999999998,False,True,True,779.8,414.0
22,0115,1,2008,2008-04-09,0.6784999966621399,1188.2,19.799999237060547,0.0,17.0,78,3596,17,175.29999999999998,False,True,True,779.8,197.0
22,0115,1,2010,2010-02-03,0.8660000026226043,1011.55,19.799999237060547,2.0,35.0,75,4258,19,175.29999999999998,False,True,True,779.8,665.0
22,0115,1,2011,2011-03-16,0.7443999946117401,902.4,20.89999961853028,3.0,24.0,73,4638,20,175.29999999999998,False,True,True,779.8,406.0
22,0115,1,2012,2012-01-16,0.7283999979496003,1130.76,20.799999237060547,0.0,11.0,80,5067,21,175.29999999999998,False,True,True,779.8,306.0
22,0115,1,2013,2013-09-05,0.7084000051021576,1284.11,19.700000762939453,0.0,14.0,78,5498,22,175.29999999999998,False,True,True,779.8,598.0
22,0115,1,2014,2014-11-11,0.7500999987125396,1144.3,19.0,8.0,26.0,80,5910,23,175.29999999999998,False,True,True,779.8,432.0
22,0116,1,1997,1997-11-17,0.642900002002716,1488.09,19.5,1.0,15.0,81,240,6,119.4,False,True,True,853.5,0.0
22,0116,1,2004,2004-10-16,0.6975000023841857,1411.01,19.89999961853028,2.0,22.0,83,2209,13,119.4,False,True,True,853.5,2525.0
22,0116,1,2006,2006-08-07,0.7487000048160553,1265.19,20.299999237060547,0.0,13.0,78,2863,15,119.4,False,True,True,853.5,660.0
22,0116,1,2007,2007-09-25,0.7119000077247619,1589.26,19.700000762939453,0.0,17.0,82,3206,16,119.4,False,True,True,853.5,414.0
22,0116,1,2008,2008-04-09,0.7301666637261708,1188.2,19.799999237060547,0.0,17.0,78,3596,17,119.4,False,True,True,853.5,197.0
22,0116,1,2010,2010-02-03,0.943699997663498,1011.55,19.799999237060547,2.0,35.0,75,4258,19,119.4,False,True,True,853.5,665.0
22,0116,1,2011,2011-03-16,0.7845000088214875,902.4,20.89999961853028,3.0,24.0,73,4638,20,119.4,False,True,True,853.5,406.0
22,0116,1,2012,2012-01-16,0.7622999966144561,1130.76,20.799999237060547,0.0,11.0,80,5067,21,119.4,False,True,True,853.5,306.0
22,0116,1,2013,2013-09-05,0.724099999666214,1284.11,19.700000762939453,0.0,14.0,78,5498,22,119.4,False,True,True,853.5,598.0
22,0116,1,2014,2014-11-11,0.7867000043392182,1144.3,19.0,8.0,26.0,80,5910,23,119.4,False,True,True,853.5,432.0
22,0117,1,1997,1997-11-17,0.588400000333786,1488.09,19.5,1.0,15.0,81,240,6,177.79999999999998,False,True,True,868.7,0.0
22,0117,1,2004,2004-10-16,0.6434999942779541,1411.01,19.89999961853028,2.0,22.0,83,2209,13,177.79999999999998,False,True,True,868.7,2525.0
22,0117,1,2006,2006-08-07,0.7552999913692475,1265.19,20.299999237060547,0.0,13.0,78,2863,15,177.79999999999998,False,True,True,868.7,660.0
22,0117,1,2007,2007-09-25,0.6477999985218048,1589.26,19.700000762939453,0.0,17.0,82,3206,16,177.79999999999998,False,True,True,868.7,414.0
22,0117,1,2008,2008-04-09,0.6815000101923943,1188.2,19.799999237060547,0.0,17.0,78,3596,17,177.79999999999998,False,True,True,868.7,197.0
22,0117,1,2010,2010-02-03,0.8780999958515168,1011.55,19.799999237060547,2.0,35.0,75,4258,19,177.79999999999998,False,True,True,868.7,665.0
22,0117,1,2011,2011-03-16,0.7359000086784362,902.4,20.89999961853028,3.0,24.0,73,4638,20,177.79999999999998,False,True,True,868.7,406.0
22,0117,1,2012,2012-01-16,0.7209999978542327,1130.76,20.799999237060547,0.0,11.0,80,5067,21,177.79999999999998,False,True,True,868.7,306.0
22,0117,1,2013,2013-09-05,0.7319999933242798,1284.11,19.700000762939453,0.0,14.0,78,5498,22,177.79999999999998,False,True,True,868.7,598.0
22,0117,1,2014,2014-11-11,0.769400006532669,1144.3,19.0,8.0,26.0,80,5910,23,177.79999999999998,False,True,True,868.7,432.0
22,0118,1,1997,1997-11-17,0.729700005054474,1488.09,19.5,1.0,15.0,81,240,6,111.7,False,True,True,848.3,0.0
22,0118,1,2004,2004-10-16,0.8022999942302704,1411.01,19.89999961853028,2.0,22.0,83,2209,13,111.7,False,True,True,848.3,2525.0
22,0118,1,2006,2006-08-07,0.8800000071525573,1265.19,20.299999237060547,0.0,13.0,78,2863,15,111.7,False,True,True,848.3,660.0
22,0118,1,2007,2007-09-25,0.7532000005245209,1589.26,19.700000762939453,0.0,17.0,82,3206,16,111.7,False,True,True,848.3,414.0
22,0118,1,2008,2008-04-09,0.7561666568120321,1188.2,19.799999237060547,0.0,17.0,78,3596,17,111.7,False,True,True,848.3,197.0
22,0118,1,2010,2010-02-03,1.2368999898433686,1011.55,19.799999237060547,2.0,35.0,75,4258,19,111.7,False,True,True,848.3,665.0
22,0118,1,2011,2011-03-16,0.7968000054359436,902.4,20.89999961853028,3.0,24.0,73,4638,20,111.7,False,True,True,848.3,406.0
22,0118,1,2012,2012-01-16,0.8326000034809112,1130.76,20.799999237060547,0.0,11.0,80,5067,21,111.7,False,True,True,848.3,306.0
22,0118,1,2013,2013-09-05,0.7994000017642975,1284.11,19.700000762939453,0.0,14.0,78,5498,22,111.7,False,True,True,848.3,598.0
22,0118,1,2014,2014-11-11,0.8240999937057495,1144.3,19.0,8.0,26.0,80,5910,23,111.7,False,True,True,848.3,432.0
22,0119,1,1997,1997-11-17,0.6194999933242797,1488.09,19.5,1.0,15.0,81,240,6,175.2,False,True,True,835.6,0.0
22,0119,1,2004,2004-10-16,0.6535000026226043,1411.01,19.89999961853028,2.0,22.0,83,2209,13,175.2,False,True,True,835.6,2525.0
22,0119,1,2006,2006-08-07,0.6495999932289123,1265.19,20.299999237060547,0.0,13.0,78,2863,15,175.2,False,True,True,835.6,660.0
22,0119,1,2007,2007-09-25,0.6518999934196472,1589.26,19.700000762939453,0.0,17.0,82,3206,16,175.2,False,True,True,835.6,414.0
22,0119,1,2008,2008-04-09,0.6533750146627426,1188.2,19.799999237060547,0.0,17.0,78,3596,17,175.2,False,True,True,835.6,197.0
22,0119,1,2010,2010-02-03,0.8611000061035157,1011.55,19.799999237060547,2.0,35.0,75,4258,19,175.2,False,True,True,835.6,665.0
22,0119,1,2011,2011-03-16,0.667900002002716,902.4,20.89999961853028,3.0,24.0,73,4638,20,175.2,False,True,True,835.6,406.0
22,0119,1,2012,2012-01-16,0.6611999988555908,1130.76,20.799999237060547,0.0,11.0,80,5067,21,175.2,False,True,True,835.6,306.0
22,0119,1,2013,2013-09-05,0.6854999959468842,1284.11,19.700000762939453,0.0,14.0,78,5498,22,175.2,False,True,True,835.6,598.0
22,0119,1,2014,2014-11-11,0.6729999959468842,1144.3,19.0,8.0,26.0,80,5910,23,175.2,False,True,True,835.6,432.0
22,0120,1,1997,1997-11-17,0.6008000016212464,1488.09,19.5,1.0,15.0,81,240,6,99.1,False,True,True,754.4,0.0
22,0120,1,2004,2004-10-16,0.609799998998642,1411.01,19.89999961853028,2.0,22.0,83,2209,13,99.1,False,True,True,754.4,2525.0
22,0120,1,2007,2007-09-25,0.6526999950408936,1589.26,19.700000762939453,0.0,17.0,82,3206,16,99.1,False,True,True,754.4,1074.0
22,0120,1,2008,2008-04-09,0.6404999991257986,1188.2,19.799999237060547,0.0,17.0,78,3596,17,99.1,False,True,True,754.4,197.0
22,0120,1,2010,2010-02-03,0.8325000047683715,1011.55,19.799999237060547,2.0,35.0,75,4258,19,99.1,False,True,True,754.4,665.0
22,0120,1,2011,2011-03-16,0.6653000056743622,902.4,20.89999961853028,3.0,24.0,73,4638,20,99.1,False,True,True,754.4,406.0
22,0120,1,2012,2012-01-16,0.6612999975681305,1130.76,20.799999237060547,0.0,11.0,80,5067,21,99.1,False,True,True,754.4,306.0
22,0120,1,2013,2013-09-05,0.7101999938488006,1284.11,19.700000762939453,0.0,14.0,78,5498,22,99.1,False,True,True,754.4,598.0
22,0120,1,2014,2014-11-11,0.7351999998092651,1144.3,19.0,8.0,26.0,80,5910,23,99.1,False,True,True,754.4,432.0
22,0121,1,1997,1997-11-17,0.6802999973297119,1488.09,19.5,1.0,15.0,81,240,6,106.7,False,True,True,1013.5,0.0
22,0121,1,2004,2004-10-16,0.7230999946594239,1411.01,19.89999961853028,2.0,22.0,83,2209,13,106.7,False,True,True,1013.5,2525.0
22,0121,1,2007,2007-09-25,0.7337999939918518,1589.26,19.700000762939453,0.0,17.0,82,3206,16,106.7,False,True,True,1013.5,1074.0
22,0121,1,2008,2008-04-09,0.7584000051021575,1188.2,19.799999237060547,0.0,17.0,78,3596,17,106.7,False,True,True,1013.5,197.0
22,0121,1,2010,2010-02-03,0.9601999998092652,1011.55,19.799999237060547,2.0,35.0,75,4258,19,106.7,False,True,True,1013.5,665.0
22,0121,1,2011,2011-03-16,0.8118000030517578,902.4,20.89999961853028,3.0,24.0,73,4638,20,106.7,False,True,True,1013.5,406.0
22,0121,1,2012,2012-01-16,0.8095999896526336,1130.76,20.799999237060547,0.0,11.0,80,5067,21,106.7,False,True,True,1013.5,306.0
22,0121,1,2013,2013-09-05,0.8750000059604646,1284.11,19.700000762939453,0.0,14.0,78,5498,22,106.7,False,True,True,1013.5,598.0
22,0121,1,2014,2014-11-11,0.8872999966144561,1144.3,19.0,8.0,26.0,80,5910,23,106.7,False,True,True,1013.5,432.0
22,0122,1,1997,1997-11-17,0.5887999892234802,1488.09,19.5,1.0,15.0,81,240,6,114.3,True,True,True,772.1,0.0
22,0122,1,2004,2004-10-16,0.6581000089645386,1411.01,19.89999961853028,2.0,22.0,83,2209,13,114.3,True,True,True,772.1,2525.0
22,0122,1,2007,2007-09-25,0.6715999960899353,1589.26,19.700000762939453,0.0,17.0,82,3206,16,114.3,True,True,True,772.1,1074.0
22,0122,1,2008,2008-04-09,0.664000004529953,1188.2,19.799999237060547,0.0,17.0,78,3596,17,114.3,True,True,True,772.1,197.0
22,0122,1,2010,2010-02-03,0.7910000085830688,1011.55,19.799999237060547,2.0,35.0,75,4258,19,114.3,True,True,True,772.1,665.0
22,0122,1,2011,2011-03-16,0.68510000705719,902.4,20.89999961853028,3.0,24.0,73,4638,20,114.3,True,True,True,772.1,406.0
22,0122,1,2012,2012-01-16,0.6570999920368195,1130.76,20.799999237060547,0.0,11.0,80,5067,21,114.3,True,True,True,772.1,306.0
22,0122,1,2013,2013-09-05,0.6875,1284.11,19.700000762939453,0.0,14.0,78,5498,22,114.3,True,True,True,772.1,598.0
22,0122,1,2014,2014-11-11,0.6598999977111817,1144.3,19.0,8.0,26.0,80,5910,23,114.3,True,True,True,772.1,432.0
22,0123,1,1997,1997-11-17,0.5530000030994415,1488.09,19.5,1.0,15.0,81,240,6,172.7,True,True,True,924.5,0.0
22,0123,1,2004,2004-10-16,0.5561999976634979,1411.01,19.89999961853028,2.0,22.0,83,2209,13,172.7,True,True,True,924.5,2525.0
22,0123,1,2007,2007-09-25,0.5585999995470047,1589.26,19.700000762939453,0.0,17.0,82,3206,16,172.7,True,True,True,924.5,1074.0
22,0123,1,2008,2008-04-09,0.5430000027020772,1188.2,19.799999237060547,0.0,17.0,78,3596,17,172.7,True,True,True,924.5,197.0
22,0123,1,2010,2010-02-03,0.7515999913215637,1011.55,19.799999237060547,2.0,35.0,75,4258,19,172.7,True,True,True,924.5,665.0
22,0123,1,2011,2011-03-16,0.581900006532669,902.4,20.89999961853028,3.0,24.0,73,4638,20,172.7,True,True,True,924.5,406.0
22,0123,1,2012,2012-01-16,0.5973000049591064,1130.76,20.799999237060547,0.0,11.0,80,5067,21,172.7,True,True,True,924.5,306.0
22,0123,1,2013,2013-09-05,0.6019999921321868,1284.11,19.700000762939453,0.0,14.0,78,5498,22,172.7,True,True,True,924.5,598.0
22,0123,1,2014,2014-11-11,0.6324999988079072,1144.3,19.0,8.0,26.0,80,5910,23,172.7,True,True,True,924.5,432.0
22,0124,1,1997,1997-11-17,0.703600001335144,1488.09,19.5,1.0,15.0,81,240,6,182.9,True,True,True,982.9,0.0
22,0124,1,2004,2004-10-16,0.7262999951839447,1411.01,19.89999961853028,2.0,22.0,83,2209,13,182.9,True,True,True,982.9,2525.0
22,0124,1,2007,2007-09-25,0.68960000872612,1589.26,19.700000762939453,0.0,17.0,82,3206,16,182.9,True,True,True,982.9,1074.0
22,0124,1,2008,2008-04-09,0.7595000043511391,1188.2,19.799999237060547,0.0,17.0,78,3596,17,182.9,True,True,True,982.9,197.0
22,0124,1,2010,2010-02-03,0.9103000104427338,1011.55,19.799999237060547,2.0,35.0,75,4258,19,182.9,True,True,True,982.9,665.0
22,0124,1,2011,2011-03-16,0.7980000078678131,902.4,20.89999961853028,3.0,24.0,73,4638,20,182.9,True,True,True,982.9,406.0
22,0124,1,2012,2012-01-16,0.7363000035285949,1130.76,20.799999237060547,0.0,11.0,80,5067,21,182.9,True,True,True,982.9,306.0
22,0124,1,2013,2013-09-05,0.7226000010967255,1284.11,19.700000762939453,0.0,14.0,78,5498,22,182.9,True,True,True,982.9,598.0
22,0124,1,2014,2014-11-11,0.7563000023365021,1144.3,19.0,8.0,26.0,80,5910,23,182.9,True,True,True,982.9,432.0
22,3056,1,1990,1990-05-31,0.7359000027179718,1167.53,20.100000381469727,6.0,11.0,77,1147,4,259.0,False,True,False,459.7,0.0
22,3056,1,1992,1992-01-24,0.8454000055789948,1618.25,18.600000381469727,0.0,12.0,82,1941,6,259.0,False,True,False,459.7,603.0
22,3056,1,1994,1994-01-13,0.8132999956607818,1241.61,18.89999961853028,0.0,21.0,82,2820,8,259.0,False,True,False,459.7,720.0
22,3056,1,1995,1995-06-01,0.96810000538826,1199.29,19.100000381469727,1.0,26.0,79,3324,9,259.0,False,True,False,459.7,504.0
22,3056,2,1998,1998-09-23,1.4602000057697295,1469.22,20.5,2.0,13.0,78,4838,12,259.0,False,True,False,459.7,1210.0
22,3056,2,2004,2004-10-18,2.2156999588012694,1659.96,19.200000762939453,4.0,23.0,83,8504,18,259.0,False,True,False,459.7,2217.0
23,0501,1,1995,1995-06-18,1.240999990701675,1181.04,5.800000190734863,955.0,92.0,80,10300,24,215.9,False,False,False,556.3,0.0
23,0501,1,1997,1997-08-25,1.3935999989509582,1223.84,4.900000095367432,1046.0,89.0,83,11541,26,215.9,False,False,False,556.3,799.0
23,0501,1,1998,1998-06-22,1.4908999919891357,1337.12,6.900000095367432,656.0,97.0,83,12180,27,215.9,False,False,False,556.3,301.0
23,0501,1,1999,1999-09-30,1.4302000045776366,1170.2,7.599999904632568,584.0,107.0,79,12754,28,215.9,False,False,False,556.3,465.0
23,0501,1,2000,2000-09-29,1.4121000289916992,1309.48,5.699999809265137,851.0,89.0,82,13306,29,215.9,False,False,False,556.3,365.0
23,0501,1,2001,2001-08-23,1.3148000240325928,888.08,6.800000190734863,881.0,86.0,79,13962,30,215.9,False,False,False,556.3,328.0
23,0501,2,2002,2002-08-27,1.6633000135421752,1341.68,6.199999809265137,747.0,109.0,80,14587,31,215.9,False,False,False,556.3,369.0
23,0501,3,2003,2003-09-19,1.5874999880790712,1306.18,5.699999809265137,1029.0,82.0,81,15217,32,215.9,False,False,False,556.3,388.0
23,0501,3,2004,2004-07-29,1.57150000333786,1089.17,5.599999904632568,898.0,105.0,80,15784,33,215.9,False,False,False,556.3,314.0
23,0502,1,1995,1995-04-21,1.0240000009536745,1181.04,5.800000190734863,955.0,92.0,80,10300,24,228.6,False,False,False,558.8,0.0
23,0502,2,1995,1995-08-15,0.7730999946594239,1181.04,5.800000190734863,955.0,92.0,80,10300,24,320.0,False,False,False,650.2,116.0
23,0502,2,1997,1997-08-25,0.6810999870300293,1223.84,4.900000095367432,1046.0,89.0,83,11541,26,320.0,False,False,False,650.2,741.0
23,0502,2,1998,1998-06-22,0.679799997806549,1337.12,6.900000095367432,656.0,97.0,83,12180,27,320.0,False,False,False,650.2,301.0
23,0502,2,1999,1999-09-30,0.652699989080429,1170.2,7.599999904632568,584.0,107.0,79,12754,28,320.0,False,False,False,650.2,465.0
23,0502,2,2000,2000-09-29,0.6471000075340272,1309.48,5.699999809265137,851.0,89.0,82,13306,29,320.0,False,False,False,650.2,365.0
23,0502,2,2001,2001-08-23,0.6514000058174133,888.08,6.800000190734863,881.0,86.0,79,13962,30,320.0,False,False,False,650.2,328.0
23,0502,2,2002,2002-08-27,0.6351999998092652,1341.68,6.199999809265137,747.0,109.0,80,14587,31,320.0,False,False,False,650.2,369.0
23,0502,3,2003,2003-09-19,0.6120000064373017,1306.18,5.699999809265137,1029.0,82.0,81,15217,32,320.0,False,False,False,650.2,388.0
23,0502,3,2004,2004-07-29,0.6174999952316285,1089.17,5.599999904632568,898.0,105.0,80,15784,33,320.0,False,False,False,650.2,314.0
23,0503,1,1995,1995-04-21,1.2128000020980836,1181.04,5.800000190734863,955.0,92.0,80,10300,24,233.6,False,False,False,574.0,0.0
23,0503,2,1995,1995-08-15,0.9445000052452088,1181.04,5.800000190734863,955.0,92.0,80,10300,24,373.3,False,False,False,713.7,116.0
23,0503,2,1997,1997-08-25,0.8812000036239624,1223.84,4.900000095367432,1046.0,89.0,83,11541,26,373.3,False,False,False,713.7,741.0
23,0503,2,1998,1998-06-22,0.8723000049591064,1337.12,6.900000095367432,656.0,97.0,83,12180,27,373.3,False,False,False,713.7,301.0
23,0503,2,1999,1999-09-30,0.8438000023365021,1170.2,7.599999904632568,584.0,107.0,79,12754,28,373.3,False,False,False,713.7,465.0
23,0503,2,2000,2000-09-29,0.8409999966621399,1309.48,5.699999809265137,851.0,89.0,82,13306,29,373.3,False,False,False,713.7,365.0
23,0503,2,2001,2001-08-23,0.833899998664856,888.08,6.800000190734863,881.0,86.0,79,13962,30,373.3,False,False,False,713.7,328.0
23,0503,2,2002,2002-08-27,0.8130999982357026,1341.68,6.199999809265137,747.0,109.0,80,14587,31,373.3,False,False,False,713.7,369.0
23,0503,3,2003,2003-09-19,0.7964999914169311,1306.18,5.699999809265137,1029.0,82.0,81,15217,32,373.3,False,False,False,713.7,388.0
23,0503,3,2004,2004-07-29,0.7876000046730042,1089.17,5.599999904632568,898.0,105.0,80,15784,33,373.3,False,False,False,713.7,314.0
23,0504,1,1995,1995-04-21,1.366100001335144,1181.04,5.800000190734863,955.0,92.0,80,10300,24,218.4,False,False,False,558.8,0.0
23,0504,2,1997,1997-08-25,0.8438000082969666,1223.84,4.900000095367432,1046.0,89.0,83,11541,26,363.2,False,False,False,703.6,857.0
23,0504,2,1998,1998-06-22,0.8252000033855438,1337.12,6.900000095367432,656.0,97.0,83,12180,27,363.2,False,False,False,703.6,301.0
23,0504,2,1999,1999-09-30,0.824399995803833,1170.2,7.599999904632568,584.0,107.0,79,12754,28,363.2,False,False,False,703.6,465.0
23,0504,2,2000,2000-09-29,0.808899998664856,1309.48,5.699999809265137,851.0,89.0,82,13306,29,363.2,False,False,False,703.6,365.0
23,0504,2,2001,2001-08-23,0.9316000044345856,888.08,6.800000190734863,881.0,86.0,79,13962,30,363.2,False,False,False,703.6,328.0
23,0504,2,2002,2002-08-27,0.8263000130653382,1341.68,6.199999809265137,747.0,109.0,80,14587,31,363.2,False,False,False,703.6,369.0
23,0504,3,2003,2003-09-19,0.8069999992847443,1306.18,5.699999809265137,1029.0,82.0,81,15217,32,363.2,False,False,False,703.6,388.0
23,0504,3,2004,2004-07-29,0.7969999969005584,1089.17,5.599999904632568,898.0,105.0,80,15784,33,363.2,False,False,False,703.6,314.0
23,0505,1,1995,1995-04-20,1.2714999914169312,1181.04,5.800000190734863,955.0,92.0,80,10300,24,213.4,False,False,False,553.8,0.0
23,0505,2,1997,1997-08-25,0.6664999902248383,1223.84,4.900000095367432,1046.0,89.0,83,11541,26,282.0,False,False,False,622.4,858.0
23,0505,2,1998,1998-06-22,0.6569999992847443,1337.12,6.900000095367432,656.0,97.0,83,12180,27,282.0,False,False,False,622.4,301.0
23,0505,2,1999,1999-09-30,0.6453000068664552,1170.2,7.599999904632568,584.0,107.0,79,12754,28,282.0,False,False,False,622.4,465.0
23,0505,2,2000,2000-09-29,0.6328999996185303,1309.48,5.699999809265137,851.0,89.0,82,13306,29,282.0,False,False,False,622.4,365.0
23,0505,2,2001,2001-08-23,0.683899998664856,888.08,6.800000190734863,881.0,86.0,79,13962,30,282.0,False,False,False,622.4,328.0
23,0505,2,2002,2002-08-27,0.666899996995926,1341.68,6.199999809265137,747.0,109.0,80,14587,31,282.0,False,False,False,622.4,369.0
23,0505,3,2003,2003-09-19,0.6318999826908112,1306.18,5.699999809265137,1029.0,82.0,81,15217,32,282.0,False,False,False,622.4,388.0
23,0505,3,2004,2004-07-29,0.6336000144481659,1089.17,5.599999904632568,898.0,105.0,80,15784,33,282.0,False,False,False,622.4,314.0
23,0506,1,1995,1995-04-20,1.1574000000953677,1181.04,5.800000190734863,955.0,92.0,80,10300,24,223.5,False,False,False,558.8,0.0
23,0506,2,1997,1997-08-25,0.7943000078201294,1223.84,4.900000095367432,1046.0,89.0,83,11541,26,292.1,False,False,False,627.4,858.0
23,0506,2,1998,1998-06-22,0.7543000102043151,1337.12,6.900000095367432,656.0,97.0,83,12180,27,292.1,False,False,False,627.4,301.0
23,0506,2,1999,1999-09-30,0.7517000079154968,1170.2,7.599999904632568,584.0,107.0,79,12754,28,292.1,False,False,False,627.4,465.0
23,0506,2,2000,2000-09-29,0.7412999987602233,1309.48,5.699999809265137,851.0,89.0,82,13306,29,292.1,False,False,False,627.4,365.0
23,0506,2,2001,2001-08-23,0.8140000104904175,888.08,6.800000190734863,881.0,86.0,79,13962,30,292.1,False,False,False,627.4,328.0
23,0506,2,2002,2002-08-27,0.7848999977111817,1341.68,6.199999809265137,747.0,109.0,80,14587,31,292.1,False,False,False,627.4,369.0
23,0506,3,2003,2003-09-19,0.791899996995926,1306.18,5.699999809265137,1029.0,82.0,81,15217,32,292.1,False,False,False,627.4,388.0
23,0506,3,2004,2004-07-29,0.793699997663498,1089.17,5.599999904632568,898.0,105.0,80,15784,33,292.1,False,False,False,627.4,314.0
23,0507,1,1995,1995-04-21,1.433600014448166,1181.04,5.800000190734863,955.0,92.0,80,10300,24,213.4,False,False,False,553.8,0.0
23,0507,2,1995,1995-08-15,0.8532999932765961,1181.04,5.800000190734863,955.0,92.0,80,10300,24,368.3,False,False,False,708.7,116.0
23,0507,2,1997,1997-08-25,0.8192000031471253,1223.84,4.900000095367432,1046.0,89.0,83,11541,26,368.3,False,False,False,708.7,741.0
23,0507,2,1998,1998-06-22,0.818199986219406,1337.12,6.900000095367432,656.0,97.0,83,12180,27,368.3,False,False,False,708.7,301.0
23,0507,2,1999,1999-09-30,0.8209000051021575,1170.2,7.599999904632568,584.0,107.0,79,12754,28,368.3,False,False,False,708.7,465.0
23,0507,2,2000,2000-09-29,0.8212000131607056,1309.48,5.699999809265137,851.0,89.0,82,13306,29,368.3,False,False,False,708.7,365.0
23,0507,2,2001,2001-08-23,0.9428000032901764,888.08,6.800000190734863,881.0,86.0,79,13962,30,368.3,False,False,False,708.7,328.0
23,0507,2,2002,2002-08-27,0.9212999999523164,1341.68,6.199999809265137,747.0,109.0,80,14587,31,368.3,False,False,False,708.7,369.0
23,0507,3,2003,2003-09-19,0.8990999937057496,1306.18,5.699999809265137,1029.0,82.0,81,15217,32,368.3,False,False,False,708.6999999999999,388.0
23,0507,3,2004,2004-07-29,0.9473000049591064,1089.17,5.599999904632568,898.0,105.0,80,15784,33,368.3,False,False,False,708.6999999999999,314.0
23,0508,1,1995,1995-04-20,1.2355000257492066,1181.04,5.800000190734863,955.0,92.0,80,10300,24,223.6,False,False,False,569.0,0.0
23,0508,2,1997,1997-08-25,0.7507000029087066,1223.84,4.900000095367432,1046.0,89.0,83,11541,26,370.9,False,False,False,716.3,858.0
23,0508,2,1998,1998-06-22,0.7303999960422516,1337.12,6.900000095367432,656.0,97.0,83,12180,27,370.9,False,False,False,716.3,301.0
23,0508,2,1999,1999-09-30,0.7075000047683715,1170.2,7.599999904632568,584.0,107.0,79,12754,28,370.9,False,False,False,716.3,465.0
23,0508,2,2000,2000-09-29,0.6902999997138977,1309.48,5.699999809265137,851.0,89.0,82,13306,29,370.9,False,False,False,716.3,365.0
23,0508,2,2001,2001-08-23,0.689599996805191,888.08,6.800000190734863,881.0,86.0,79,13962,30,370.9,False,False,False,716.3,328.0
23,0508,2,2002,2002-08-27,0.722000002861023,1341.68,6.199999809265137,747.0,109.0,80,14587,31,370.9,False,False,False,716.3,369.0
23,0508,3,2003,2003-09-19,0.6952999949455261,1306.18,5.699999809265137,1029.0,82.0,81,15217,32,370.9,False,False,False,716.3,388.0
23,0508,3,2004,2004-07-29,0.705999994277954,1089.17,5.599999904632568,898.0,105.0,80,15784,33,370.9,False,False,False,716.3,314.0
23,0509,1,1995,1995-04-20,1.0969000101089477,1181.04,5.800000190734863,955.0,92.0,80,10300,24,213.3,False,False,False,553.6999999999999,0.0
23,0509,2,1997,1997-08-25,0.978899997472763,1223.84,4.900000095367432,1046.0,89.0,83,11541,26,271.7,False,False,False,612.1,858.0
23,0509,2,1998,1998-06-22,0.9573000013828278,1337.12,6.900000095367432,656.0,97.0,83,12180,27,271.7,False,False,False,612.1,301.0
23,0509,2,1999,1999-09-30,0.9394000053405762,1170.2,7.599999904632568,584.0,107.0,79,12754,28,271.7,False,False,False,612.1,465.0
23,0509,2,2000,2000-09-29,0.91460000872612,1309.48,5.699999809265137,851.0,89.0,82,13306,29,271.7,False,False,False,612.1,365.0
23,0509,2,2001,2001-08-23,0.9203999996185304,888.08,6.800000190734863,881.0,86.0,79,13962,30,271.7,False,False,False,612.1,328.0
23,0509,2,2002,2002-08-27,0.9268000066280364,1341.68,6.199999809265137,747.0,109.0,80,14587,31,271.7,False,False,False,612.1,369.0
23,0509,3,2003,2003-09-19,0.8815000116825105,1306.18,5.699999809265137,1029.0,82.0,81,15217,32,271.7,False,False,False,612.1,388.0
23,0509,3,2004,2004-07-29,0.8903000056743622,1089.17,5.599999904632568,898.0,105.0,80,15784,33,271.7,False,False,False,612.1,314.0
23,0559,1,1995,1995-04-20,0.7589999973773957,1181.04,5.800000190734863,955.0,92.0,80,10300,24,223.5,False,False,False,563.9,0.0
23,0559,2,1997,1997-08-25,0.7514999985694886,1223.84,4.900000095367432,1046.0,89.0,83,11541,26,302.2,False,False,False,642.6,858.0
23,0559,2,1998,1998-06-22,0.7436999917030335,1337.12,6.900000095367432,656.0,97.0,83,12180,27,302.2,False,False,False,642.6,301.0
23,0559,2,1999,1999-09-30,0.7322000026702882,1170.2,7.599999904632568,584.0,107.0,79,12754,28,302.2,False,False,False,642.6,465.0
23,0559,2,2000,2000-09-29,0.7295000016689301,1309.48,5.699999809265137,851.0,89.0,82,13306,29,302.2,False,False,False,642.6,365.0
23,0559,2,2001,2001-08-23,0.7203000009059906,888.08,6.800000190734863,881.0,86.0,79,13962,30,302.2,False,False,False,642.6,328.0
23,0559,2,2002,2002-08-27,0.7341000080108642,1341.68,6.199999809265137,747.0,109.0,80,14587,31,302.2,False,False,False,642.6,369.0
23,0559,3,2003,2003-09-19,0.6698000013828278,1306.18,5.699999809265137,1029.0,82.0,81,15217,32,302.2,False,False,False,642.6,388.0
23,0559,3,2004,2004-07-29,0.6684999942779541,1089.17,5.599999904632568,898.0,105.0,80,15784,33,302.2,False,False,False,642.6,314.0
23,1001,1,1989,1989-10-10,1.868600034713745,1172.77,4.599999904632568,1306.0,70.0,82,6860,18,226.1,False,False,False,530.9,0.0
23,1001,1,1990,1990-10-04,2.1861999869346618,1369.9,6.300000190734863,691.0,108.0,83,7420,19,226.1,False,False,False,530.9,359.0
23,1001,1,1991,1991-08-17,1.82629998922348,1399.25,5.900000095367432,880.0,89.0,82,7970,20,226.1,False,False,False,530.9,317.0
23,1001,1,1992,1992-09-25,1.7304000020027162,941.12,5.0,929.0,112.0,80,8540,21,226.1,False,False,False,530.9,405.0
23,1001,1,1994,1994-08-20,1.9771999835968013,1213.34,5.5,1075.0,84.0,81,9700,23,226.1,False,False,False,530.9,694.0
23,1001,1,1995,1995-04-20,1.857800018787384,1181.04,5.800000190734863,955.0,92.0,80,10300,24,226.1,False,False,False,530.9,243.0
23,1001,2,1997,1997-08-25,0.8132999956607818,1223.84,4.900000095367432,1046.0,89.0,83,11541,26,279.4,False,False,False,584.2,858.0
23,1001,2,1998,1998-06-22,0.8003999948501587,1337.12,6.900000095367432,656.0,97.0,83,12180,27,279.4,False,False,False,584.2,301.0
23,1001,2,1999,1999-10-06,0.7678000032901764,1170.2,7.599999904632568,584.0,107.0,79,12754,28,279.4,False,False,False,584.2,471.0
23,1001,2,2001,2001-08-23,0.7353000044822693,888.08,6.800000190734863,881.0,86.0,79,13962,30,279.4,False,False,False,584.2,687.0
23,1001,2,2002,2002-08-28,0.7150999963283539,1341.68,6.199999809265137,747.0,109.0,80,14587,31,279.4,False,False,False,584.2,370.0
23,1001,2,2004,2004-07-29,0.6781000018119812,1089.17,5.599999904632568,898.0,105.0,80,15784,33,279.4,False,False,False,584.2,701.0
23,1009,1,1989,1989-10-19,0.9666999995708464,1291.55,6.199999809265137,708.0,69.0,83,6557,20,144.8,False,False,False,922.0,0.0
23,1009,1,1990,1990-10-03,1.0616000056266786,1315.5,7.699999809265137,300.0,86.0,83,6922,21,144.8,False,False,False,922.0,349.0
23,1009,1,1991,1991-08-15,0.9703999936580656,1381.55,7.5,400.0,75.0,83,7282,22,144.8,False,False,False,922.0,316.0
23,1009,1,1992,1992-08-30,0.9826000034809113,1131.5,6.400000095367432,454.0,89.0,82,7647,23,144.8,False,False,False,922.0,381.0
23,1009,1,1993,1993-05-13,0.9465999901294708,1287.92,6.5,576.0,63.0,82,8022,24,144.8,False,False,False,922.0,256.0
23,1009,2,1993,1993-09-20,0.7693000078201293,1287.92,6.5,576.0,63.0,82,8022,24,213.4,False,False,False,990.6,130.0
23,1009,2,1995,1995-08-20,0.7632999956607818,1402.83,7.199999809265137,450.0,79.0,82,8812,26,213.4,False,False,False,990.6,699.0
23,1009,2,1997,1997-08-25,0.7800999999046325,1308.96,6.900000095367432,404.0,94.0,82,9636,28,213.4,False,False,False,990.6,736.0
23,1009,2,1998,1998-06-23,0.7831999957561493,1359.17,8.0,268.0,68.0,84,10063,29,213.4,False,False,False,990.6,302.0
23,1009,2,1999,1999-10-05,0.7861999988555908,1368.62,8.5,295.0,75.0,81,10549,30,213.4,False,False,False,990.6,469.0
23,1009,2,2002,2002-07-01,0.8266000002622604,1441.62,7.800000190734863,252.0,98.0,81,11397,33,213.4,False,False,False,990.6,1000.0
23,1009,2,2003,2003-05-07,0.8745000004768372,1373.45,6.800000190734863,585.0,59.0,83,11678,34,213.4,False,False,False,990.6,310.0
23,1009,2,2004,2004-04-16,0.8857999920845032,1199.79,6.800000190734863,500.0,79.0,81,12189,35,213.4,False,False,False,990.6,345.0
23,1012,1,1989,1989-10-18,0.723800003528595,1282.83,5.900000095367432,992.0,81.0,81,7190,5,236.2,False,False,False,1074.4,0.0
23,1012,1,1991,1991-08-14,0.752400004863739,1403.09,7.400000095367432,610.0,92.0,81,9500,7,236.2,False,False,False,1074.4,665.0
23,1012,1,1992,1992-09-28,0.715200001001358,1110.24,6.300000190734863,649.0,113.0,80,10710,8,236.2,False,False,False,1074.4,411.0
23,1012,1,1994,1994-08-24,0.8048999905586243,1218.16,6.699999809265137,890.0,74.0,81,13260,10,236.2,False,False,False,1074.4,695.0
23,1012,1,1995,1995-08-19,0.8031000077724457,1424.37,7.0,721.0,93.0,80,14580,11,236.2,False,False,False,1074.4,360.0
23,1012,1,1997,1997-08-24,0.796399998664856,1368.39,6.599999904632568,667.0,97.0,81,17360,13,236.2,False,False,False,1074.4,736.0
23,1012,1,1998,1998-06-24,0.7865000069141388,1352.89,8.100000381469727,437.0,92.0,83,18890,14,236.2,False,False,False,1074.4,304.0
23,1012,1,1999,1999-10-05,0.7519999980926514,1234.09,8.600000381469727,440.0,104.0,79,20744,15,236.2,False,False,False,1074.4,468.0
23,1012,1,2001,2001-05-06,0.8130999982357026,973.37,7.900000095367432,661.0,90.0,79,24369,17,236.2,False,False,False,1074.4,579.0
23,1012,1,2002,2002-03-30,0.8224500030279159,1395.88,7.699999809265137,466.0,106.0,79,26168,18,236.2,False,False,False,1074.4,328.0
23,1026,1,1989,1989-10-19,1.4177000164985656,1153.65,4.900000095367432,1226.0,71.0,81,3157,17,175.3,False,False,False,622.3,0.0
23,1026,1,1991,1991-08-16,1.3498000144958495,1340.22,6.300000190734863,838.0,89.0,81,3595,19,175.3,False,False,False,622.3,666.0
23,1026,1,1992,1992-09-26,1.35829998254776,973.4,5.199999809265137,855.0,111.0,80,3818,20,175.3,False,False,False,622.3,407.0
23,1026,1,1993,1993-09-17,1.447599983215332,1128.96,5.300000190734863,1040.0,93.0,80,4043,21,175.3,False,False,False,622.3,356.0
23,1026,1,1994,1994-06-14,1.403825005888939,1239.5,5.400000095367432,1149.0,79.0,81,4271,22,175.3,False,False,False,622.3,270.0
23,1026,1,1995,1995-04-11,1.4501750081777574,1224.36,6.0,972.0,83.0,80,4501,23,175.3,False,False,False,622.3,301.0
23,1026,1,1996,1996-05-08,1.3569000124931336,1619.3,5.900000095367432,831.0,100.0,82,4734,24,175.3,False,False,False,622.3,393.0
23,1026,2,1996,1996-11-15,0.9133000016212464,1619.3,5.900000095367432,831.0,100.0,82,4734,24,228.6,False,False,False,675.6,191.0
23,1026,2,1997,1997-05-18,1.0057799935340883,1291.92,5.300000190734863,962.0,85.0,81,4987,25,228.6,False,False,False,675.6,184.0
23,1026,2,1998,1998-06-17,0.9352999925613404,1158.53,7.199999809265137,634.0,95.0,83,5240,26,228.6,False,False,False,675.6,395.0
23,1026,2,1999,1999-07-15,0.9296000063419342,1129.33,7.699999809265137,607.0,109.0,79,5531,27,228.6,False,False,False,675.6,393.0
23,1026,2,2001,2001-08-22,0.9546000123023988,861.22,6.800000190734863,876.0,92.0,79,6155,29,228.6,False,False,False,675.6,769.0
23,1026,2,2002,2002-08-29,0.997099995613098,1286.3,6.599999904632568,731.0,105.0,79,6451,30,228.6,False,False,False,675.6,372.0
23,1026,2,2004,2004-04-16,1.153099995851517,1126.61,5.900000095367432,908.0,97.0,80,7026,32,228.6,False,False,False,675.6,596.0
23,1028,1,1989,1989-10-21,1.6248000025749207,1303.39,3.5,1407.0,80.0,83,5655,18,180.3,False,False,False,642.6,0.0
23,1028,1,1990,1990-10-05,1.69889999628067,1330.49,5.300000190734863,824.0,104.0,84,5870,19,180.3,False,False,False,642.6,349.0
23,1028,1,1991,1991-08-16,1.544599997997284,1376.86,4.900000095367432,986.0,90.0,83,6100,20,180.3,False,False,False,642.6,315.0
23,1028,2,1992,1992-09-26,1.4998999953269958,1097.9,3.700000047683716,1057.0,102.0,82,6340,21,180.3,False,False,False,642.6,407.0
23,1028,2,1993,1993-09-17,1.5532000064849854,1167.44,3.900000095367432,1201.0,88.0,82,6590,22,180.3,False,False,False,642.6,356.0
23,1028,2,1994,1994-06-16,1.4143999993801115,1304.62,4.099999904632568,1265.0,84.0,83,6855,23,180.3,False,False,False,642.6,272.0
23,1028,3,1994,1994-10-22,1.0628000020980837,1304.62,4.099999904632568,1265.0,84.0,83,6855,23,264.1,False,False,False,726.4,128.0
23,1028,3,1995,1995-07-24,1.0972000062465668,1311.33,4.5,1105.0,83.0,82,7135,24,264.1,False,False,False,726.4,275.0
23,1028,3,1996,1996-11-15,1.0833999991416932,1807.03,4.5,1005.0,109.0,83,7425,25,264.1,False,False,False,726.4,480.0
23,1028,3,1997,1997-08-26,1.0906999945640563,1290.39,3.900000095367432,1154.0,82.0,83,7729,26,264.1,False,False,False,726.4,284.0
23,1028,3,1998,1998-06-17,1.1218999922275543,1318.21,5.900000095367432,771.0,89.0,84,8046,27,264.1,False,False,False,726.4,295.0
23,1028,3,1999,1999-07-15,1.1473000049591064,1255.17,5.900000095367432,819.0,106.0,82,8384,28,264.1,False,False,False,726.4,393.0
23,1028,3,2001,2001-08-22,1.0811000049114226,925.11,5.199999809265137,1018.0,70.0,83,8900,30,264.1,False,False,False,726.4,769.0
23,1028,3,2002,2002-08-29,1.0960000097751617,1355.93,5.0,902.0,98.0,82,9207,31,264.1,False,False,False,726.4,372.0
23,1028,3,2004,2004-04-16,1.1889000177383422,1227.94,4.5,1073.0,96.0,82,9825,33,264.1,False,False,False,726.4,596.0
23,1028,3,2009,2009-08-26,1.2173999905586244,1422.55,4.699999809265137,1007.0,91.0,84,11558,38,264.1,False,False,False,726.4,1958.0
23,1028,3,2011,2011-06-08,1.2574000000953671,1787.72,5.5,936.0,90.0,85,12217,40,264.1,False,False,False,726.4,651.0
23,1028,3,2013,2013-10-02,1.2469999909400942,1523.8,5.0,989.0,88.0,83,12888,42,264.1,False,False,False,726.4,847.0
23,1028,3,2015,2015-11-17,1.2376000046730042,1248.46,4.699999809265137,1194.0,84.0,83,13566,44,264.1,False,False,False,726.4,776.0
24,0501,1,1990,1990-11-05,1.1339999914169312,1409.12,12.399999618530272,56.0,111.0,76,11392,20,116.8,False,True,True,523.2,0.0
24,0501,1,1991,1991-08-08,1.1401999831199645,957.68,12.600000381469728,132.0,107.0,72,12015,21,116.8,False,True,True,523.2,276.0
24,0501,1,1992,1992-01-24,1.172000002861023,1216.01,10.899999618530272,134.0,107.0,76,12657,22,116.8,False,True,True,523.2,169.0
24,0501,2,1992,1992-06-11,1.303000020980835,1216.01,10.899999618530272,134.0,107.0,76,12657,22,116.8,False,True,True,523.2,139.0
24,0501,2,1993,1993-06-25,1.4100000143051146,1299.95,11.0,247.0,106.0,76,13319,23,116.8,False,True,True,523.2,379.0
24,0501,2,1994,1994-06-25,1.4579999923706053,1250.36,10.600000381469728,385.0,90.0,78,13803,24,116.8,False,True,True,523.2,365.0
24,0501,2,1995,1995-12-06,1.4177999973297115,1233.79,11.199999809265137,297.0,98.0,74,14523,25,116.8,False,True,True,523.2,529.0
24,0501,3,1996,1996-12-10,1.44819997549057,1805.73,9.899999618530272,337.0,95.0,81,14998,26,116.8,False,True,True,523.2,370.0
24,0501,3,1997,1997-12-18,1.5199000239372251,1083.58,11.0,166.0,116.0,74,15852,27,116.8,False,True,True,523.2,373.0
24,0501,4,1998,1998-08-19,1.5379000067710875,1102.96,12.800000190734863,72.0,93.0,74,16720,28,116.8,False,True,True,523.2,244.0
24,0501,4,1999,1999-10-20,1.5466000080108642,1162.32,12.100000381469728,159.0,95.0,72,17366,29,116.8,False,True,True,523.2,427.0
24,0501,4,2000,2000-12-05,1.585599994659424,1202.68,11.199999809265137,272.0,88.0,74,18080,30,116.8,False,True,True,523.2,412.0
24,0501,4,2002,2002-10-08,1.6906000018119811,1170.0,12.5,125.0,103.0,71,19517,32,116.8,False,True,True,523.2,672.0
24,0501,4,2003,2003-11-14,1.7499000072479247,1749.75,10.5,303.0,86.0,83,20299,33,116.8,False,True,True,523.2,402.0
24,0501,4,2004,2004-06-30,1.9192000031471248,1194.66,11.5,320.0,79.0,79,21121,34,116.8,False,True,True,523.2,229.0
24,0502,1,1990,1990-11-05,1.6588000059127808,1409.12,12.399999618530272,56.0,111.0,76,11392,20,104.1,False,True,True,579.2,0.0
24,0502,1,1991,1991-08-08,1.5996999859809875,957.68,12.600000381469728,132.0,107.0,72,12015,21,104.1,False,True,True,579.2,276.0
24,0502,1,1992,1992-01-24,1.6998000025749205,1216.01,10.899999618530272,134.0,107.0,76,12657,22,104.1,False,True,True,579.2,169.0
24,0502,2,1992,1992-06-11,1.38510000705719,1216.01,10.899999618530272,134.0,107.0,76,12657,22,160.0,False,True,True,635.1,139.0
24,0502,2,1993,1993-06-25,1.4953999876976014,1299.95,11.0,247.0,106.0,76,13319,23,160.0,False,True,True,635.1,379.0
24,0502,3,1996,1996-12-10,1.0466000199317933,1805.73,9.899999618530272,337.0,95.0,81,14998,26,157.4,False,True,True,632.5,1264.0
24,0502,3,1997,1997-12-18,1.0935999989509582,1083.58,11.0,166.0,116.0,74,15852,27,157.4,False,True,True,632.5,373.0
24,0502,3,1998,1998-08-19,1.0637000024318697,1102.96,12.800000190734863,72.0,93.0,74,16720,28,157.4,False,True,True,632.5,244.0
24,0502,3,1999,1999-10-20,1.0943999886512756,1162.32,12.100000381469728,159.0,95.0,72,17366,29,157.4,False,True,True,632.5,427.0
24,0502,3,2000,2000-12-05,1.1358999848365785,1202.68,11.199999809265137,272.0,88.0,74,18080,30,157.4,False,True,True,632.5,412.0
24,0502,3,2002,2002-10-08,1.1776000022888184,1170.0,12.5,125.0,103.0,71,19517,32,157.4,False,True,True,632.5,672.0
24,0502,3,2003,2003-11-14,1.1898000121116636,1749.75,10.5,303.0,86.0,83,20299,33,157.4,False,True,True,632.5,402.0
24,0502,3,2004,2004-06-30,1.2926999926567078,1194.66,11.5,320.0,79.0,79,21121,34,157.4,False,True,True,632.5,229.0
24,0502,3,2005,2005-07-09,1.336049997806549,1244.69,12.0,233.0,91.0,75,21933,35,157.4,False,True,True,632.5,374.0
24,0502,3,2006,2006-06-15,1.4697999954223633,1261.11,12.600000381469728,57.0,97.0,75,22907,36,157.4,False,True,True,632.5,341.0
24,0502,4,2009,2009-04-08,1.908399987220764,1472.02,11.199999809265137,260.0,83.0,77,25370,39,157.4,False,True,True,632.5,1028.0
24,0503,1,1990,1990-11-05,2.119799995422363,1409.12,12.399999618530272,56.0,111.0,76,11392,20,109.2,False,True,True,584.3,0.0
24,0503,1,1991,1991-08-08,2.0685999989509583,957.68,12.600000381469728,132.0,107.0,72,12015,21,109.2,False,True,True,584.3,276.0
24,0503,1,1992,1992-01-24,1.989200007915497,1216.01,10.899999618530272,134.0,107.0,76,12657,22,109.2,False,True,True,584.3,169.0
24,0503,2,1992,1992-06-11,1.029599988460541,1216.01,10.899999618530272,134.0,107.0,76,12657,22,241.3,False,True,True,716.4,139.0
24,0503,2,1993,1993-06-25,1.072000002861023,1299.95,11.0,247.0,106.0,76,13319,23,241.3,False,True,True,716.4,379.0
24,0503,2,1994,1994-06-25,1.097800004482269,1250.36,10.600000381469728,385.0,90.0,78,13803,24,241.3,False,True,True,716.4,365.0
24,0503,2,1995,1995-12-06,1.204199981689453,1233.79,11.199999809265137,297.0,98.0,74,14523,25,241.3,False,True,True,716.4,529.0
24,0503,3,1996,1996-12-10,1.0935999989509582,1805.73,9.899999618530272,337.0,95.0,81,14998,26,238.8,False,True,True,713.9,370.0
24,0503,3,1997,1997-12-18,1.156199997663498,1083.58,11.0,166.0,116.0,74,15852,27,238.8,False,True,True,713.9,373.0
24,0503,3,1998,1998-08-19,1.1673000037670136,1102.96,12.800000190734863,72.0,93.0,74,16720,28,238.8,False,True,True,713.9,244.0
24,0503,3,1999,1999-10-20,1.190800017118454,1162.32,12.100000381469728,159.0,95.0,72,17366,29,238.8,False,True,True,713.9,427.0
24,0503,3,2000,2000-12-05,1.123199999332428,1202.68,11.199999809265137,272.0,88.0,74,18080,30,238.8,False,True,True,713.9,412.0
24,0503,3,2002,2002-10-08,1.0839000046253204,1170.0,12.5,125.0,103.0,71,19517,32,238.8,False,True,True,713.9,672.0
24,0503,3,2003,2003-11-14,1.072400003671646,1749.75,10.5,303.0,86.0,83,20299,33,238.8,False,True,True,713.9,402.0
24,0503,3,2004,2004-06-30,1.1066999852657318,1194.66,11.5,320.0,79.0,79,21121,34,238.8,False,True,True,713.9,229.0
24,0503,3,2005,2005-07-09,1.1211000025272368,1244.69,12.0,233.0,91.0,75,21933,35,238.8,False,True,True,713.9,374.0
24,0503,3,2006,2006-06-15,1.1694999992847444,1261.11,12.600000381469728,57.0,97.0,75,22907,36,238.8,False,True,True,713.9,341.0
24,0503,3,2009,2009-04-08,1.211899995803833,1472.02,11.199999809265137,260.0,83.0,77,25370,39,238.8,False,True,True,713.9,1028.0
24,0504,1,1990,1990-11-05,2.195400023460388,1409.12,12.399999618530272,56.0,111.0,76,11392,20,116.9,False,True,True,528.3,0.0
24,0504,1,1991,1991-08-08,2.018999993801117,957.68,12.600000381469728,132.0,107.0,72,12015,21,116.9,False,True,True,528.3,276.0
24,0504,2,1992,1992-06-11,0.9060000121593476,1216.01,10.899999618530272,134.0,107.0,76,12657,22,261.7,False,True,True,673.1,308.0
24,0504,2,1993,1993-06-25,0.9535000085830688,1299.95,11.0,247.0,106.0,76,13319,23,261.7,False,True,True,673.1,379.0
24,0504,2,1994,1994-06-25,1.0870999932289125,1250.36,10.600000381469728,385.0,90.0,78,13803,24,261.7,False,True,True,673.1,365.0
24,0504,2,1995,1995-12-06,1.1437000036239624,1233.79,11.199999809265137,297.0,98.0,74,14523,25,261.7,False,True,True,673.1,529.0
24,0504,3,1996,1996-12-10,1.4537000060081482,1805.73,9.899999618530272,337.0,95.0,81,14998,26,261.7,False,True,True,673.1,370.0
24,0504,3,1997,1997-12-18,1.4748999953269957,1083.58,11.0,166.0,116.0,74,15852,27,261.7,False,True,True,673.1,373.0
24,0504,3,1998,1998-08-19,1.523799991607666,1102.96,12.800000190734863,72.0,93.0,74,16720,28,261.7,False,True,True,673.1,244.0
24,0504,3,1999,1999-10-20,1.498799991607666,1162.32,12.100000381469728,159.0,95.0,72,17366,29,261.7,False,True,True,673.1,427.0
24,0504,3,2000,2000-12-05,1.4552000045776368,1202.68,11.199999809265137,272.0,88.0,74,18080,30,261.7,False,True,True,673.1,412.0
24,0504,3,2002,2002-10-08,1.472600018978119,1170.0,12.5,125.0,103.0,71,19517,32,261.7,False,True,True,673.1,672.0
24,0504,3,2003,2003-11-14,1.4449000000953671,1749.75,10.5,303.0,86.0,83,20299,33,261.7,False,True,True,673.1,402.0
24,0504,3,2004,2004-06-30,1.435599994659424,1194.66,11.5,320.0,79.0,79,21121,34,261.7,False,True,True,673.1,229.0
24,0504,3,2005,2005-07-09,1.4666500031948089,1244.69,12.0,233.0,91.0,75,21933,35,261.7,False,True,True,673.1,374.0
24,0504,3,2006,2006-06-15,1.519000005722046,1261.11,12.600000381469728,57.0,97.0,75,22907,36,261.7,False,True,True,673.1,341.0
24,0504,3,2009,2009-04-08,1.5426999926567078,1472.02,11.199999809265137,260.0,83.0,77,25370,39,261.7,False,True,True,673.1,1028.0
24,0505,1,1990,1990-11-05,1.713699984550476,1409.12,12.399999618530272,56.0,111.0,76,11392,20,116.8,False,True,True,586.8,0.0
24,0505,1,1991,1991-08-08,1.5258000016212463,957.68,12.600000381469728,132.0,107.0,72,12015,21,116.8,False,True,True,586.8,276.0
24,0505,1,1992,1992-01-24,1.6912000060081482,1216.01,10.899999618530272,134.0,107.0,76,12657,22,116.8,False,True,True,586.8,169.0
24,0505,2,1992,1992-06-11,1.0048999965190888,1216.01,10.899999618530272,134.0,107.0,76,12657,22,170.1,False,True,True,640.1,139.0
24,0505,2,1993,1993-06-25,1.1196000099182128,1299.95,11.0,247.0,106.0,76,13319,23,170.1,False,True,True,640.1,379.0
24,0505,2,1995,1995-12-06,1.1897000312805175,1233.79,11.199999809265137,297.0,98.0,74,14523,25,170.1,False,True,True,640.1,894.0
24,0505,3,1996,1996-12-10,1.3203999876976011,1805.73,9.899999618530272,337.0,95.0,81,14998,26,170.1,False,True,True,640.1,370.0
24,0505,3,1997,1997-12-18,1.3329000115394591,1083.58,11.0,166.0,116.0,74,15852,27,170.1,False,True,True,640.1,373.0
24,0505,3,1998,1998-08-19,1.4215000033378602,1102.96,12.800000190734863,72.0,93.0,74,16720,28,170.1,False,True,True,640.1,244.0
24,0505,3,1999,1999-10-20,1.65349999666214,1162.32,12.100000381469728,159.0,95.0,72,17366,29,170.1,False,True,True,640.1,427.0
24,0505,3,2000,2000-12-05,1.421400010585785,1202.68,11.199999809265137,272.0,88.0,74,18080,30,170.1,False,True,True,640.1,412.0
24,0505,3,2002,2002-10-08,1.443500006198883,1170.0,12.5,125.0,103.0,71,19517,32,170.1,False,True,True,640.1,672.0
24,0505,3,2003,2003-11-14,1.4797000169754029,1749.75,10.5,303.0,86.0,83,20299,33,170.1,False,True,True,640.1,402.0
24,0505,3,2004,2004-06-30,1.6326000094413755,1194.66,11.5,320.0,79.0,79,21121,34,170.1,False,True,True,640.1,229.0
24,0505,3,2005,2005-07-09,1.7220499813556671,1244.69,12.0,233.0,91.0,75,21933,35,170.1,False,True,True,640.1,374.0
24,0505,3,2006,2006-06-15,2.396400010585785,1261.11,12.600000381469728,57.0,97.0,75,22907,36,170.1,False,True,True,640.1,341.0
24,0505,4,2009,2009-04-08,1.6291999816894531,1472.02,11.199999809265137,260.0,83.0,77,25370,39,170.1,False,True,True,640.1,1028.0
24,0506,1,1990,1990-11-05,1.267400002479553,1409.12,12.399999618530272,56.0,111.0,76,11392,20,122.0,False,True,True,538.5,0.0
24,0506,1,1991,1991-08-08,1.354600012302399,957.68,12.600000381469728,132.0,107.0,72,12015,21,122.0,False,True,True,538.5,276.0
24,0506,1,1992,1992-01-24,1.4268999934196471,1216.01,10.899999618530272,134.0,107.0,76,12657,22,122.0,False,True,True,538.5,169.0
24,0506,2,1992,1992-06-11,0.7414999902248383,1216.01,10.899999618530272,134.0,107.0,76,12657,22,154.89999999999998,False,True,True,571.4,139.0
24,0506,2,1993,1993-06-25,0.8499000012874603,1299.95,11.0,247.0,106.0,76,13319,23,154.89999999999998,False,True,True,571.4,379.0
24,0506,2,1994,1994-06-25,0.8648999929428101,1250.36,10.600000381469728,385.0,90.0,78,13803,24,154.89999999999998,False,True,True,571.4,365.0
24,0506,2,1995,1995-12-06,0.8324000000953674,1233.79,11.199999809265137,297.0,98.0,74,14523,25,154.89999999999998,False,True,True,571.4,529.0
24,0506,2,1996,1996-12-10,0.852700001001358,1805.73,9.899999618530272,337.0,95.0,81,14998,26,154.89999999999998,False,True,True,571.4,370.0
24,0506,2,1997,1997-12-18,0.879699993133545,1083.58,11.0,166.0,116.0,74,15852,27,154.89999999999998,False,True,True,571.4,373.0
24,0506,2,1998,1998-08-19,0.9143000066280365,1102.96,12.800000190734863,72.0,93.0,74,16720,28,154.89999999999998,False,True,True,571.4,244.0
24,0506,2,1999,1999-10-20,0.902800005674362,1162.32,12.100000381469728,159.0,95.0,72,17366,29,154.89999999999998,False,True,True,571.4,427.0
24,0506,2,2000,2000-12-05,0.9100000083446502,1202.68,11.199999809265137,272.0,88.0,74,18080,30,154.89999999999998,False,True,True,571.4,412.0
24,0506,2,2002,2002-10-08,1.0013999938964844,1170.0,12.5,125.0,103.0,71,19517,32,154.89999999999998,False,True,True,571.4,672.0
24,0506,2,2003,2003-11-14,1.014900004863739,1749.75,10.5,303.0,86.0,83,20299,33,154.89999999999998,False,True,True,571.4,402.0
24,0506,2,2004,2004-06-30,1.0546999990940094,1194.66,11.5,320.0,79.0,79,21121,34,154.89999999999998,False,True,True,571.4,229.0
24,0506,2,2005,2005-07-09,1.10565000474453,1244.69,12.0,233.0,91.0,75,21933,35,154.89999999999998,False,True,True,571.4,374.0
24,0506,2,2006,2006-06-15,1.1742000162601471,1261.11,12.600000381469728,57.0,97.0,75,22907,36,154.89999999999998,False,True,True,571.4,341.0
24,0506,2,2009,2009-04-08,1.261899995803833,1472.02,11.199999809265137,260.0,83.0,77,25370,39,154.89999999999998,False,True,True,571.4,1028.0
24,0507,1,1990,1990-11-05,1.2953999996185304,1409.12,12.399999618530272,56.0,111.0,76,11392,20,114.3,False,True,True,525.7,0.0
24,0507,1,1991,1991-08-08,1.4074000239372255,957.68,12.600000381469728,132.0,107.0,72,12015,21,114.3,False,True,True,525.7,276.0
24,0507,2,1992,1992-06-11,0.8784000039100647,1216.01,10.899999618530272,134.0,107.0,76,12657,22,254.1,False,True,True,665.5,308.0
24,0507,2,1993,1993-06-25,1.0028999984264373,1299.95,11.0,247.0,106.0,76,13319,23,254.1,False,True,True,665.5,379.0
24,0507,2,1994,1994-06-25,0.9983000040054322,1250.36,10.600000381469728,385.0,90.0,78,13803,24,254.1,False,True,True,665.5,365.0
24,0507,2,1995,1995-12-06,0.9871999979019164,1233.79,11.199999809265137,297.0,98.0,74,14523,25,254.1,False,True,True,665.5,529.0
24,0507,2,1996,1996-12-10,0.9809000074863434,1805.73,9.899999618530272,337.0,95.0,81,14998,26,254.1,False,True,True,665.5,370.0
24,0507,2,1997,1997-12-18,0.9912000000476836,1083.58,11.0,166.0,116.0,74,15852,27,254.1,False,True,True,665.5,373.0
24,0507,2,1998,1998-08-19,1.004999989271164,1102.96,12.800000190734863,72.0,93.0,74,16720,28,254.1,False,True,True,665.5,244.0
24,0507,2,1999,1999-10-20,1.010099995136261,1162.32,12.100000381469728,159.0,95.0,72,17366,29,254.1,False,True,True,665.5,427.0
24,0507,2,2000,2000-12-05,1.0102000176906585,1202.68,11.199999809265137,272.0,88.0,74,18080,30,254.1,False,True,True,665.5,412.0
24,0507,2,2002,2002-10-08,0.9698000013828278,1170.0,12.5,125.0,103.0,71,19517,32,254.1,False,True,True,665.5,672.0
24,0507,2,2003,2003-11-14,1.032400017976761,1749.75,10.5,303.0,86.0,83,20299,33,254.1,False,True,True,665.5,402.0
24,0507,2,2004,2004-06-30,1.0003999888896942,1194.66,11.5,320.0,79.0,79,21121,34,254.1,False,True,True,665.5,229.0
24,0507,2,2005,2005-07-09,1.0070000052452088,1244.69,12.0,233.0,91.0,75,21933,35,254.1,False,True,True,665.5,374.0
24,0507,2,2006,2006-06-15,1.012400007247925,1261.11,12.600000381469728,57.0,97.0,75,22907,36,254.1,False,True,True,665.5,341.0
24,0507,2,2009,2009-04-08,1.040900009870529,1472.02,11.199999809265137,260.0,83.0,77,25370,39,254.1,False,True,True,665.5,1028.0
24,0508,1,1990,1990-11-05,1.4473999977111816,1409.12,12.399999618530272,56.0,111.0,76,11392,20,111.8,False,True,True,551.2,0.0
24,0508,1,1991,1991-08-08,1.468999993801117,957.68,12.600000381469728,132.0,107.0,72,12015,21,111.8,False,True,True,551.2,276.0
24,0508,2,1992,1992-06-11,0.7906999945640564,1216.01,10.899999618530272,134.0,107.0,76,12657,22,254.0,False,True,True,693.4,308.0
24,0508,2,1993,1993-06-25,0.7961000084877015,1299.95,11.0,247.0,106.0,76,13319,23,254.0,False,True,True,693.4,379.0
24,0508,2,1994,1994-06-25,0.8097000122070312,1250.36,10.600000381469728,385.0,90.0,78,13803,24,254.0,False,True,True,693.4,365.0
24,0508,3,1996,1996-12-10,0.8262000143527984,1805.73,9.899999618530272,337.0,95.0,81,14998,26,266.7,False,True,True,706.1,899.0
24,0508,3,1997,1997-12-18,0.8644000053405763,1083.58,11.0,166.0,116.0,74,15852,27,266.7,False,True,True,706.1,373.0
24,0508,3,1998,1998-08-19,0.844299989938736,1102.96,12.800000190734863,72.0,93.0,74,16720,28,266.7,False,True,True,706.1,244.0
24,0508,3,1999,1999-10-20,0.8852999985218049,1162.32,12.100000381469728,159.0,95.0,72,17366,29,266.7,False,True,True,706.1,427.0
24,0508,3,2000,2000-12-05,0.8587000012397766,1202.68,11.199999809265137,272.0,88.0,74,18080,30,266.7,False,True,True,706.1,412.0
24,0508,3,2002,2002-10-08,0.8263999998569489,1170.0,12.5,125.0,103.0,71,19517,32,266.7,False,True,True,706.1,672.0
24,0508,3,2003,2003-11-14,0.8330000042915344,1749.75,10.5,303.0,86.0,83,20299,33,266.7,False,True,True,706.1,402.0
24,0508,3,2004,2004-06-30,0.8568999946117402,1194.66,11.5,320.0,79.0,79,21121,34,266.7,False,True,True,706.1,229.0
24,0508,3,2005,2005-07-09,0.8605500012636185,1244.69,12.0,233.0,91.0,75,21933,35,266.7,False,True,True,706.1,374.0
24,0508,3,2006,2006-06-15,0.8731000065803528,1261.11,12.600000381469728,57.0,97.0,75,22907,36,266.7,False,True,True,706.1,341.0
24,0508,3,2009,2009-04-08,0.8908999979496002,1472.02,11.199999809265137,260.0,83.0,77,25370,39,266.7,False,True,True,706.1,1028.0
24,0509,1,1990,1990-11-05,1.3342000007629395,1409.12,12.399999618530272,56.0,111.0,76,11392,20,121.9,False,True,True,563.9,0.0
24,0509,1,1991,1991-08-08,1.3555999994277954,957.68,12.600000381469728,132.0,107.0,72,12015,21,121.9,False,True,True,563.9,276.0
24,0509,2,1992,1992-06-11,1.0318000078201297,1216.01,10.899999618530272,134.0,107.0,76,12657,22,177.8,False,True,True,619.8,308.0
24,0509,2,1993,1993-06-25,1.0882000088691712,1299.95,11.0,247.0,106.0,76,13319,23,177.8,False,True,True,619.8,379.0
24,0509,2,1994,1994-06-25,1.1072999835014343,1250.36,10.600000381469728,385.0,90.0,78,13803,24,177.8,False,True,True,619.8,365.0
24,0509,2,1996,1996-12-12,1.0962000131607057,1805.73,9.899999618530272,337.0,95.0,81,14998,26,177.8,False,True,True,619.8,901.0
24,0509,2,1997,1997-12-18,1.148099994659424,1083.58,11.0,166.0,116.0,74,15852,27,177.8,False,True,True,619.8,371.0
24,0509,2,1998,1998-08-19,1.2078000068664552,1102.96,12.800000190734863,72.0,93.0,74,16720,28,177.8,False,True,True,619.8,244.0
24,0509,2,1999,1999-10-20,1.2181999802589416,1162.32,12.100000381469728,159.0,95.0,72,17366,29,177.8,False,True,True,619.8,427.0
24,0509,2,2000,2000-12-05,1.2669999837875363,1202.68,11.199999809265137,272.0,88.0,74,18080,30,177.8,False,True,True,619.8,412.0
24,0509,4,2002,2002-10-08,1.2558000087738037,1170.0,12.5,125.0,103.0,71,19517,32,177.8,False,True,True,619.8,672.0
24,0509,5,2003,2003-11-14,1.2698999881744384,1749.75,10.5,303.0,86.0,83,20299,33,177.8,False,True,True,619.8,402.0
24,0509,5,2004,2004-06-30,1.3263999819755554,1194.66,11.5,320.0,79.0,79,21121,34,177.8,False,True,True,619.8,229.0
24,0509,5,2005,2005-07-09,1.3766500055789948,1244.69,12.0,233.0,91.0,75,21933,35,177.8,False,True,True,619.8,374.0
24,0509,5,2006,2006-06-15,1.4363999962806702,1261.11,12.600000381469728,57.0,97.0,75,22907,36,177.8,False,True,True,619.8,341.0
24,0509,5,2009,2009-04-08,1.6620000004768372,1472.02,11.199999809265137,260.0,83.0,77,25370,39,177.8,False,True,True,619.8,1028.0
24,0559,1,1990,1990-11-05,0.9827000021934508,1409.12,12.399999618530272,56.0,111.0,76,11392,20,119.4,False,True,True,553.8,0.0
24,0559,1,1991,1991-08-08,1.00479998588562,957.68,12.600000381469728,132.0,107.0,72,12015,21,119.4,False,True,True,553.8,276.0
24,0559,2,1992,1992-06-11,0.9591000020503996,1216.01,10.899999618530272,134.0,107.0,76,12657,22,205.8,False,True,True,640.2,308.0
24,0559,2,1993,1993-06-25,0.9953000009059906,1299.95,11.0,247.0,106.0,76,13319,23,205.8,False,True,True,640.2,379.0
24,0559,2,1995,1995-12-06,1.2383999943733217,1233.79,11.199999809265137,297.0,98.0,74,14523,25,205.8,False,True,True,640.2,894.0
24,0559,2,1996,1996-12-12,1.2237000107765197,1805.73,9.899999618530272,337.0,95.0,81,14998,26,205.8,False,True,True,640.2,372.0
24,0559,2,1997,1997-12-18,1.4006999850273132,1083.58,11.0,166.0,116.0,74,15852,27,205.8,False,True,True,640.2,371.0
24,0559,2,1998,1998-08-19,1.4009999990463258,1102.96,12.800000190734863,72.0,93.0,74,16720,28,205.8,False,True,True,640.2,244.0
24,0559,2,1999,1999-10-20,1.2348000049591064,1162.32,12.100000381469728,159.0,95.0,72,17366,29,205.8,False,True,True,640.2,427.0
24,0559,2,2000,2000-12-05,1.512499988079071,1202.68,11.199999809265137,272.0,88.0,74,18080,30,205.8,False,True,True,640.2,412.0
24,0559,2,2002,2002-10-08,1.5365000128746034,1170.0,12.5,125.0,103.0,71,19517,32,205.8,False,True,True,640.2,672.0
24,0559,2,2003,2003-11-14,1.5419999957084656,1749.75,10.5,303.0,86.0,83,20299,33,205.8,False,True,True,640.2,402.0
24,0559,2,2004,2004-06-30,1.5720999956130983,1194.66,11.5,320.0,79.0,79,21121,34,205.8,False,True,True,640.2,229.0
24,0559,2,2005,2005-07-09,1.66360000371933,1244.69,12.0,233.0,91.0,75,21933,35,205.8,False,True,True,640.2,374.0
24,0559,2,2006,2006-06-15,1.5996000051498414,1261.11,12.600000381469728,57.0,97.0,75,22907,36,205.8,False,True,True,640.2,341.0
24,0559,2,2009,2009-04-08,1.8373999834060668,1472.02,11.199999809265137,260.0,83.0,77,25370,39,205.8,False,True,True,640.2,1028.0
24,0560,1,1991,1991-08-08,0.8665000021457672,957.68,12.600000381469728,132.0,107.0,72,12015,21,119.4,False,True,True,515.7,0.0
24,0560,2,1992,1992-06-11,0.7740000009536743,1216.01,10.899999618530272,134.0,107.0,76,12657,22,210.9,False,True,True,607.2,308.0
24,0560,2,1993,1993-06-25,0.830700010061264,1299.95,11.0,247.0,106.0,76,13319,23,210.9,False,True,True,607.2,379.0
24,0560,2,1996,1996-12-10,0.8081000089645386,1805.73,9.899999618530272,337.0,95.0,81,14998,26,210.9,False,True,True,607.2,1264.0
24,0560,2,1997,1997-12-18,0.8341000020503998,1083.58,11.0,166.0,116.0,74,15852,27,210.9,False,True,True,607.2,373.0
24,0560,2,1998,1998-08-19,0.8317000031471252,1102.96,12.800000190734863,72.0,93.0,74,16720,28,210.9,False,True,True,607.2,244.0
24,0560,2,1999,1999-10-20,0.8175999999046326,1162.32,12.100000381469728,159.0,95.0,72,17366,29,210.9,False,True,True,607.2,427.0
24,0560,2,2000,2000-12-05,0.835699999332428,1202.68,11.199999809265137,272.0,88.0,74,18080,30,210.9,False,True,True,607.2,412.0
24,0560,2,2002,2002-10-08,0.7996999859809876,1170.0,12.5,125.0,103.0,71,19517,32,210.9,False,True,True,607.2,672.0
24,0560,2,2003,2003-11-14,0.807700002193451,1749.75,10.5,303.0,86.0,83,20299,33,210.9,False,True,True,607.2,402.0
24,0560,2,2004,2004-06-30,0.8298000037670136,1194.66,11.5,320.0,79.0,79,21121,34,210.9,False,True,True,607.2,229.0
24,0560,2,2005,2005-07-09,0.8280000001192093,1244.69,12.0,233.0,91.0,75,21933,35,210.9,False,True,True,607.2,374.0
24,0560,2,2006,2006-06-15,0.8241999983787536,1261.11,12.600000381469728,57.0,97.0,75,22907,36,210.9,False,True,True,607.2,341.0
24,0561,1,1991,1991-08-08,1.1200000047683716,957.68,12.600000381469728,132.0,107.0,72,12015,21,116.8,False,True,True,520.6999999999999,0.0
24,0561,2,1992,1992-06-11,0.8117000043392182,1216.01,10.899999618530272,134.0,107.0,76,12657,22,187.9,False,True,True,591.8,308.0
24,0561,2,1996,1996-12-10,0.7796999931335449,1805.73,9.899999618530272,337.0,95.0,81,14998,26,187.9,False,True,True,591.8,1643.0
24,0561,2,1997,1997-12-18,0.788699996471405,1083.58,11.0,166.0,116.0,74,15852,27,187.9,False,True,True,591.8,373.0
24,0561,2,1998,1998-08-19,0.807200014591217,1102.96,12.800000190734863,72.0,93.0,74,16720,28,187.9,False,True,True,591.8,244.0
24,0561,2,1999,1999-10-20,0.792799997329712,1162.32,12.100000381469728,159.0,95.0,72,17366,29,187.9,False,True,True,591.8,427.0
24,0561,2,2000,2000-12-05,0.8203000009059906,1202.68,11.199999809265137,272.0,88.0,74,18080,30,187.9,False,True,True,591.8,412.0
24,0561,2,2002,2002-10-08,0.7964000046253203,1170.0,12.5,125.0,103.0,71,19517,32,187.9,False,True,True,591.8,672.0
24,0561,2,2003,2003-11-14,0.83539999127388,1749.75,10.5,303.0,86.0,83,20299,33,187.9,False,True,True,591.8,402.0
24,0561,2,2004,2004-06-30,0.851800000667572,1194.66,11.5,320.0,79.0,79,21121,34,187.9,False,True,True,591.8,229.0
24,0561,2,2005,2005-07-09,0.8625499993562697,1244.69,12.0,233.0,91.0,75,21933,35,187.9,False,True,True,591.8,374.0
24,0561,2,2006,2006-06-15,0.8759000062942505,1261.11,12.600000381469728,57.0,97.0,75,22907,36,187.9,False,True,True,591.8,341.0
24,0561,2,2009,2009-04-08,0.8888999998569489,1472.02,11.199999809265137,260.0,83.0,77,25370,39,187.9,False,True,True,591.8,1028.0
24,0562,2,1992,1992-06-12,0.8550999939441681,1216.01,10.899999618530272,134.0,107.0,76,12657,22,188.1,False,True,True,607.1999999999999,0.0
24,0562,2,1993,1993-06-25,0.9203000009059906,1299.95,11.0,247.0,106.0,76,13319,23,188.1,False,True,True,607.1999999999999,378.0
24,0562,2,1996,1996-12-12,0.8852999925613403,1805.73,9.899999618530272,337.0,95.0,81,14998,26,188.1,False,True,True,607.1999999999999,1266.0
24,0562,2,1997,1997-12-18,0.879100000858307,1083.58,11.0,166.0,116.0,74,15852,27,188.1,False,True,True,607.1999999999999,371.0
24,0562,2,1998,1998-08-19,0.8727000057697296,1102.96,12.800000190734863,72.0,93.0,74,16720,28,188.1,False,True,True,607.1999999999999,244.0
24,0562,2,1999,1999-10-20,0.8801999986171722,1162.32,12.100000381469728,159.0,95.0,72,17366,29,188.1,False,True,True,607.1999999999999,427.0
24,0562,2,2000,2000-12-05,0.8765000104904175,1202.68,11.199999809265137,272.0,88.0,74,18080,30,188.1,False,True,True,607.1999999999999,412.0
24,0562,2,2002,2002-10-08,0.8632999956607819,1170.0,12.5,125.0,103.0,71,19517,32,188.1,False,True,True,607.1999999999999,672.0
24,0562,2,2003,2003-11-14,0.8868000030517578,1749.75,10.5,303.0,86.0,83,20299,33,188.1,False,True,True,607.1999999999999,402.0
24,0562,2,2004,2004-06-30,0.9143999993801116,1194.66,11.5,320.0,79.0,79,21121,34,188.1,False,True,True,607.1999999999999,229.0
24,0562,2,2005,2005-07-09,0.90969999730587,1244.69,12.0,233.0,91.0,75,21933,35,188.1,False,True,True,607.1999999999999,374.0
24,0562,2,2006,2006-06-15,0.9493000030517578,1261.11,12.600000381469728,57.0,97.0,75,22907,36,188.1,False,True,True,607.1999999999999,341.0
24,0562,2,2009,2009-04-08,1.0316000044345857,1472.02,11.199999809265137,260.0,83.0,77,25370,39,188.1,False,True,True,607.1999999999999,1028.0
24,0563,2,1992,1992-06-11,0.8378999948501586,1216.01,10.899999618530272,134.0,107.0,76,12657,22,185.4,False,True,True,576.6,0.0
24,0563,2,1993,1993-06-25,0.8883000135421752,1299.95,11.0,247.0,106.0,76,13319,23,185.4,False,True,True,576.6,379.0
24,0563,2,1994,1994-06-25,0.8645000040531159,1250.36,10.600000381469728,385.0,90.0,78,13803,24,185.4,False,True,True,576.6,365.0
24,0563,2,1996,1996-12-10,0.83299999833107,1805.73,9.899999618530272,337.0,95.0,81,14998,26,185.4,False,True,True,576.6,899.0
24,0563,2,1997,1997-12-18,0.8618000090122223,1083.58,11.0,166.0,116.0,74,15852,27,185.4,False,True,True,576.6,373.0
24,0563,2,1998,1998-08-19,0.8693000018596648,1102.96,12.800000190734863,72.0,93.0,74,16720,28,185.4,False,True,True,576.6,244.0
24,0563,2,1999,1999-10-20,0.8721000015735627,1162.32,12.100000381469728,159.0,95.0,72,17366,29,185.4,False,True,True,576.6,427.0
24,0563,2,2000,2000-12-05,0.8734000027179718,1202.68,11.199999809265137,272.0,88.0,74,18080,30,185.4,False,True,True,576.6,412.0
24,0563,2,2002,2002-10-08,0.8659000039100647,1170.0,12.5,125.0,103.0,71,19517,32,185.4,False,True,True,576.6,672.0
24,0563,2,2003,2003-11-14,0.8881000041961671,1749.75,10.5,303.0,86.0,83,20299,33,185.4,False,True,True,576.6,402.0
24,0563,2,2004,2004-06-30,0.926800000667572,1194.66,11.5,320.0,79.0,79,21121,34,185.4,False,True,True,576.6,229.0
24,0563,2,2005,2005-07-09,0.9281999975442886,1244.69,12.0,233.0,91.0,75,21933,35,185.4,False,True,True,576.6,374.0
24,0563,2,2006,2006-06-15,0.947699987888336,1261.11,12.600000381469728,57.0,97.0,75,22907,36,185.4,False,True,True,576.6,341.0
24,0563,2,2009,2009-04-08,0.9859000086784364,1472.02,11.199999809265137,260.0,83.0,77,25370,39,185.4,False,True,True,576.6,1028.0
24,1632,1,1990,1990-11-12,0.7776000022888183,1117.66,14.399999618530272,15.0,47.0,77,843,4,170.1,False,True,False,594.2,0.0
24,1632,1,1991,1991-04-08,0.8623000025749207,1210.68,14.5,24.0,58.0,74,962,5,170.1,False,True,False,594.2,147.0
24,1632,1,1992,1992-06-30,0.8610999941825866,1072.85,12.699999809265137,31.0,68.0,78,1085,6,170.1,False,True,False,594.2,449.0
24,1632,1,1993,1993-06-23,0.8591999948024749,1262.89,13.300000190734863,73.0,62.0,75,1271,7,170.1,False,True,False,594.2,358.0
24,1632,1,1994,1994-06-18,0.9056999981403352,1239.14,13.199999809265137,128.0,60.0,77,1481,8,170.1,False,True,False,594.2,360.0
24,1632,1,1995,1995-12-04,0.9162999987602234,1242.28,13.100000381469728,99.0,65.0,74,1690,9,170.1,False,True,False,594.2,534.0
24,1632,1,1997,1997-06-09,1.014000004529953,1241.93,13.100000381469728,62.0,62.0,75,2149,11,170.1,False,True,False,594.2,553.0
24,1632,2,1997,1997-12-15,0.9848000049591064,1241.93,13.100000381469728,62.0,62.0,75,2149,11,200.6,False,True,False,624.7,189.0
24,1632,2,1998,1998-08-13,1.029399996995926,1228.47,14.699999809265137,19.0,39.0,74,2402,12,200.6,False,True,False,624.7,241.0
24,1632,2,1999,1999-10-14,1.0358000159263612,1219.0,14.100000381469728,38.0,50.0,74,2750,13,200.6,False,True,False,624.7,427.0
24,1632,2,2002,2002-05-22,0.973149999976158,1251.11,14.699999809265137,17.0,60.0,72,3809,16,200.6,False,True,False,624.7,951.0
24,1632,2,2004,2004-08-11,1.0400999903678894,1136.11,13.600000381469728,124.0,56.0,79,4430,18,200.6,False,True,False,624.7,812.0
24,1634,1,1990,1990-07-31,0.9645500034093856,1128.75,14.300000190734863,7.0,9.0,80,2829,15,88.9,False,True,False,541.0,0.0
24,1634,1,1991,1991-06-19,1.0200000166893006,1079.38,14.399999618530272,11.0,16.0,79,3089,16,88.9,False,True,False,541.0,323.0
24,1634,1,1992,1992-06-24,1.0140999972820282,1227.52,12.800000190734863,11.0,29.0,80,3348,17,88.9,False,True,False,541.0,371.0
24,1634,1,1993,1993-06-15,0.9334000051021576,1241.76,13.300000190734863,32.0,24.0,79,3625,18,88.9,False,True,False,541.0,356.0
24,1634,1,1994,1994-06-18,0.9398999869823456,1179.19,13.300000190734863,66.0,25.0,80,3912,19,88.9,False,True,False,541.0,368.0
24,1634,1,1995,1995-10-06,0.918699997663498,1115.29,13.5,36.0,26.0,77,4202,20,88.9,False,True,False,541.0,475.0
24,1634,1,1996,1996-06-15,0.9010333359241486,1599.72,12.600000381469728,60.0,31.0,81,4519,21,88.9,False,True,False,541.0,253.0
24,1634,1,1997,1997-08-04,0.9288000017404556,1242.33,13.300000190734863,25.0,17.0,78,4838,22,88.9,False,True,False,541.0,415.0
24,1634,1,1998,1998-02-09,0.9193888902664183,1211.27,14.5,3.0,10.0,79,5160,23,88.9,False,True,False,541.0,189.0
24,1634,2,1998,1998-07-27,0.7257999956607819,1211.27,14.5,3.0,10.0,79,5160,23,170.20000000000002,False,True,False,622.3,168.0
24,1634,2,2001,2001-02-20,0.705100005865097,894.98,14.0,3.0,25.0,78,5840,26,170.20000000000002,False,True,False,622.3,939.0
24,1634,2,2002,2002-09-24,0.7101000010967254,1173.67,14.699999809265137,1.0,14.0,77,6122,27,170.20000000000002,False,True,False,622.3,581.0
24,1634,2,2004,2004-08-12,0.7382000029087066,1223.23,13.699999809265137,60.0,23.0,81,6698,29,170.20000000000002,False,True,False,622.3,688.0
24,1634,2,2007,2007-06-07,0.7835000038146973,1094.3,14.100000381469728,40.0,24.0,79,7594,32,170.20000000000002,False,True,False,622.3,1029.0
24,1634,2,2009,2009-04-23,0.768699997663498,1537.22,13.600000381469728,31.0,33.0,81,8212,34,170.20000000000002,False,True,False,622.3,686.0
24,1634,2,2011,2011-03-14,0.7796000182628632,1005.51,14.600000381469728,18.0,22.0,79,8847,36,170.20000000000002,False,True,False,622.3,690.0
24,1634,2,2012,2012-05-15,0.7826000034809113,1307.03,15.300000190734863,2.0,8.0,78,9171,37,170.20000000000002,False,True,False,622.3,428.0
24,1634,2,2014,2014-12-06,0.7798000037670135,1298.35,13.100000381469728,62.0,35.0,80,9831,39,170.20000000000002,False,True,False,622.3,935.0
24,1634,2,2016,2016-03-30,0.8198000073432923,1268.34,14.399999618530272,30.0,18.0,80,10509,41,170.20000000000002,False,True,False,622.3,480.0
24,2401,1,1989,1989-12-04,0.8189999997615813,1536.83,11.0,255.0,92.0,80,861,3,195.6,False,True,True,563.9,0.0
24,2401,1,1991,1991-08-10,0.8673000097274781,1049.57,13.0,84.0,88.0,74,1460,5,195.6,False,True,True,563.9,614.0
24,2401,1,1992,1992-07-01,0.8604000031948089,1171.04,11.300000190734863,100.0,100.0,77,1815,6,195.6,False,True,True,563.9,326.0
24,2401,1,1993,1993-06-23,0.9018999934196472,1239.6,11.600000381469728,175.0,96.0,77,2171,7,195.6,False,True,True,563.9,357.0
24,2401,1,1994,1994-06-17,0.9665999948978424,1260.47,11.199999809265137,318.0,81.0,79,2566,8,195.6,False,True,True,563.9,359.0
24,2401,1,1995,1995-12-05,0.8869000017642974,1246.33,11.800000190734863,217.0,86.0,74,2985,9,195.6,False,True,True,563.9,536.0
24,2401,1,1997,1997-12-21,0.8945999920368195,1198.35,11.699999809265137,115.0,92.0,74,3885,11,195.6,False,True,True,563.9,747.0
24,2401,1,1998,1998-07-30,0.9591999888420104,1068.49,13.399999618530272,42.0,66.0,75,4351,12,195.6,False,True,True,563.9,221.0
24,2401,1,1999,1999-10-14,0.9555999994277954,1265.69,12.699999809265137,107.0,83.0,73,4885,13,195.6,False,True,True,563.9,441.0
24,2401,2,2002,2002-09-06,0.9622500002384188,1220.32,13.300000190734863,76.0,90.0,72,6154,16,195.6,False,True,True,563.9000000000001,1058.0
24,2401,2,2004,2004-07-01,1.0408000111579896,1233.55,12.100000381469728,236.0,69.0,80,7201,18,195.6,False,True,True,563.9000000000001,664.0
24,2401,2,2008,2008-02-27,1.1455000042915344,1387.31,12.399999618530272,102.0,92.0,76,9541,22,195.6,False,True,True,563.9000000000001,1336.0
24,2401,2,2010,2010-11-02,1.3566999793052674,1204.58,12.600000381469728,214.0,73.0,76,10847,24,195.6,False,True,True,563.9000000000001,979.0
24,2401,2,2011,2011-08-09,1.1678000092506409,1572.08,12.899999618530272,142.0,78.0,80,11537,25,195.6,False,True,True,563.9000000000001,280.0
24,2401,2,2012,2012-05-03,1.3876000046730042,1188.58,13.800000190734863,38.0,76.0,76,12253,26,195.6,False,True,True,563.9000000000001,268.0
24,2401,2,2014,2014-12-11,1.7651999950408936,1515.81,11.199999809265137,294.0,87.0,78,13767,28,195.6,False,True,True,563.9000000000001,952.0
24,2401,2,2015,2015-09-13,1.6675000071525572,1239.76,12.5,277.0,61.0,77,14567,29,195.6,False,True,True,563.9000000000001,276.0
24,2805,1,1989,1989-12-06,1.2623999953269958,1600.83,10.600000381469728,306.0,106.0,78,9705,4,248.9,False,True,False,518.2,0.0
24,2805,1,1990,1990-11-04,1.3174000024795531,1409.12,12.399999618530272,56.0,111.0,76,11152,5,248.9,False,True,False,518.2,333.0
24,2805,1,1991,1991-08-10,1.4669999957084656,957.68,12.600000381469728,132.0,107.0,72,12615,6,248.9,False,True,False,518.2,279.0
24,2805,1,1992,1992-01-23,1.5753000140190123,1216.01,10.899999618530272,134.0,107.0,76,14068,7,248.9,False,True,False,518.2,166.0
24,2805,3,1992,1992-12-16,0.990099996328354,1216.01,10.899999618530272,134.0,107.0,76,14068,7,294.6,False,True,False,563.9,328.0
24,2805,3,1993,1993-06-26,0.9888999938964844,1299.95,11.0,247.0,106.0,76,15264,8,294.6,False,True,False,563.9,192.0
24,2805,3,1994,1994-06-26,0.9990000069141388,1250.36,10.600000381469728,385.0,90.0,78,16658,9,294.6,False,True,False,563.9,365.0
24,2805,3,1995,1995-12-07,0.9870999932289124,1233.79,11.199999809265137,297.0,98.0,74,18098,10,294.6,False,True,False,563.9,529.0
24,2805,3,1996,1996-12-10,0.9656999945640564,1805.73,9.899999618530272,337.0,95.0,81,19465,11,294.6,False,True,False,563.9,369.0
24,2805,3,1997,1997-12-19,0.995800006389618,1083.58,11.0,166.0,116.0,74,20858,12,294.6,False,True,False,563.9,374.0
24,2805,3,1998,1998-08-18,1.0544000029563905,1102.96,12.800000190734863,72.0,93.0,74,22276,13,294.6,False,True,False,563.9,242.0
24,2805,3,1999,1999-10-21,0.9853999972343446,1162.32,12.100000381469728,159.0,95.0,72,23943,14,294.6,False,True,False,563.9,429.0
24,2805,3,2002,2002-07-28,0.9753000050783158,1170.0,12.5,125.0,103.0,71,28239,17,294.6,False,True,False,563.9,1011.0
24,2805,3,2004,2004-06-29,0.9564000010490418,1194.66,11.5,320.0,79.0,79,30610,19,294.6,False,True,False,563.9,702.0
24,2805,3,2007,2007-06-05,0.9639999985694884,1023.97,12.199999809265137,257.0,89.0,73,33895,22,294.6,False,True,False,563.9,1071.0
24,2805,3,2009,2009-06-24,0.959200006723404,1472.02,11.199999809265137,260.0,83.0,77,35917,24,294.6,False,True,False,563.9,750.0
24,2805,3,2010,2010-06-10,0.991699993610382,1123.16,12.100000381469728,298.0,76.0,74,36881,25,294.6,False,True,False,563.9,351.0
24,2805,3,2011,2011-08-08,1.020399993658066,1640.5,12.300000190734863,168.0,92.0,79,37815,26,294.6,False,True,False,563.9,424.0
24,2805,3,2012,2012-05-03,0.9813000023365022,1105.08,13.100000381469728,66.0,100.0,76,38719,27,294.6,False,True,False,563.9,269.0
24,2805,3,2014,2014-12-11,1.0035000026226044,1401.12,10.399999618530272,370.0,97.0,77,40443,29,294.6,False,True,False,563.9,952.0
24,2805,3,2015,2015-09-11,0.9889999985694886,1265.67,12.0,327.0,76.0,75,41265,30,294.6,False,True,False,563.9,274.0
24,A310,1,1990,1990-03-26,1.122400003671646,1128.75,14.300000190734863,7.0,9.0,80,2829,15,91.4,False,True,False,543.5,0.0
24,A310,2,1990,1990-12-05,0.7199999988079071,1128.75,14.300000190734863,7.0,9.0,80,2829,15,129.5,False,True,False,581.6,254.0
24,A310,2,1991,1991-06-19,0.7188000023365021,1079.38,14.399999618530272,11.0,16.0,79,3089,16,129.5,False,True,False,581.6,196.0
24,A310,2,1992,1992-06-25,0.6949000000953675,1227.52,12.800000190734863,11.0,29.0,80,3348,17,129.5,False,True,False,581.6,372.0
24,A310,2,1993,1993-06-15,0.6745999991893769,1241.76,13.300000190734863,32.0,24.0,79,3625,18,129.5,False,True,False,581.6,355.0
24,A310,2,1995,1995-10-06,0.6911999940872192,1115.29,13.5,36.0,26.0,77,4202,20,129.5,False,True,False,581.6,843.0
24,A310,2,1997,1997-08-04,0.7180499970912934,1242.33,13.300000190734863,25.0,17.0,78,4838,22,129.5,False,True,False,581.6,668.0
24,A310,2,1998,1998-02-25,0.6964999973773955,1211.27,14.5,3.0,10.0,79,5160,23,129.5,False,True,False,581.6,205.0
24,A311,1,1990,1990-03-26,1.1919000029563904,1128.75,14.300000190734863,7.0,9.0,80,2829,15,91.4,False,True,False,543.5,0.0
24,A311,2,1990,1990-12-05,0.9081999897956848,1128.75,14.300000190734863,7.0,9.0,80,2829,15,129.5,False,True,False,581.6,254.0
24,A311,2,1991,1991-06-19,0.8687000036239625,1079.38,14.399999618530272,11.0,16.0,79,3089,16,129.5,False,True,False,581.6,196.0
24,A311,2,1992,1992-06-25,0.8755000114440918,1227.52,12.800000190734863,11.0,29.0,80,3348,17,129.5,False,True,False,581.6,372.0
24,A311,2,1993,1993-06-15,0.8613999962806702,1241.76,13.300000190734863,32.0,24.0,79,3625,18,129.5,False,True,False,581.6,355.0
24,A311,2,1995,1995-10-06,0.8804000020027161,1115.29,13.5,36.0,26.0,77,4202,20,129.5,False,True,False,581.6,843.0
24,A311,2,1997,1997-08-04,0.8652499943971634,1242.33,13.300000190734863,25.0,17.0,78,4838,22,129.5,False,True,False,581.6,668.0
24,A311,2,1998,1998-02-25,0.8583999991416931,1211.27,14.5,3.0,10.0,79,5160,23,129.5,False,True,False,581.6,205.0
24,A320,1,1990,1990-03-26,1.0885999917984008,1128.75,14.300000190734863,7.0,9.0,80,2829,15,81.3,False,True,False,533.4,0.0
24,A320,2,1990,1990-12-05,0.9727999925613404,1128.75,14.300000190734863,7.0,9.0,80,2829,15,94.0,False,True,False,546.1,254.0
24,A320,2,1991,1991-06-19,0.9874000012874604,1079.38,14.399999618530272,11.0,16.0,79,3089,16,94.0,False,True,False,546.1,196.0
24,A320,2,1992,1992-06-25,0.9893999874591828,1227.52,12.800000190734863,11.0,29.0,80,3348,17,94.0,False,True,False,546.1,372.0
24,A320,2,1993,1993-06-15,0.977400004863739,1241.76,13.300000190734863,32.0,24.0,79,3625,18,94.0,False,True,False,546.1,355.0
24,A320,2,1994,1994-06-18,0.9983999967575072,1179.19,13.300000190734863,66.0,25.0,80,3912,19,94.0,False,True,False,546.1,368.0
24,A320,2,1995,1995-10-06,1.0082000076770783,1115.29,13.5,36.0,26.0,77,4202,20,94.0,False,True,False,546.1,475.0
24,A320,2,1997,1997-08-04,0.9855500161647796,1242.33,13.300000190734863,25.0,17.0,78,4838,22,94.0,False,True,False,546.1,668.0
24,A320,2,1998,1998-02-25,1.01360000371933,1211.27,14.5,3.0,10.0,79,5160,23,94.0,False,True,False,546.1,205.0
24,A330,1,1990,1990-03-26,1.1710000157356262,1128.75,14.300000190734863,7.0,9.0,80,2829,15,91.4,False,True,False,543.5,0.0
24,A330,2,1990,1990-12-05,1.1730000019073483,1128.75,14.300000190734863,7.0,9.0,80,2829,15,91.4,False,True,False,543.5,254.0
24,A330,2,1991,1991-06-19,1.223200011253357,1079.38,14.399999618530272,11.0,16.0,79,3089,16,91.4,False,True,False,543.5,196.0
24,A330,2,1992,1992-06-25,1.1920999884605408,1227.52,12.800000190734863,11.0,29.0,80,3348,17,91.4,False,True,False,543.5,372.0
24,A330,2,1993,1993-06-15,1.2100000023841857,1241.76,13.300000190734863,32.0,24.0,79,3625,18,91.4,False,True,False,543.5,355.0
24,A330,2,1995,1995-10-06,1.194099986553192,1115.29,13.5,36.0,26.0,77,4202,20,91.4,False,True,False,543.5,843.0
24,A330,2,1997,1997-08-04,1.1953499972820285,1242.33,13.300000190734863,25.0,17.0,78,4838,22,91.4,False,True,False,543.5,668.0
24,A330,2,1998,1998-02-25,1.2156000137329102,1211.27,14.5,3.0,10.0,79,5160,23,91.4,False,True,False,543.5,205.0
24,A331,2,1990,1990-12-05,1.0642999887466429,1128.75,14.300000190734863,7.0,9.0,80,2829,15,91.4,False,True,False,543.5,0.0
24,A331,2,1991,1991-06-19,1.086400020122528,1079.38,14.399999618530272,11.0,16.0,79,3089,16,91.4,False,True,False,543.5,196.0
24,A331,2,1992,1992-06-25,1.0700000047683715,1227.52,12.800000190734863,11.0,29.0,80,3348,17,91.4,False,True,False,543.5,372.0
24,A331,2,1993,1993-06-15,1.0700999975204468,1241.76,13.300000190734863,32.0,24.0,79,3625,18,91.4,False,True,False,543.5,355.0
24,A331,2,1994,1994-06-18,1.102899980545044,1179.19,13.300000190734863,66.0,25.0,80,3912,19,91.4,False,True,False,543.5,368.0
24,A331,2,1995,1995-10-06,1.1062000036239623,1115.29,13.5,36.0,26.0,77,4202,20,91.4,False,True,False,543.5,475.0
24,A331,2,1997,1997-08-04,1.1834999978542329,1242.33,13.300000190734863,25.0,17.0,78,4838,22,91.4,False,True,False,543.5,668.0
24,A331,2,1998,1998-02-25,1.2156999826431274,1211.27,14.5,3.0,10.0,79,5160,23,91.4,False,True,False,543.5,205.0
24,A340,1,1990,1990-08-14,1.0923333366711934,1128.75,14.300000190734863,7.0,9.0,80,2829,15,91.4,False,True,False,543.5,0.0
24,A340,1,1991,1991-06-19,1.1137999892234802,1079.38,14.399999618530272,11.0,16.0,79,3089,16,91.4,False,True,False,543.5,309.0
24,A340,1,1992,1992-06-25,1.0925999999046323,1227.52,12.800000190734863,11.0,29.0,80,3348,17,91.4,False,True,False,543.5,372.0
24,A340,1,1993,1993-06-15,1.0981000065803528,1241.76,13.300000190734863,32.0,24.0,79,3625,18,91.4,False,True,False,543.5,355.0
24,A340,1,1994,1994-06-18,1.1103000044822693,1179.19,13.300000190734863,66.0,25.0,80,3912,19,91.4,False,True,False,543.5,368.0
24,A340,1,1995,1995-10-06,1.1051000118255616,1115.29,13.5,36.0,26.0,77,4202,20,91.4,False,True,False,543.5,475.0
24,A340,1,1997,1997-08-04,1.0832500040531157,1242.33,13.300000190734863,25.0,17.0,78,4838,22,91.4,False,True,False,543.5,668.0
24,A340,1,1998,1998-02-25,1.09579998254776,1211.27,14.5,3.0,10.0,79,5160,23,91.4,False,True,False,543.5,205.0
24,A350,1,1990,1990-03-26,1.4171000003814695,1128.75,14.300000190734863,7.0,9.0,80,2829,15,94.0,False,True,False,548.7,0.0
24,A350,2,1990,1990-12-05,1.3741999983787536,1128.75,14.300000190734863,7.0,9.0,80,2829,15,106.7,False,True,False,561.4,254.0
24,A350,2,1991,1991-06-19,1.445200002193451,1079.38,14.399999618530272,11.0,16.0,79,3089,16,106.7,False,True,False,561.4,196.0
24,A350,2,1992,1992-06-25,1.2882000088691712,1227.52,12.800000190734863,11.0,29.0,80,3348,17,106.7,False,True,False,561.4,372.0
24,A350,2,1993,1993-06-15,1.2708999872207642,1241.76,13.300000190734863,32.0,24.0,79,3625,18,106.7,False,True,False,561.4,355.0
24,A350,2,1994,1994-06-18,1.2693000078201293,1179.19,13.300000190734863,66.0,25.0,80,3912,19,106.7,False,True,False,561.4,368.0
24,A350,2,1995,1995-10-06,1.3392999887466432,1115.29,13.5,36.0,26.0,77,4202,20,106.7,False,True,False,561.4,475.0
24,A350,2,1997,1997-08-04,1.260099995136261,1242.33,13.300000190734863,25.0,17.0,78,4838,22,106.7,False,True,False,561.4,668.0
24,A350,2,1998,1998-02-25,1.2620000123977662,1211.27,14.5,3.0,10.0,79,5160,23,106.7,False,True,False,561.4,205.0
25,1002,2,1989,1989-10-24,1.1644999980926514,1404.42,7.800000190734863,597.0,97.0,80,3516,8,198.2,False,False,False,513.2,0.0
25,1002,2,1990,1990-09-28,1.1965000152587892,1395.37,9.5,241.0,111.0,81,3746,9,198.2,False,False,False,513.2,339.0
25,1002,2,1991,1991-07-28,1.1883999943733214,1339.57,9.600000381469728,335.0,106.0,78,3976,10,198.2,False,False,False,513.2,303.0
25,1002,2,1992,1992-09-02,1.1320000052452088,1249.83,8.0,372.0,121.0,79,4308,11,198.2,False,False,False,513.2,402.0
25,1002,4,1993,1993-09-24,1.185699999332428,1230.47,8.600000381469727,515.0,101.0,78,4597,12,198.2,False,False,False,513.2,387.0
25,1002,4,1994,1994-06-06,1.3529749989509583,1262.68,8.399999618530273,637.0,84.0,79,4856,13,198.2,False,False,False,513.2,255.0
25,1002,5,1995,1995-03-17,1.5555333375930784,1175.88,9.0,447.0,93.0,76,5200,14,198.2,False,False,False,513.2,284.0
25,1002,6,1996,1996-11-14,2.1986000180244445,1636.36,8.100000381469727,525.0,99.0,81,5511,15,198.2,False,False,False,513.2,608.0
25,1002,6,1997,1997-02-20,2.5430333375930787,1133.86,8.5,337.0,119.0,77,5831,16,198.2,False,False,False,513.2,98.0
25,1002,7,1997,1997-06-05,3.3872000098228456,1133.86,8.5,337.0,119.0,77,5831,16,198.2,False,False,False,513.2,105.0
25,1002,8,1997,1997-09-25,2.47775000333786,1133.86,8.5,337.0,119.0,77,5831,16,198.2,False,False,False,513.2,112.0
25,1002,8,1998,1998-06-24,2.946699953079224,1226.38,10.300000190734863,204.0,97.0,79,6209,17,198.2,False,False,False,513.2,272.0
25,1002,8,1999,1999-07-07,1.450600004196167,1117.93,10.300000190734863,268.0,108.0,74,6524,18,198.2,False,False,False,513.2,378.0
25,1002,9,2000,2000-06-10,2.790599989891052,1232.81,8.699999809265137,454.0,86.0,78,6851,19,198.2,False,False,False,513.2,339.0
25,1002,9,2001,2001-06-20,2.7504500210285188,1008.4,10.100000381469728,298.0,108.0,74,7191,20,198.2,False,False,False,513.2,375.0
25,1002,9,2002,2002-02-23,3.014200055599213,1367.71,10.5,183.0,128.0,73,7545,21,198.2,False,False,False,513.2,248.0
25,1002,10,2002,2002-07-25,2.847499966621399,1367.71,10.5,183.0,128.0,73,7545,21,198.2,False,False,False,513.2,152.0
25,1002,10,2003,2003-07-10,3.0236000299453734,1621.59,8.5,596.0,86.0,81,7913,22,198.2,False,False,False,513.2,350.0
25,1002,10,2004,2004-04-18,2.9425000071525576,1406.94,8.899999618530273,524.0,94.0,79,8296,23,198.2,False,False,False,513.2,283.0
25,1003,2,1989,1989-10-24,1.9347000241279604,1304.68,8.600000381469727,466.0,95.0,80,1739,16,167.7,False,False,False,490.3,0.0
25,1003,2,1990,1990-09-26,1.992200005054474,1244.66,10.100000381469728,165.0,104.0,80,1806,17,167.7,False,False,False,490.3,337.0
25,1003,2,1991,1991-07-27,1.1936999917030335,1278.32,10.300000190734863,243.0,99.0,78,1880,18,167.7,False,False,False,490.3,304.0
25,1003,2,1992,1992-08-31,1.29579998254776,1216.17,8.699999809265137,293.0,108.0,78,1975,19,167.7,False,False,False,490.3,401.0
25,1003,2,1993,1993-09-22,1.3478999853134157,1154.16,9.300000190734863,376.0,92.0,78,2066,20,167.7,False,False,False,490.3,387.0
25,1003,2,1994,1994-09-09,1.3943999886512757,1240.0,9.399999618530272,459.0,79.0,78,2174,21,167.7,False,False,False,490.3,352.0
25,1003,2,1997,1997-06-04,1.3231000065803529,1119.81,9.399999618530272,217.0,119.0,77,2659,24,167.7,False,False,False,490.3,999.0
25,1003,2,1998,1998-06-10,1.3842999935150146,1353.72,10.699999809265137,131.0,88.0,80,2751,25,167.7,False,False,False,490.3,371.0
25,1004,1,1989,1989-10-26,1.073800015449524,1360.69,9.800000190734863,167.0,57.0,81,8225,16,243.9,False,False,False,838.3,0.0
25,1004,1,1991,1991-07-26,1.0449000000953674,1399.11,11.0,63.0,46.0,80,9885,18,243.9,False,False,False,838.3,638.0
25,1004,1,1992,1992-09-01,1.087000000476837,1271.15,9.600000381469728,117.0,52.0,80,10710,19,243.9,False,False,False,838.3,403.0
25,1004,1,1993,1993-09-23,1.0152999877929687,1225.09,10.199999809265137,126.0,56.0,80,11592,20,243.9,False,False,False,838.3,387.0
25,1004,1,1997,1997-06-04,1.017000013589859,1354.12,10.300000190734863,55.0,53.0,79,14895,24,243.9,False,False,False,838.3,1350.0
25,1004,1,1998,1998-06-10,1.0375000059604649,1530.95,11.100000381469728,35.0,27.0,81,15695,25,243.9,False,False,False,838.3,371.0
25,1004,1,1999,1999-07-07,1.0556000173091888,1208.57,11.399999618530272,56.0,44.0,79,16794,26,243.9,False,False,False,838.3,392.0
25,1004,1,2000,2000-08-06,1.0279500037431717,1332.04,10.300000190734863,129.0,49.0,80,17915,27,243.9,False,False,False,838.3,396.0
25,1004,1,2001,2001-04-25,1.0340999841690064,1184.45,11.199999809265137,46.0,42.0,79,19059,28,243.9,False,False,False,838.3,262.0
25,1004,2,2001,2001-08-14,0.9199000000953674,1184.45,11.199999809265137,46.0,42.0,79,19059,28,254.0,False,False,False,848.4,111.0
25,1004,3,2002,2002-11-12,0.8130999982357026,1579.35,11.300000190734863,13.0,43.0,79,20225,29,281.9,False,False,False,876.3,455.0
25,1004,3,2004,2004-08-02,0.8267999947071076,1474.58,10.0,174.0,46.0,82,22580,31,281.9,False,False,False,876.3,629.0
25,1004,3,2009,2009-06-30,0.9330000042915344,1535.02,10.399999618530272,126.0,50.0,81,29006,36,281.9,False,False,False,876.3,1793.0
25,1004,3,2011,2011-04-15,0.9674999952316284,1574.61,11.5,79.0,52.0,81,31793,38,281.9,False,False,False,876.3,654.0
25,1004,3,2013,2013-10-01,1.1998000025749205,1631.86,11.0,83.0,47.0,80,34704,40,281.9,False,False,False,876.3,900.0
26,0115,1,1996,1996-12-30,0.7160000085830689,898.69,7.300000190734863,629.0,113.0,76,1967,3,165.10000000000002,False,True,False,396.2,0.0
26,0115,1,1997,1997-05-17,0.7267777721087137,984.27,7.5,455.0,122.0,78,2528,4,165.10000000000002,False,True,False,396.2,138.0
26,0115,1,1998,1998-10-27,0.8069999873638154,894.82,10.199999809265137,316.0,96.0,76,3402,5,165.10000000000002,False,True,False,396.2,528.0
26,0115,1,1999,1999-04-08,0.8275999963283539,830.03,9.300000190734863,462.0,108.0,72,4400,6,165.10000000000002,False,True,False,396.2,163.0
26,0115,1,2000,2000-04-19,0.8565000057220459,964.15,8.399999618530273,623.0,67.0,76,5401,7,165.10000000000002,False,True,False,396.2,377.0
26,0115,1,2002,2002-05-29,0.9577000081539154,860.4,9.0,327.0,127.0,75,7450,9,165.10000000000002,False,True,False,396.2,770.0
26,0115,2,2003,2003-04-10,0.7925999999046326,999.83,8.199999809265137,618.0,85.0,73,8418,10,172.7,False,True,False,403.8,316.0
26,0115,3,2005,2005-04-21,0.7966999948024749,976.11,9.300000190734863,557.0,93.0,73,10547,12,172.7,False,True,False,403.8,742.0
26,0115,3,2006,2006-06-02,0.8237000048160553,1380.35,9.699999809265137,247.0,111.0,75,11431,13,172.7,False,True,False,403.8,407.0
26,0115,3,2008,2008-04-22,0.9289000153541564,1222.58,8.100000381469727,573.0,93.0,77,13194,15,172.7,False,True,False,403.8,690.0
26,0115,4,2009,2009-10-14,1.1519000113010407,1132.28,7.699999809265137,591.0,82.0,79,13937,16,172.7,False,True,False,403.8,540.0
26,0115,4,2010,2010-08-10,1.1485999941825866,911.11,9.300000190734863,508.0,73.0,76,14673,17,172.7,False,True,False,403.8,300.0
26,0115,4,2011,2011-08-24,1.2370000064373017,1430.9,8.300000190734863,563.0,91.0,80,15398,18,172.7,False,True,False,403.8,379.0
26,0115,4,2012,2012-04-25,1.2076999962329866,1059.63,10.300000190734863,236.0,118.0,75,16116,19,172.7,False,True,False,403.8,245.0
26,0115,5,2012,2012-09-11,0.4932000041007995,1059.63,10.300000190734863,236.0,118.0,75,16116,19,172.70000000000002,False,True,False,403.8,139.0
26,0115,5,2013,2013-07-23,0.543699997663498,1222.66,7.800000190734863,577.0,98.0,78,16884,20,172.70000000000002,False,True,False,403.8,315.0
26,0115,5,2014,2014-08-01,0.5635999917984009,1066.45,6.5,927.0,75.0,78,17630,21,172.70000000000002,False,True,False,403.8,374.0
26,0116,1,1996,1996-12-30,0.5521999955177308,898.69,7.300000190734863,629.0,113.0,76,1967,3,101.6,False,True,False,414.0,0.0
26,0116,1,1997,1997-05-21,0.5694500029087066,984.27,7.5,455.0,122.0,78,2528,4,101.6,False,True,False,414.0,142.0
26,0116,1,1998,1998-10-27,0.6179000079631806,894.82,10.199999809265137,316.0,96.0,76,3402,5,101.6,False,True,False,414.0,524.0
26,0116,1,1999,1999-04-08,0.6297999978065492,830.03,9.300000190734863,462.0,108.0,72,4400,6,101.6,False,True,False,414.0,163.0
26,0116,1,2000,2000-04-19,0.6561000049114227,964.15,8.399999618530273,623.0,67.0,76,5401,7,101.6,False,True,False,414.0,377.0
26,0116,1,2002,2002-05-29,0.6935000061988831,860.4,9.0,327.0,127.0,75,7450,9,101.6,False,True,False,414.0,770.0
26,0116,2,2003,2003-04-10,0.55730000436306,999.83,8.199999809265137,618.0,85.0,73,8418,10,109.3,False,True,False,421.7,316.0
26,0116,3,2005,2005-04-21,0.5711000025272369,976.11,9.300000190734863,557.0,93.0,73,10547,12,109.3,False,True,False,421.7,742.0
26,0116,3,2006,2006-06-02,0.5766999959945679,1380.35,9.699999809265137,247.0,111.0,75,11431,13,109.3,False,True,False,421.7,407.0
26,0116,3,2008,2008-04-22,0.644300001859665,1222.58,8.100000381469727,573.0,93.0,77,13194,15,109.3,False,True,False,421.7,690.0
26,0116,4,2009,2009-10-14,0.6983000099658966,1132.28,7.699999809265137,591.0,82.0,79,13937,16,109.3,False,True,False,421.7,540.0
26,0116,4,2010,2010-08-10,0.6902999997138977,911.11,9.300000190734863,508.0,73.0,76,14673,17,109.3,False,True,False,421.7,300.0
26,0116,4,2011,2011-08-24,0.7157999932765962,1430.9,8.300000190734863,563.0,91.0,80,15398,18,109.3,False,True,False,421.7,379.0
26,0116,4,2012,2012-04-25,0.7382000029087067,1059.63,10.300000190734863,236.0,118.0,75,16116,19,109.3,False,True,False,421.7,245.0
26,0116,5,2012,2012-09-11,0.3831999957561492,1059.63,10.300000190734863,236.0,118.0,75,16116,19,104.2,False,True,False,416.6,139.0
26,0116,5,2013,2013-07-23,0.414300000667572,1222.66,7.800000190734863,577.0,98.0,78,16884,20,104.2,False,True,False,416.6,315.0
26,0116,5,2014,2014-08-01,0.4194000005722046,1066.45,6.5,927.0,75.0,78,17630,21,104.2,False,True,False,416.6,374.0
26,0116,5,2016,2016-06-07,0.4718999981880188,1233.95,9.600000381469728,433.0,83.0,78,19133,23,104.2,False,True,False,416.6,676.0
26,0117,1,1996,1996-12-30,0.7610000014305114,898.69,7.300000190734863,629.0,113.0,76,1967,3,170.2,False,True,False,401.3,0.0
26,0117,1,1997,1997-05-21,0.7914500027894973,984.27,7.5,455.0,122.0,78,2528,4,170.2,False,True,False,401.3,142.0
26,0117,1,1998,1998-10-27,1.2392999947071075,894.82,10.199999809265137,316.0,96.0,76,3402,5,170.2,False,True,False,401.3,524.0
26,0117,1,1999,1999-04-08,1.1894999861717224,830.03,9.300000190734863,462.0,108.0,72,4400,6,170.2,False,True,False,401.3,163.0
26,0117,1,2000,2000-04-19,1.30760001540184,964.15,8.399999618530273,623.0,67.0,76,5401,7,170.2,False,True,False,401.3,377.0
26,0117,1,2002,2002-05-29,1.522299998998642,860.4,9.0,327.0,127.0,75,7450,9,170.2,False,True,False,401.3,770.0
26,0117,2,2003,2003-04-10,0.8206000030040741,999.83,8.199999809265137,618.0,85.0,73,8418,10,177.9,False,True,False,409.0,316.0
26,0117,3,2005,2005-04-21,0.9109999954700472,976.11,9.300000190734863,557.0,93.0,73,10547,12,177.9,False,True,False,409.0,742.0
26,0117,3,2006,2006-06-02,0.901499992609024,1380.35,9.699999809265137,247.0,111.0,75,11431,13,177.9,False,True,False,409.0,407.0
26,0117,3,2008,2008-04-22,0.9555000007152556,1222.58,8.100000381469727,573.0,93.0,77,13194,15,177.9,False,True,False,409.0,690.0
26,0117,4,2009,2009-10-14,0.996999990940094,1132.28,7.699999809265137,591.0,82.0,79,13937,16,177.9,False,True,False,409.0,540.0
26,0117,4,2010,2010-08-10,1.011199986934662,911.11,9.300000190734863,508.0,73.0,76,14673,17,177.9,False,True,False,409.0,300.0
26,0117,4,2011,2011-08-24,1.0093999981880188,1430.9,8.300000190734863,563.0,91.0,80,15398,18,177.9,False,True,False,409.0,379.0
26,0117,4,2012,2012-04-25,0.9979000091552734,1059.63,10.300000190734863,236.0,118.0,75,16116,19,177.9,False,True,False,409.0,245.0
26,0117,5,2012,2012-09-11,0.4156999975442886,1059.63,10.300000190734863,236.0,118.0,75,16116,19,177.9,False,True,False,409.0,139.0
26,0117,5,2013,2013-07-23,0.429200005531311,1222.66,7.800000190734863,577.0,98.0,78,16884,20,177.9,False,True,False,409.0,315.0
26,0117,5,2014,2014-08-01,0.4958000004291534,1066.45,6.5,927.0,75.0,78,17630,21,177.9,False,True,False,409.0,374.0
26,0118,1,1996,1996-12-30,1.0177000045776368,898.69,7.300000190734863,629.0,113.0,76,1967,3,91.5,False,True,False,503.0,0.0
26,0118,1,1997,1997-05-21,0.9231500059366228,984.27,7.5,455.0,122.0,78,2528,4,91.5,False,True,False,503.0,142.0
26,0118,1,1998,1998-10-27,1.150499987602234,894.82,10.199999809265137,316.0,96.0,76,3402,5,91.5,False,True,False,503.0,524.0
26,0118,1,1999,1999-04-08,1.2067999958992006,830.03,9.300000190734863,462.0,108.0,72,4400,6,91.5,False,True,False,503.0,163.0
26,0118,1,2000,2000-04-19,1.2961999893188478,964.15,8.399999618530273,623.0,67.0,76,5401,7,91.5,False,True,False,503.0,377.0
26,0118,1,2002,2002-05-29,1.4180999994277954,860.4,9.0,327.0,127.0,75,7450,9,91.5,False,True,False,503.0,770.0
26,0118,3,2005,2005-04-21,1.0683000028133391,976.11,9.300000190734863,557.0,93.0,73,10547,12,94.0,False,True,False,505.5,1058.0
26,0118,3,2006,2006-06-02,1.0815999805927277,1380.35,9.699999809265137,247.0,111.0,75,11431,13,94.0,False,True,False,505.5,407.0
26,0118,3,2008,2008-04-22,1.1276000082492827,1222.58,8.100000381469727,573.0,93.0,77,13194,15,94.0,False,True,False,505.5,690.0
26,0118,4,2009,2009-10-14,1.149699991941452,1132.28,7.699999809265137,591.0,82.0,79,13937,16,94.0,False,True,False,505.5,540.0
26,0118,4,2010,2010-08-10,1.1808000087738038,911.11,9.300000190734863,508.0,73.0,76,14673,17,94.0,False,True,False,505.5,300.0
26,0118,4,2011,2011-08-24,1.1722000002861024,1430.9,8.300000190734863,563.0,91.0,80,15398,18,94.0,False,True,False,505.5,379.0
26,0118,4,2012,2012-04-25,1.19689998626709,1059.63,10.300000190734863,236.0,118.0,75,16116,19,94.0,False,True,False,505.5,245.0
26,0118,5,2012,2012-09-11,0.6040000021457672,1059.63,10.300000190734863,236.0,118.0,75,16116,19,132.1,False,True,False,543.6,139.0
26,0118,5,2013,2013-07-23,0.6025000095367432,1222.66,7.800000190734863,577.0,98.0,78,16884,20,132.1,False,True,False,543.6,315.0
26,0118,5,2014,2014-08-01,0.6509999990463257,1066.45,6.5,927.0,75.0,78,17630,21,132.1,False,True,False,543.6,374.0
26,0118,5,2016,2016-06-07,0.6612000107765198,1233.95,9.600000381469728,433.0,83.0,78,19133,23,132.1,False,True,False,543.6,676.0
26,0120,1,1996,1996-12-30,0.8807999968528748,898.69,7.300000190734863,629.0,113.0,76,1967,3,101.6,False,True,False,378.5,0.0
26,0120,1,1997,1997-05-21,1.634799987077713,984.27,7.5,455.0,122.0,78,2528,4,101.6,False,True,False,378.5,142.0
26,0120,1,1998,1998-10-27,0.9133000075817108,894.82,10.199999809265137,316.0,96.0,76,3402,5,101.6,False,True,False,378.5,524.0
26,0120,1,1999,1999-04-08,0.9735999941825868,830.03,9.300000190734863,462.0,108.0,72,4400,6,101.6,False,True,False,378.5,163.0
26,0120,1,2000,2000-04-19,1.0308999955654143,964.15,8.399999618530273,623.0,67.0,76,5401,7,101.6,False,True,False,378.5,377.0
26,0120,1,2002,2002-05-29,1.1272000193595886,860.4,9.0,327.0,127.0,75,7450,9,101.6,False,True,False,378.5,770.0
26,0120,3,2005,2005-04-21,0.6686000049114227,976.11,9.300000190734863,557.0,93.0,73,10547,12,111.8,False,True,False,388.7,1058.0
26,0120,3,2006,2006-06-02,0.6995000004768371,1380.35,9.699999809265137,247.0,111.0,75,11431,13,111.8,False,True,False,388.7,407.0
26,0120,3,2008,2008-04-22,0.7307000041007996,1222.58,8.100000381469727,573.0,93.0,77,13194,15,111.8,False,True,False,388.7,690.0
26,0120,4,2009,2009-10-14,0.7948999881744385,1132.28,7.699999809265137,591.0,82.0,79,13937,16,111.8,False,True,False,388.7,540.0
26,0120,4,2010,2010-08-10,0.7959999978542328,911.11,9.300000190734863,508.0,73.0,76,14673,17,111.8,False,True,False,388.7,300.0
26,0120,4,2011,2011-08-24,0.8268999934196473,1430.9,8.300000190734863,563.0,91.0,80,15398,18,111.8,False,True,False,388.7,379.0
26,0120,4,2012,2012-04-25,0.8458000063896179,1059.63,10.300000190734863,236.0,118.0,75,16116,19,111.8,False,True,False,388.7,245.0
26,0120,5,2012,2012-09-11,0.4517000049352646,1059.63,10.300000190734863,236.0,118.0,75,16116,19,152.4,False,True,False,429.3,139.0
26,0120,5,2013,2013-07-23,0.4729999989271164,1222.66,7.800000190734863,577.0,98.0,78,16884,20,152.4,False,True,False,429.3,315.0
26,0120,5,2014,2014-08-01,0.4655999958515167,1066.45,6.5,927.0,75.0,78,17630,21,152.4,False,True,False,429.3,374.0
26,0120,5,2016,2016-06-07,0.5161000043153763,1233.95,9.600000381469728,433.0,83.0,78,19133,23,152.4,False,True,False,429.3,676.0
26,0121,1,1996,1996-08-13,1.118200010061264,898.69,7.300000190734863,629.0,113.0,76,1967,3,106.7,False,True,False,421.7,0.0
26,0121,1,1997,1997-05-21,1.208100003004074,984.27,7.5,455.0,122.0,78,2528,4,106.7,False,True,False,421.7,281.0
26,0121,1,1998,1998-10-27,1.074800008535385,894.82,10.199999809265137,316.0,96.0,76,3402,5,106.7,False,True,False,421.7,524.0
26,0121,1,1999,1999-04-08,1.0925000131130218,830.03,9.300000190734863,462.0,108.0,72,4400,6,106.7,False,True,False,421.7,163.0
26,0121,1,2000,2000-04-19,1.236000007390976,964.15,8.399999618530273,623.0,67.0,76,5401,7,106.7,False,True,False,421.7,377.0
26,0121,1,2002,2002-05-29,1.3641000092029572,860.4,9.0,327.0,127.0,75,7450,9,106.7,False,True,False,421.7,770.0
26,0121,3,2005,2005-04-21,0.7223999977111817,976.11,9.300000190734863,557.0,93.0,73,10547,12,114.3,False,True,False,429.3,1058.0
26,0121,3,2006,2006-06-02,0.7146000027656555,1380.35,9.699999809265137,247.0,111.0,75,11431,13,114.3,False,True,False,429.3,407.0
26,0121,3,2008,2008-04-22,0.7699000060558319,1222.58,8.100000381469727,573.0,93.0,77,13194,15,114.3,False,True,False,429.3,690.0
26,0121,4,2009,2009-10-14,0.7513000071048737,1132.28,7.699999809265137,591.0,82.0,79,13937,16,114.3,False,True,False,429.3,540.0
26,0121,4,2010,2010-08-10,0.7657000005245209,911.11,9.300000190734863,508.0,73.0,76,14673,17,114.3,False,True,False,429.3,300.0
26,0121,4,2011,2011-08-24,0.7807000041007995,1430.9,8.300000190734863,563.0,91.0,80,15398,18,114.3,False,True,False,429.3,379.0
26,0121,4,2012,2012-04-25,0.7647000074386596,1059.63,10.300000190734863,236.0,118.0,75,16116,19,114.3,False,True,False,429.3,245.0
26,0121,5,2012,2012-09-11,0.3939999967813491,1059.63,10.300000190734863,236.0,118.0,75,16116,19,152.4,False,True,False,467.4,139.0
26,0121,5,2013,2013-07-23,0.4111000031232834,1222.66,7.800000190734863,577.0,98.0,78,16884,20,152.4,False,True,False,467.4,315.0
26,0121,5,2014,2014-08-01,0.424099999666214,1066.45,6.5,927.0,75.0,78,17630,21,152.4,False,True,False,467.4,374.0
26,0121,5,2016,2016-06-07,0.4413000017404556,1233.95,9.600000381469728,433.0,83.0,78,19133,23,152.4,False,True,False,467.4,676.0
26,0123,1,1996,1996-12-30,0.4740000039339065,898.69,7.300000190734863,629.0,113.0,76,1967,3,149.8,True,True,False,436.8,0.0
26,0123,1,1997,1997-05-21,0.5007499977946281,984.27,7.5,455.0,122.0,78,2528,4,149.8,True,True,False,436.8,142.0
26,0123,1,1998,1998-10-27,0.5251000106334687,894.82,10.199999809265137,316.0,96.0,76,3402,5,149.8,True,True,False,436.8,524.0
26,0123,1,1999,1999-04-08,0.5454000055789947,830.03,9.300000190734863,462.0,108.0,72,4400,6,149.8,True,True,False,436.8,163.0
26,0123,1,2000,2000-04-19,0.5313000082969666,964.15,8.399999618530273,623.0,67.0,76,5401,7,149.8,True,True,False,436.8,377.0
26,0123,1,2002,2002-05-29,0.5314999938011169,860.4,9.0,327.0,127.0,75,7450,9,149.8,True,True,False,436.8,770.0
26,0123,2,2003,2003-04-10,0.5839000046253204,999.83,8.199999809265137,618.0,85.0,73,8418,10,157.4,True,True,False,444.4,316.0
26,0123,3,2005,2005-04-21,0.5068999946117401,976.11,9.300000190734863,557.0,93.0,73,10547,12,157.39999999999998,True,True,False,444.4,742.0
26,0123,3,2006,2006-06-02,0.5142000019550323,1380.35,9.699999809265137,247.0,111.0,75,11431,13,157.39999999999998,True,True,False,444.4,407.0
26,0123,3,2008,2008-04-22,0.5345000088214875,1222.58,8.100000381469727,573.0,93.0,77,13194,15,157.39999999999998,True,True,False,444.4,690.0
26,0123,4,2009,2009-10-14,0.5599000036716462,1132.28,7.699999809265137,591.0,82.0,79,13937,16,157.39999999999998,True,True,False,444.4,540.0
26,0123,4,2010,2010-08-10,0.5949999988079071,911.11,9.300000190734863,508.0,73.0,76,14673,17,157.39999999999998,True,True,False,444.4,300.0
26,0123,4,2011,2011-08-24,0.5955999970436097,1430.9,8.300000190734863,563.0,91.0,80,15398,18,157.39999999999998,True,True,False,444.4,379.0
26,0123,4,2012,2012-04-25,0.603899997472763,1059.63,10.300000190734863,236.0,118.0,75,16116,19,157.39999999999998,True,True,False,444.4,245.0
26,0123,5,2012,2012-09-11,0.44410001039505,1059.63,10.300000190734863,236.0,118.0,75,16116,19,160.0,True,True,False,447.0,139.0
26,0123,5,2013,2013-07-23,0.4750999987125397,1222.66,7.800000190734863,577.0,98.0,78,16884,20,160.0,True,True,False,447.0,315.0
26,0123,5,2014,2014-08-01,0.4740000009536743,1066.45,6.5,927.0,75.0,78,17630,21,160.0,True,True,False,447.0,374.0
26,0124,1,1996,1996-12-30,0.727400004863739,898.69,7.300000190734863,629.0,113.0,76,1967,3,162.6,True,True,False,558.8,0.0
26,0124,1,1997,1997-05-21,0.7505499988794326,984.27,7.5,455.0,122.0,78,2528,4,162.6,True,True,False,558.8,142.0
26,0124,1,1998,1998-10-27,0.840799993276596,894.82,10.199999809265137,316.0,96.0,76,3402,5,162.6,True,True,False,558.8,524.0
26,0124,1,1999,1999-04-08,0.8769000053405762,830.03,9.300000190734863,462.0,108.0,72,4400,6,162.6,True,True,False,558.8,163.0
26,0124,1,2000,2000-04-19,0.8456000030040741,964.15,8.399999618530273,623.0,67.0,76,5401,7,162.6,True,True,False,558.8,377.0
26,0124,1,2002,2002-05-29,0.8663000047206879,860.4,9.0,327.0,127.0,75,7450,9,162.6,True,True,False,558.8,770.0
26,0124,2,2003,2003-04-10,0.7421000003814697,999.83,8.199999809265137,618.0,85.0,73,8418,10,167.7,True,True,False,563.9,316.0
26,0124,3,2005,2005-04-21,0.6891000032424928,976.11,9.300000190734863,557.0,93.0,73,10547,12,167.7,True,True,False,563.9,742.0
26,0124,3,2006,2006-06-02,0.6948000013828277,1380.35,9.699999809265137,247.0,111.0,75,11431,13,167.7,True,True,False,563.9,407.0
26,0124,3,2008,2008-04-22,0.7680000066757202,1222.58,8.100000381469727,573.0,93.0,77,13194,15,167.7,True,True,False,563.9,690.0
26,0124,4,2009,2009-10-14,0.7717000126838685,1132.28,7.699999809265137,591.0,82.0,79,13937,16,167.7,True,True,False,563.9,540.0
26,0124,4,2010,2010-08-10,0.7806000113487244,911.11,9.300000190734863,508.0,73.0,76,14673,17,167.7,True,True,False,563.9,300.0
26,0124,4,2011,2011-08-24,0.7627999961376191,1430.9,8.300000190734863,563.0,91.0,80,15398,18,167.7,True,True,False,563.9,379.0
26,0124,4,2012,2012-04-25,0.7831999957561493,1059.63,10.300000190734863,236.0,118.0,75,16116,19,167.7,True,True,False,563.9,245.0
26,0124,5,2012,2012-09-11,0.5357000023126601,1059.63,10.300000190734863,236.0,118.0,75,16116,19,165.2,True,True,False,561.4,139.0
26,0124,5,2013,2013-07-23,0.5603000044822692,1222.66,7.800000190734863,577.0,98.0,78,16884,20,165.2,True,True,False,561.4,315.0
26,0124,5,2014,2014-08-01,0.5611000061035156,1066.45,6.5,927.0,75.0,78,17630,21,165.2,True,True,False,561.4,374.0
26,0124,5,2016,2016-06-07,0.5302000015974044,1233.95,9.600000381469728,433.0,83.0,78,19133,23,165.2,True,True,False,561.4,676.0
26,0159,1,1996,1996-08-13,0.9469499945640564,898.69,7.300000190734863,629.0,113.0,76,1967,3,165.1,False,True,False,609.6,0.0
26,0159,1,1997,1997-05-21,0.8823000013828277,984.27,7.5,455.0,122.0,78,2528,4,165.1,False,True,False,609.6,281.0
26,0159,1,1998,1998-10-27,0.9546999871730804,894.82,10.199999809265137,316.0,96.0,76,3402,5,165.1,False,True,False,609.6,524.0
26,0159,1,1999,1999-04-08,0.9629999995231628,830.03,9.300000190734863,462.0,108.0,72,4400,6,165.1,False,True,False,609.6,163.0
26,0159,1,2000,2000-04-19,0.9799000024795532,964.15,8.399999618530273,623.0,67.0,76,5401,7,165.1,False,True,False,609.6,377.0
26,0159,1,2002,2002-05-29,1.0149999976158142,860.4,9.0,327.0,127.0,75,7450,9,165.1,False,True,False,609.6,770.0
26,0159,2,2003,2003-04-10,0.9119000017642976,999.83,8.199999809265137,618.0,85.0,73,8418,10,167.60000000000002,False,True,False,612.1,316.0
26,0159,3,2005,2005-04-21,0.8901000022888184,976.11,9.300000190734863,557.0,93.0,73,10547,12,167.6,False,True,False,612.1,742.0
26,0159,3,2006,2006-06-02,0.898499995470047,1380.35,9.699999809265137,247.0,111.0,75,11431,13,167.6,False,True,False,612.1,407.0
26,0159,3,2008,2008-04-22,0.924099999666214,1222.58,8.100000381469727,573.0,93.0,77,13194,15,167.6,False,True,False,612.1,690.0
26,0159,4,2009,2009-10-14,0.9442999958992004,1132.28,7.699999809265137,591.0,82.0,79,13937,16,167.6,False,True,False,612.1,540.0
26,0159,4,2010,2010-08-10,0.9751999914646148,911.11,9.300000190734863,508.0,73.0,76,14673,17,167.6,False,True,False,612.1,300.0
26,0159,4,2011,2011-08-24,0.9637000024318696,1430.9,8.300000190734863,563.0,91.0,80,15398,18,167.6,False,True,False,612.1,379.0
26,0159,4,2012,2012-04-25,0.9979999899864196,1059.63,10.300000190734863,236.0,118.0,75,16116,19,167.6,False,True,False,612.1,245.0
26,0159,5,2012,2012-09-11,0.5454000055789947,1059.63,10.300000190734863,236.0,118.0,75,16116,19,205.7,False,True,False,650.2,139.0
26,0159,5,2013,2013-07-23,0.5743000030517578,1222.66,7.800000190734863,577.0,98.0,78,16884,20,205.7,False,True,False,650.2,315.0
26,0159,5,2014,2014-08-01,0.5750999927520752,1066.45,6.5,927.0,75.0,78,17630,21,205.7,False,True,False,650.2,374.0
26,1001,1,1990,1990-04-17,0.9000499933958054,1061.43,7.300000190734863,518.0,107.0,78,1160,20,55.9,False,False,False,332.79999999999995,0.0
26,1001,1,1991,1991-04-09,0.8013499975204468,1059.25,7.400000095367432,652.0,98.0,79,1228,21,55.9,False,False,False,332.79999999999995,357.0
26,1001,1,1992,1992-09-25,0.7342999994754791,1059.08,5.900000095367432,585.0,121.0,80,1283,22,55.9,False,False,False,332.79999999999995,535.0
26,1001,1,1993,1993-11-02,0.7515999972820282,1070.72,6.0,726.0,99.0,81,1361,23,55.9,False,False,False,332.79999999999995,403.0
26,1001,1,1994,1994-12-13,0.8220999956130981,1004.97,6.300000190734863,857.0,98.0,79,1440,24,55.9,False,False,False,332.79999999999995,406.0
26,1001,1,1997,1997-06-15,0.729399996995926,1050.76,5.900000095367432,665.0,115.0,81,1798,27,55.9,False,False,False,332.79999999999995,915.0
26,1001,1,1998,1998-11-04,0.7321000099182129,931.61,8.699999809265137,458.0,88.0,78,1924,28,55.9,False,False,False,332.79999999999995,507.0
26,1001,1,2001,2001-07-10,0.7438000082969665,1166.3,7.800000190734863,552.0,86.0,79,2151,31,55.9,False,False,False,332.79999999999995,979.0
26,1001,1,2003,2003-08-01,0.7422500073909759,925.5,6.599999904632568,784.0,77.0,75,2279,33,55.9,False,False,False,332.79999999999995,752.0
26,1004,1,1989,1989-10-17,1.3501999974250791,882.98,3.5999999046325684,1112.0,57.0,80,413,5,106.7,False,False,False,233.7,0.0
26,1004,1,1990,1990-12-02,1.462199997901917,873.92,5.0,682.0,77.0,79,503,6,106.7,False,False,False,233.7,411.0
26,1004,2,1991,1991-07-11,1.4151999831199646,1054.62,4.900000095367432,822.0,64.0,82,571,7,106.7,False,False,False,233.7,221.0
26,1004,2,1992,1992-09-01,1.3740999937057494,840.32,4.400000095367432,712.0,76.0,81,667,8,106.7,False,False,False,233.7,418.0
26,1004,2,1993,1993-06-10,1.2878000140190125,951.66,4.199999809265137,760.0,81.0,81,807,9,106.7,False,False,False,233.7,282.0
26,1004,2,1995,1995-09-17,1.325700008869171,1036.62,4.800000190734863,802.0,59.0,81,1080,11,106.7,False,False,False,233.7,829.0
26,1004,3,1997,1997-04-18,1.3376999974250794,800.78,4.199999809265137,803.0,81.0,83,1351,13,106.7,False,False,False,233.7,579.0
26,1004,3,1998,1998-09-27,1.4284000039100646,844.98,7.400000095367432,431.0,64.0,79,1495,14,106.7,False,False,False,233.7,527.0
26,1004,3,1999,1999-04-15,1.3709999918937683,893.41,6.0,588.0,65.0,79,1663,15,106.7,False,False,False,233.7,200.0
26,1004,3,2000,2000-06-20,1.4027999877929689,870.53,5.599999904632568,723.0,52.0,78,1796,16,106.7,False,False,False,233.7,432.0
26,1004,3,2001,2001-07-11,1.4809000015258789,987.79,6.099999904632568,579.0,54.0,81,1959,17,106.7,False,False,False,233.7,386.0
26,1004,3,2002,2002-05-10,1.3770999789237977,948.39,5.300000190734863,567.0,95.0,81,2048,18,106.7,False,False,False,233.7,303.0
26,1004,3,2004,2004-07-10,1.4990999937057494,1142.77,4.800000190734863,723.0,74.0,82,2296,20,106.7,False,False,False,233.7,792.0
26,1010,1,1989,1989-11-29,1.1776000142097474,747.26,7.5,664.0,93.0,74,5811,15,55.900000000000006,False,False,False,828.1,0.0
26,1010,1,1990,1990-07-23,1.1956999897956848,1299.07,8.800000190734863,336.0,118.0,76,5889,16,55.900000000000006,False,False,False,828.1,236.0
26,1010,1,1991,1991-04-01,1.7698500096797942,971.73,8.899999618530273,483.0,95.0,76,5969,17,55.900000000000006,False,False,False,828.1,252.0
26,1010,1,1992,1992-09-24,1.2735000133514405,1189.08,7.400000095367432,394.0,122.0,78,6051,18,55.900000000000006,False,False,False,828.1,542.0
26,1010,1,1993,1993-12-09,1.440500009059906,1010.23,7.5,557.0,104.0,79,6181,19,55.900000000000006,False,False,False,828.1,441.0
26,1010,1,1994,1994-07-06,1.4573000073432922,1002.56,7.699999809265137,699.0,87.0,77,6365,20,55.900000000000006,False,False,False,828.1,209.0
26,1010,1,1997,1997-06-28,1.6491999983787538,989.24,7.400000095367432,467.0,115.0,79,6851,23,55.900000000000006,False,False,False,828.1,1088.0
26,1012,1,1989,1989-10-09,0.9391999840736388,740.77,6.599999904632568,775.0,87.0,76,1857,10,155.0,False,False,False,825.5,0.0
26,1012,1,1990,1990-07-24,1.0439999878406525,1119.04,8.100000381469727,390.0,119.0,77,2460,11,155.0,False,False,False,825.5,288.0
26,1012,1,1991,1991-04-08,1.1085499972105026,1088.37,8.100000381469727,565.0,93.0,79,3063,12,155.0,False,False,False,825.5,258.0
26,1012,1,1992,1992-09-26,1.2337000012397763,1028.39,6.699999809265137,449.0,127.0,79,3503,13,155.0,False,False,False,825.5,537.0
26,1012,2,1993,1993-12-15,1.4432000041007995,1095.45,6.699999809265137,623.0,95.0,81,4069,14,155.0,False,False,False,825.5,445.0
26,1012,2,1994,1994-09-08,1.4652999997138978,990.3,6.900000095367432,779.0,93.0,78,4656,15,155.0,False,False,False,825.5,267.0
26,1012,2,1995,1995-09-14,1.8840000152587888,1002.15,7.099999904632568,757.0,70.0,77,5295,16,155.0,False,False,False,825.5,371.0
26,1013,1,1989,1989-10-09,1.1790999948978425,740.77,6.599999904632568,775.0,87.0,76,3752,10,170.2,False,False,False,764.5,0.0
26,1013,1,1990,1990-05-18,1.2674999833106997,1119.04,8.100000381469727,390.0,119.0,77,4445,11,170.2,False,False,False,764.5,221.0
26,1013,2,1991,1991-04-08,1.3470500022172929,1088.37,8.100000381469727,565.0,93.0,79,5159,12,170.2,False,False,False,764.5,325.0
26,1013,2,1992,1992-09-26,1.3745000123977662,1028.39,6.699999809265137,449.0,127.0,79,5748,13,170.2,False,False,False,764.5,537.0
26,1013,2,1993,1993-12-15,1.6325999975204468,1095.45,6.699999809265137,623.0,95.0,81,6395,14,170.2,False,False,False,764.5,445.0
26,1013,2,1995,1995-09-14,1.546399998664856,1002.15,7.099999904632568,757.0,70.0,77,7847,16,170.2,False,False,False,764.5,638.0
26,1013,2,1997,1997-05-16,2.219300007820129,995.81,6.900000095367432,528.0,117.0,78,9393,18,170.2,False,False,False,764.5,610.0
26,6016,1,1990,1990-08-21,0.850600004196167,1028.45,7.0,604.0,104.0,77,6244,21,116.8,False,False,False,782.3,0.0
26,6016,1,1991,1991-07-10,0.8842000007629395,1027.14,7.099999904632568,681.0,99.0,78,6614,22,116.8,False,False,False,782.3,323.0
26,6016,1,1992,1992-09-25,0.8895000040531158,1063.13,5.5,659.0,118.0,80,6995,23,116.8,False,False,False,782.3,443.0
26,6016,1,1993,1993-11-02,0.9777000069618224,985.54,5.800000190734863,758.0,107.0,79,7388,24,116.8,False,False,False,782.3,403.0
26,6016,1,1995,1995-09-15,1.0148000061511993,1025.58,6.0,908.0,72.0,78,8630,26,116.8,False,False,False,782.3,682.0
26,6016,1,1997,1997-06-15,1.2798999905586244,1025.39,5.5,753.0,111.0,81,9501,28,116.8,False,False,False,782.3,639.0
26,A310,1,1990,1990-05-18,0.9218000054359436,1119.04,8.100000381469727,390.0,119.0,77,4445,11,172.7,False,False,False,767.0,0.0
26,A310,3,1991,1991-04-08,0.7378000050783158,1088.37,8.100000381469727,565.0,93.0,79,5159,12,205.7,False,False,False,800.0,325.0
26,A310,3,1992,1992-09-26,0.7319999933242798,1028.39,6.699999809265137,449.0,127.0,79,5748,13,205.7,False,False,False,800.0,537.0
26,A310,3,1993,1993-12-15,0.8563000082969665,1095.45,6.699999809265137,623.0,95.0,81,6395,14,205.7,False,False,False,800.0,445.0
26,A310,3,1995,1995-09-14,0.923300004005432,1002.15,7.099999904632568,757.0,70.0,77,7847,16,205.7,False,False,False,800.0,638.0
26,A310,3,1997,1997-05-16,1.296050000190735,995.81,6.900000095367432,528.0,117.0,78,9393,18,205.7,False,False,False,800.0,610.0
26,A320,1,1990,1990-05-18,0.7505000054836273,1119.04,8.100000381469727,390.0,119.0,77,4445,11,167.6,False,False,False,761.9,0.0
26,A320,2,1991,1991-04-08,1.2677000135183334,1088.37,8.100000381469727,565.0,93.0,79,5159,12,170.1,False,False,False,764.4,325.0
26,A320,2,1992,1992-09-26,1.0988999843597411,1028.39,6.699999809265137,449.0,127.0,79,5748,13,170.1,False,False,False,764.4,537.0
26,A320,2,1993,1993-12-15,1.2996000051498413,1095.45,6.699999809265137,623.0,95.0,81,6395,14,170.1,False,False,False,764.4,445.0
26,A320,2,1995,1995-09-14,1.5168000221252442,1002.15,7.099999904632568,757.0,70.0,77,7847,16,170.1,False,False,False,764.4,638.0
26,A320,2,1997,1997-05-16,2.727449977397919,995.81,6.900000095367432,528.0,117.0,78,9393,18,170.1,False,False,False,764.4,610.0
26,A321,1,1990,1990-05-18,0.9160000085830688,1119.04,8.100000381469727,390.0,119.0,77,4445,11,182.9,False,False,False,777.1999999999999,0.0
26,A321,2,1991,1991-04-08,1.2416000068187714,1088.37,8.100000381469727,565.0,93.0,79,5159,12,190.5,False,False,False,784.8,325.0
26,A321,2,1992,1992-09-26,1.2359999895095823,1028.39,6.699999809265137,449.0,127.0,79,5748,13,190.5,False,False,False,784.8,537.0
26,A321,2,1993,1993-12-15,1.4479999899864198,1095.45,6.699999809265137,623.0,95.0,81,6395,14,190.5,False,False,False,784.8,445.0
26,A321,2,1995,1995-09-14,1.490999984741211,1002.15,7.099999904632568,757.0,70.0,77,7847,16,190.5,False,False,False,784.8,638.0
26,A321,2,1997,1997-05-16,1.815299993753433,995.81,6.900000095367432,528.0,117.0,78,9393,18,190.5,False,False,False,784.8,610.0
26,A330,1,1990,1990-05-18,1.157000017166138,1119.04,8.100000381469727,390.0,119.0,77,4445,11,170.2,False,False,False,764.5,0.0
26,A330,2,1991,1991-04-08,1.387350004911423,1088.37,8.100000381469727,565.0,93.0,79,5159,12,170.2,False,False,False,764.5,325.0
26,A330,2,1992,1992-09-26,1.401800000667572,1028.39,6.699999809265137,449.0,127.0,79,5748,13,170.2,False,False,False,764.5,537.0
26,A330,2,1993,1993-12-15,1.801599991321564,1095.45,6.699999809265137,623.0,95.0,81,6395,14,170.2,False,False,False,764.5,445.0
26,A330,2,1995,1995-09-14,1.913100016117096,1002.15,7.099999904632568,757.0,70.0,77,7847,16,170.2,False,False,False,764.5,638.0
26,A330,2,1997,1997-05-16,2.8036999821662905,995.81,6.900000095367432,528.0,117.0,78,9393,18,170.2,False,False,False,764.5,610.0
26,A340,1,1990,1990-05-18,1.0571999907493592,1119.04,8.100000381469727,390.0,119.0,77,4445,11,172.7,False,False,False,767.0,0.0
26,A340,2,1991,1991-01-07,1.2314999938011169,1088.37,8.100000381469727,565.0,93.0,79,5159,12,172.7,False,False,False,767.0,234.0
26,A340,3,1992,1992-09-26,1.3899999976158144,1028.39,6.699999809265137,449.0,127.0,79,5748,13,172.7,False,False,False,767.0,628.0
26,A340,3,1993,1993-12-15,1.7217999935150146,1095.45,6.699999809265137,623.0,95.0,81,6395,14,172.7,False,False,False,767.0,445.0
26,A340,4,1995,1995-09-14,1.9129999876022337,1002.15,7.099999904632568,757.0,70.0,77,7847,16,172.7,False,False,False,767.0,638.0
26,A340,4,1997,1997-05-16,2.8862999916076664,995.81,6.900000095367432,528.0,117.0,78,9393,18,172.7,False,False,False,767.0,610.0
26,A350,1,1990,1990-05-18,1.0689000070095065,1119.04,8.100000381469727,390.0,119.0,77,4445,11,160.0,False,False,False,754.3,0.0
26,A350,2,1991,1991-04-08,1.3999000042676926,1088.37,8.100000381469727,565.0,93.0,79,5159,12,167.6,False,False,False,761.9,325.0
26,A350,2,1992,1992-09-26,1.3491000056266784,1028.39,6.699999809265137,449.0,127.0,79,5748,13,167.6,False,False,False,761.9,537.0
26,A350,2,1993,1993-12-15,1.6644999980926514,1095.45,6.699999809265137,623.0,95.0,81,6395,14,167.6,False,False,False,761.9,445.0
26,A350,2,1995,1995-09-14,1.637999987602234,1002.15,7.099999904632568,757.0,70.0,77,7847,16,167.6,False,False,False,761.9,638.0
26,A350,2,1997,1997-05-16,2.0963000059127808,995.81,6.900000095367432,528.0,117.0,78,9393,18,167.6,False,False,False,761.9,610.0
26,B310,1,1990,1990-07-24,1.2893999934196474,1119.04,8.100000381469727,390.0,119.0,77,2460,11,170.2,False,False,False,840.7,0.0
26,B310,2,1991,1991-04-08,1.1067000180482864,1088.37,8.100000381469727,565.0,93.0,79,3063,12,203.2,False,False,False,873.7,258.0
26,B310,2,1992,1992-09-26,0.9001999974250794,1028.39,6.699999809265137,449.0,127.0,79,3503,13,203.2,False,False,False,873.7,537.0
26,B310,2,1993,1993-12-15,1.0119000196456909,1095.45,6.699999809265137,623.0,95.0,81,4069,14,203.2,False,False,False,873.7,445.0
26,B310,2,1994,1994-09-08,1.208900010585785,990.3,6.900000095367432,779.0,93.0,78,4656,15,203.2,False,False,False,873.7,267.0
26,B310,2,1995,1995-09-14,1.258899998664856,1002.15,7.099999904632568,757.0,70.0,77,5295,16,203.2,False,False,False,873.7,371.0
26,B310,2,1997,1997-06-14,2.267199981212616,995.81,6.900000095367432,528.0,117.0,78,6618,18,203.2,False,False,False,873.7,639.0
26,B320,1,1990,1990-07-24,0.9521000027656557,1119.04,8.100000381469727,390.0,119.0,77,2460,11,149.9,False,False,False,820.4,0.0
26,B320,2,1991,1991-04-08,1.1962000012397769,1088.37,8.100000381469727,565.0,93.0,79,3063,12,155.0,False,False,False,825.5,258.0
26,B320,2,1992,1992-09-26,1.2326000094413758,1028.39,6.699999809265137,449.0,127.0,79,3503,13,155.0,False,False,False,825.5,537.0
26,B320,2,1993,1993-12-15,1.2126999974250794,1095.45,6.699999809265137,623.0,95.0,81,4069,14,155.0,False,False,False,825.5,445.0
26,B320,2,1994,1994-09-08,1.3871000051498412,990.3,6.900000095367432,779.0,93.0,78,4656,15,155.0,False,False,False,825.5,267.0
26,B320,2,1995,1995-09-14,1.53860000371933,1002.15,7.099999904632568,757.0,70.0,77,5295,16,155.0,False,False,False,825.5,371.0
26,B320,2,1997,1997-06-14,3.16269998550415,995.81,6.900000095367432,528.0,117.0,78,6618,18,155.0,False,False,False,825.5,639.0
26,B321,1,1990,1990-07-24,1.0883000016212463,1119.04,8.100000381469727,390.0,119.0,77,2460,11,142.2,False,False,False,812.7,0.0
26,B321,2,1991,1991-04-08,1.2454499900341034,1088.37,8.100000381469727,565.0,93.0,79,3063,12,149.8,False,False,False,820.3000000000001,258.0
26,B321,2,1992,1992-09-26,1.2843999981880188,1028.39,6.699999809265137,449.0,127.0,79,3503,13,149.8,False,False,False,820.3000000000001,537.0
26,B321,2,1993,1993-12-15,1.3508000016212462,1095.45,6.699999809265137,623.0,95.0,81,4069,14,149.8,False,False,False,820.3000000000001,445.0
26,B321,2,1994,1994-09-08,1.4259999871253968,990.3,6.900000095367432,779.0,93.0,78,4656,15,149.8,False,False,False,820.3000000000001,267.0
26,B321,3,1995,1995-09-14,1.563499999046326,1002.15,7.099999904632568,757.0,70.0,77,5295,16,149.8,False,False,False,820.3000000000001,371.0
26,B321,3,1997,1997-06-14,2.6924999952316284,995.81,6.900000095367432,528.0,117.0,78,6618,18,149.8,False,False,False,820.3000000000001,639.0
26,B330,1,1990,1990-07-24,0.9291000068187714,1119.04,8.100000381469727,390.0,119.0,77,2460,11,155.0,False,False,False,825.5,0.0
26,B330,2,1991,1991-04-08,0.9757000058889388,1088.37,8.100000381469727,565.0,93.0,79,3063,12,155.0,False,False,False,825.5,258.0
26,B330,2,1992,1992-09-26,0.9361000001430512,1028.39,6.699999809265137,449.0,127.0,79,3503,13,155.0,False,False,False,825.5,537.0
26,B330,2,1993,1993-12-15,0.9727000057697296,1095.45,6.699999809265137,623.0,95.0,81,4069,14,155.0,False,False,False,825.5,445.0
26,B330,2,1994,1994-09-08,1.1509999990463258,990.3,6.900000095367432,779.0,93.0,78,4656,15,155.0,False,False,False,825.5,267.0
26,B330,2,1995,1995-09-14,1.1620000004768372,1002.15,7.099999904632568,757.0,70.0,77,5295,16,155.0,False,False,False,825.5,371.0
26,B330,2,1997,1997-06-14,2.232200002670288,995.81,6.900000095367432,528.0,117.0,78,6618,18,155.0,False,False,False,825.5,639.0
26,B340,1,1990,1990-07-24,0.7616999924182892,1119.04,8.100000381469727,390.0,119.0,77,2460,11,152.4,False,False,False,822.9,0.0
26,B340,1,1991,1991-04-08,0.7438499957323075,1088.37,8.100000381469727,565.0,93.0,79,3063,12,152.4,False,False,False,822.9,258.0
26,B340,1,1992,1992-09-26,0.7300999939441681,1028.39,6.699999809265137,449.0,127.0,79,3503,13,152.4,False,False,False,822.9,537.0
26,B340,1,1993,1993-12-15,0.7841999948024749,1095.45,6.699999809265137,623.0,95.0,81,4069,14,152.4,False,False,False,822.9,445.0
26,B340,1,1994,1994-09-08,0.8788000106811523,990.3,6.900000095367432,779.0,93.0,78,4656,15,152.4,False,False,False,822.9,267.0
26,B340,2,1995,1995-09-14,0.9745999991893768,1002.15,7.099999904632568,757.0,70.0,77,5295,16,152.4,False,False,False,822.9,371.0
26,B340,2,1997,1997-06-14,1.726200008392334,995.81,6.900000095367432,528.0,117.0,78,6618,18,152.4,False,False,False,822.9,639.0
26,B350,1,1990,1990-07-24,1.153700017929077,1119.04,8.100000381469727,390.0,119.0,77,2460,11,147.3,False,False,False,817.8000000000001,0.0
26,B350,2,1991,1991-04-08,1.2200500130653382,1088.37,8.100000381469727,565.0,93.0,79,3063,12,154.9,False,False,False,825.4000000000001,258.0
26,B350,2,1992,1992-09-26,1.2425000071525574,1028.39,6.699999809265137,449.0,127.0,79,3503,13,154.9,False,False,False,825.4000000000001,537.0
26,B350,2,1993,1993-12-15,1.332200014591217,1095.45,6.699999809265137,623.0,95.0,81,4069,14,154.9,False,False,False,825.4000000000001,445.0
26,B350,2,1994,1994-09-08,1.5195000052452088,990.3,6.900000095367432,779.0,93.0,78,4656,15,154.9,False,False,False,825.4000000000001,267.0
26,B350,3,1995,1995-09-14,1.6316999912261962,1002.15,7.099999904632568,757.0,70.0,77,5295,16,154.9,False,False,False,825.4,371.0
26,B350,3,1997,1997-06-14,2.352500009536743,995.81,6.900000095367432,528.0,117.0,78,6618,18,154.9,False,False,False,825.4,639.0
26,C310,1,1990,1990-07-24,0.7824999928474425,1061.43,7.300000190734863,518.0,107.0,78,1160,20,50.8,False,False,False,327.7,0.0
26,C310,2,1991,1991-07-10,0.8578000009059905,1059.25,7.400000095367432,652.0,98.0,79,1228,21,78.69999999999999,False,False,False,355.6,351.0
26,C310,2,1992,1992-09-25,0.7919999957084656,1059.08,5.900000095367432,585.0,121.0,80,1283,22,78.69999999999999,False,False,False,355.6,443.0
26,C310,2,1993,1993-11-02,0.8251000046730042,1070.72,6.0,726.0,99.0,81,1361,23,78.69999999999999,False,False,False,355.6,403.0
26,C310,2,1994,1994-12-13,0.8423999965190887,1004.97,6.300000190734863,857.0,98.0,79,1440,24,78.69999999999999,False,False,False,355.6,406.0
26,C310,2,1997,1997-06-15,0.7862999916076661,1050.76,5.900000095367432,665.0,115.0,81,1798,27,78.69999999999999,False,False,False,355.6,915.0
26,C310,2,1998,1998-11-04,0.812799996137619,931.61,8.699999809265137,458.0,88.0,78,1924,28,78.69999999999999,False,False,False,355.6,507.0
26,C320,1,1990,1990-07-24,0.617199993133545,1061.43,7.300000190734863,518.0,107.0,78,1160,20,48.3,False,False,False,325.2,0.0
26,C320,2,1991,1991-07-10,0.8531000018119812,1059.25,7.400000095367432,652.0,98.0,79,1228,21,50.8,False,False,False,327.7,351.0
26,C320,2,1992,1992-09-25,0.7705999970436097,1059.08,5.900000095367432,585.0,121.0,80,1283,22,50.8,False,False,False,327.7,443.0
26,C320,2,1993,1993-11-02,0.7574999928474426,1070.72,6.0,726.0,99.0,81,1361,23,50.8,False,False,False,327.7,403.0
26,C320,2,1994,1994-12-13,0.8571999907493592,1004.97,6.300000190734863,857.0,98.0,79,1440,24,50.8,False,False,False,327.7,406.0
26,C320,2,1997,1997-06-15,0.7819000005722045,1050.76,5.900000095367432,665.0,115.0,81,1798,27,50.8,False,False,False,327.7,915.0
26,C320,2,1998,1998-11-04,0.8222000002861023,931.61,8.699999809265137,458.0,88.0,78,1924,28,50.8,False,False,False,327.7,507.0
26,C330,1,1990,1990-07-24,0.6181000053882599,1061.43,7.300000190734863,518.0,107.0,78,1160,20,55.9,False,False,False,332.79999999999995,0.0
26,C330,2,1991,1991-04-09,0.6453500032424927,1059.25,7.400000095367432,652.0,98.0,79,1228,21,55.9,False,False,False,332.79999999999995,259.0
26,C330,2,1992,1992-09-25,0.6084999978542328,1059.08,5.900000095367432,585.0,121.0,80,1283,22,55.9,False,False,False,332.79999999999995,535.0
26,C330,2,1993,1993-11-02,0.6559999942779541,1070.72,6.0,726.0,99.0,81,1361,23,55.9,False,False,False,332.79999999999995,403.0
26,C330,3,1994,1994-12-13,0.697100007534027,1004.97,6.300000190734863,857.0,98.0,79,1440,24,55.9,False,False,False,332.79999999999995,406.0
26,C330,3,1997,1997-06-15,0.6584999978542327,1050.76,5.900000095367432,665.0,115.0,81,1798,27,55.9,False,False,False,332.79999999999995,915.0
26,C330,3,1998,1998-11-04,0.6683000087738038,931.61,8.699999809265137,458.0,88.0,78,1924,28,55.9,False,False,False,332.79999999999995,507.0
26,C340,1,1990,1990-07-24,0.690399992465973,1061.43,7.300000190734863,518.0,107.0,78,1160,20,48.3,False,False,False,325.2,0.0
26,C340,1,1991,1991-04-09,0.7172499984502791,1059.25,7.400000095367432,652.0,98.0,79,1228,21,48.3,False,False,False,325.2,259.0
26,C340,1,1992,1992-09-25,0.6863999962806702,1059.08,5.900000095367432,585.0,121.0,80,1283,22,48.3,False,False,False,325.2,535.0
26,C340,1,1993,1993-11-02,0.7250999987125397,1070.72,6.0,726.0,99.0,81,1361,23,48.3,False,False,False,325.2,403.0
26,C340,1,1994,1994-12-13,0.7968999981880188,1004.97,6.300000190734863,857.0,98.0,79,1440,24,48.3,False,False,False,325.2,406.0
26,C340,1,1997,1997-06-15,0.7170000076293945,1050.76,5.900000095367432,665.0,115.0,81,1798,27,48.3,False,False,False,325.2,915.0
26,C340,1,1998,1998-11-04,0.7185000061988831,931.61,8.699999809265137,458.0,88.0,78,1924,28,48.3,False,False,False,325.2,507.0
26,C350,1,1990,1990-07-24,0.5955000042915344,1061.43,7.300000190734863,518.0,107.0,78,1160,20,45.7,False,False,False,322.6,0.0
26,C350,2,1991,1991-04-09,0.8078000009059906,1059.25,7.400000095367432,652.0,98.0,79,1228,21,53.3,False,False,False,330.2,259.0
26,C350,2,1992,1992-09-25,0.6557999968528747,1059.08,5.900000095367432,585.0,121.0,80,1283,22,53.3,False,False,False,330.2,535.0
26,C350,2,1993,1993-11-02,0.6600000083446502,1070.72,6.0,726.0,99.0,81,1361,23,53.3,False,False,False,330.2,403.0
26,C350,2,1994,1994-12-13,0.7313999950885772,1004.97,6.300000190734863,857.0,98.0,79,1440,24,53.3,False,False,False,330.2,406.0
26,C350,2,1997,1997-06-15,0.6195999979972839,1050.76,5.900000095367432,665.0,115.0,81,1798,27,53.3,False,False,False,330.2,915.0
26,C350,2,1998,1998-11-04,0.6288000047206879,931.61,8.699999809265137,458.0,88.0,78,1924,28,53.3,False,False,False,330.2,507.0
26,C351,1,1990,1990-07-24,0.6865999937057495,1061.43,7.300000190734863,518.0,107.0,78,1160,20,48.3,False,False,False,325.2,0.0
26,C351,2,1991,1991-04-09,0.7919999986886979,1059.25,7.400000095367432,652.0,98.0,79,1228,21,53.4,False,False,False,330.3,259.0
26,C351,3,1992,1992-09-25,0.7137999951839447,1059.08,5.900000095367432,585.0,121.0,80,1283,22,53.4,False,False,False,330.29999999999995,535.0
26,C351,3,1993,1993-11-02,0.8352999985218048,1070.72,6.0,726.0,99.0,81,1361,23,53.4,False,False,False,330.29999999999995,403.0
26,C351,3,1994,1994-12-13,0.8000999987125397,1004.97,6.300000190734863,857.0,98.0,79,1440,24,53.4,False,False,False,330.29999999999995,406.0
26,C351,3,1997,1997-06-15,0.7393999993801117,1050.76,5.900000095367432,665.0,115.0,81,1798,27,53.4,False,False,False,330.29999999999995,915.0
26,C351,3,1998,1998-11-04,0.7908999979496002,931.61,8.699999809265137,458.0,88.0,78,1924,28,53.4,False,False,False,330.29999999999995,507.0
26,D310,1,1990,1990-07-23,0.7498000025749206,1299.07,8.800000190734863,336.0,118.0,76,5889,16,58.5,False,False,False,830.7,0.0
26,D310,2,1991,1991-04-01,1.2256000101566316,971.73,8.899999618530273,483.0,95.0,76,5969,17,94.1,False,False,False,866.3000000000001,252.0
26,D310,2,1992,1992-09-24,1.155300009250641,1189.08,7.400000095367432,394.0,122.0,78,6051,18,94.1,False,False,False,866.3000000000001,542.0
26,D310,2,1993,1993-12-09,1.1683000087738038,1010.23,7.5,557.0,104.0,79,6181,19,94.1,False,False,False,866.3000000000001,441.0
26,D310,2,1994,1994-07-06,1.1449999809265137,1002.56,7.699999809265137,699.0,87.0,77,6365,20,94.1,False,False,False,866.3000000000001,209.0
26,D310,2,1997,1997-06-28,1.2431999683380126,989.24,7.400000095367432,467.0,115.0,79,6851,23,94.1,False,False,False,866.3000000000001,1088.0
26,D320,1,1990,1990-07-23,1.3314000010490417,1299.07,8.800000190734863,336.0,118.0,76,5889,16,58.400000000000006,False,False,False,830.6,0.0
26,D320,2,1991,1991-04-01,1.7305999934673308,971.73,8.899999618530273,483.0,95.0,76,5969,17,63.5,False,False,False,835.7,252.0
26,D320,2,1992,1992-09-24,1.439900016784668,1189.08,7.400000095367432,394.0,122.0,78,6051,18,63.5,False,False,False,835.7,542.0
26,D320,2,1993,1993-12-09,1.5081000089645389,1010.23,7.5,557.0,104.0,79,6181,19,63.5,False,False,False,835.7,441.0
26,D320,2,1994,1994-07-06,1.5230999827384948,1002.56,7.699999809265137,699.0,87.0,77,6365,20,63.5,False,False,False,835.7,209.0
26,D320,2,1997,1997-06-28,1.7218999981880188,989.24,7.400000095367432,467.0,115.0,79,6851,23,63.5,False,False,False,835.7,1088.0
26,D330,1,1990,1990-07-23,0.7900000035762786,1299.07,8.800000190734863,336.0,118.0,76,5889,16,55.900000000000006,False,False,False,828.1,0.0
26,D330,2,1991,1991-04-01,0.959649994969368,971.73,8.899999618530273,483.0,95.0,76,5969,17,55.900000000000006,False,False,False,828.1,252.0
26,D330,2,1992,1992-09-24,0.777999997138977,1189.08,7.400000095367432,394.0,122.0,78,6051,18,55.900000000000006,False,False,False,828.1,542.0
26,D330,2,1993,1993-12-09,0.7898000001907348,1010.23,7.5,557.0,104.0,79,6181,19,55.900000000000006,False,False,False,828.1,441.0
26,D330,2,1994,1994-07-06,0.7994000077247619,1002.56,7.699999809265137,699.0,87.0,77,6365,20,55.900000000000006,False,False,False,828.1,209.0
26,D330,2,1997,1997-06-28,1.0449999928474427,989.24,7.400000095367432,467.0,115.0,79,6851,23,55.900000000000006,False,False,False,828.1,1088.0
26,D340,1,1991,1991-04-01,1.4141999900341036,971.73,8.899999618530273,483.0,95.0,76,5969,17,53.4,False,False,False,825.6,0.0
26,D340,1,1992,1992-09-24,1.2224000096321106,1189.08,7.400000095367432,394.0,122.0,78,6051,18,53.4,False,False,False,825.6,542.0
26,D340,1,1993,1993-12-09,1.2763999938964845,1010.23,7.5,557.0,104.0,79,6181,19,53.4,False,False,False,825.6,441.0
26,D340,1,1994,1994-07-06,1.2726999878883365,1002.56,7.699999809265137,699.0,87.0,77,6365,20,53.4,False,False,False,825.6,209.0
26,D340,1,1997,1997-06-28,1.462600016593933,989.24,7.400000095367432,467.0,115.0,79,6851,23,53.4,False,False,False,825.6,1088.0
26,D350,1,1990,1990-07-23,1.0324000060558318,1299.07,8.800000190734863,336.0,118.0,76,5889,16,68.6,False,False,False,840.8000000000001,0.0
26,D350,2,1991,1991-04-01,2.0587499976158146,971.73,8.899999618530273,483.0,95.0,76,5969,17,76.2,False,False,False,848.4000000000001,252.0
26,D350,2,1992,1992-09-24,1.1924000024795531,1189.08,7.400000095367432,394.0,122.0,78,6051,18,76.2,False,False,False,848.4000000000001,542.0
26,D350,2,1993,1993-12-09,1.434600007534027,1010.23,7.5,557.0,104.0,79,6181,19,76.2,False,False,False,848.4000000000001,441.0
26,D350,2,1994,1994-07-06,1.433399999141693,1002.56,7.699999809265137,699.0,87.0,77,6365,20,76.2,False,False,False,848.4000000000001,209.0
26,D350,2,1997,1997-06-28,1.7537999987602233,989.24,7.400000095367432,467.0,115.0,79,6851,23,76.2,False,False,False,848.4000000000001,1088.0
26,D351,1,1990,1990-07-23,0.8748999953269958,1299.07,8.800000190734863,336.0,118.0,76,5889,16,68.6,False,False,False,840.8000000000001,0.0
26,D351,2,1991,1991-04-01,1.6689500123262406,971.73,8.899999618530273,483.0,95.0,76,5969,17,73.7,False,False,False,845.9000000000001,252.0
26,D351,2,1992,1992-09-24,1.130199986696243,1189.08,7.400000095367432,394.0,122.0,78,6051,18,73.7,False,False,False,845.9000000000001,542.0
26,D351,2,1993,1993-12-09,1.3357999920845032,1010.23,7.5,557.0,104.0,79,6181,19,73.7,False,False,False,845.9000000000001,441.0
26,D351,2,1994,1994-07-06,1.3040000021457672,1002.56,7.699999809265137,699.0,87.0,77,6365,20,73.7,False,False,False,845.9000000000001,209.0
26,D351,2,1997,1997-06-28,1.6146999955177308,989.24,7.400000095367432,467.0,115.0,79,6851,23,73.7,False,False,False,845.9000000000001,1088.0
27,0501,1,1990,1990-05-24,2.252400040626526,649.43,4.699999809265137,1270.0,107.0,67,6134,22,170.2,False,False,False,614.7,0.0
27,0501,1,1991,1991-07-13,2.04449999332428,850.45,4.300000190734863,1477.0,91.0,72,6352,23,170.2,False,False,False,614.7,415.0
27,0501,1,1992,1992-10-31,2.0841999769210817,814.69,3.799999952316284,1260.0,87.0,74,6560,24,170.2,False,False,False,614.7,476.0
27,0501,1,1993,1993-11-16,2.2728000044822694,927.63,2.799999952316284,1533.0,81.0,76,6778,25,170.2,False,False,False,614.7,381.0
27,0501,1,1994,1994-07-17,2.454200029373169,759.15,4.099999904632568,1534.0,89.0,74,7007,26,170.2,False,False,False,614.7,243.0
27,0501,1,1997,1997-07-16,3.337399983406067,685.55,3.299999952316284,1573.0,69.0,77,7737,29,170.2,False,False,False,614.7,1095.0
27,0501,1,1998,1998-09-30,3.4735000133514404,845.39,6.0,1034.0,76.0,74,8032,30,170.2,False,False,False,614.7,441.0
27,0501,2,1999,1999-06-10,3.470700025558472,802.54,5.099999904632568,1017.0,103.0,76,8327,31,170.2,False,False,False,614.6999999999999,253.0
27,0501,2,2000,2000-09-20,3.5126000165939333,712.2,4.599999904632568,1443.0,72.0,70,8622,32,170.2,False,False,False,614.6999999999999,468.0
27,0501,3,2001,2001-08-19,3.654800009727478,755.55,5.199999809265137,1249.0,72.0,75,8920,33,170.2,False,False,False,614.6999999999999,333.0
27,0501,3,2002,2002-12-10,3.2673999786376955,687.53,4.599999904632568,1130.0,109.0,71,9221,34,170.2,False,False,False,614.6999999999999,478.0
27,0501,3,2004,2004-02-25,3.259699964523316,892.81,4.199999809265137,1304.0,96.0,71,9832,36,170.2,False,False,False,614.6999999999999,442.0
27,0501,4,2004,2004-10-09,3.3686999797821047,892.81,4.199999809265137,1304.0,96.0,71,9832,36,170.2,False,False,False,614.6999999999999,227.0
27,0501,5,2005,2005-06-06,3.4873000144958493,1024.87,5.199999809265137,1303.0,75.0,74,10142,37,170.2,False,False,False,614.6999999999999,240.0
27,0502,1,1990,1990-05-24,2.7950000047683714,649.43,4.699999809265137,1270.0,107.0,67,6134,22,170.2,False,False,False,619.8000000000001,0.0
27,0502,3,1991,1991-07-13,0.8466000080108642,850.45,4.300000190734863,1477.0,91.0,72,6352,23,218.5,False,False,False,668.1,415.0
27,0502,3,1992,1992-10-31,1.0757000267505648,814.69,3.799999952316284,1260.0,87.0,74,6560,24,218.5,False,False,False,668.1,476.0
27,0502,3,1993,1993-11-16,1.0867000102996829,927.63,2.799999952316284,1533.0,81.0,76,6778,25,218.5,False,False,False,668.1,381.0
27,0502,3,1994,1994-07-17,1.1343000054359436,759.15,4.099999904632568,1534.0,89.0,74,7007,26,218.5,False,False,False,668.1,243.0
27,0502,3,1997,1997-07-16,1.666200006008148,685.55,3.299999952316284,1573.0,69.0,77,7737,29,218.5,False,False,False,668.1,1095.0
27,0502,3,1998,1998-09-30,1.790399968624115,845.39,6.0,1034.0,76.0,74,8032,30,218.5,False,False,False,668.1,441.0
27,0502,3,1999,1999-06-10,1.765499997138977,802.54,5.099999904632568,1017.0,103.0,76,8327,31,218.5,False,False,False,668.1,253.0
27,0502,3,2000,2000-09-20,1.7291000008583068,712.2,4.599999904632568,1443.0,72.0,70,8622,32,218.5,False,False,False,668.1,468.0
27,0502,4,2001,2001-08-19,1.4072999954223633,755.55,5.199999809265137,1249.0,72.0,75,8920,33,218.5,False,False,False,668.1,333.0
27,0502,4,2002,2002-12-10,1.4352999925613403,687.53,4.599999904632568,1130.0,109.0,71,9221,34,218.5,False,False,False,668.1,478.0
27,0502,4,2004,2004-02-25,1.543499994277954,892.81,4.199999809265137,1304.0,96.0,71,9832,36,218.5,False,False,False,668.1,442.0
27,0502,5,2004,2004-10-09,1.3832999944686888,892.81,4.199999809265137,1304.0,96.0,71,9832,36,218.5,False,False,False,668.1,227.0
27,0502,5,2005,2005-06-06,1.5620000243186951,1024.87,5.199999809265137,1303.0,75.0,74,10142,37,218.5,False,False,False,668.1,240.0
27,0503,1,1990,1990-05-24,2.7353000164031984,649.43,4.699999809265137,1270.0,107.0,67,6134,22,162.5,False,False,False,607.0,0.0
27,0503,3,1991,1991-07-13,0.7627999961376191,850.45,4.300000190734863,1477.0,91.0,72,6352,23,274.3,False,False,False,718.8,415.0
27,0503,3,1992,1992-10-31,0.9649999976158142,814.69,3.799999952316284,1260.0,87.0,74,6560,24,274.3,False,False,False,718.8,476.0
27,0503,3,1993,1993-11-16,0.9487999975681304,927.63,2.799999952316284,1533.0,81.0,76,6778,25,274.3,False,False,False,718.8,381.0
27,0503,3,1994,1994-07-17,0.9887000024318696,759.15,4.099999904632568,1534.0,89.0,74,7007,26,274.3,False,False,False,718.8,243.0
27,0503,3,1997,1997-07-16,1.343400001525879,685.55,3.299999952316284,1573.0,69.0,77,7737,29,274.3,False,False,False,718.8,1095.0
27,0503,3,1998,1998-09-30,1.4799999952316285,845.39,6.0,1034.0,76.0,74,8032,30,274.3,False,False,False,718.8,441.0
27,0503,3,1999,1999-06-10,1.5367999911308288,802.54,5.099999904632568,1017.0,103.0,76,8327,31,274.3,False,False,False,718.8,253.0
27,0503,3,2000,2000-09-20,1.5991000056266784,712.2,4.599999904632568,1443.0,72.0,70,8622,32,274.3,False,False,False,718.8,468.0
27,0503,4,2001,2001-08-19,1.5748000025749205,755.55,5.199999809265137,1249.0,72.0,75,8920,33,274.3,False,False,False,718.8,333.0
27,0503,4,2002,2002-12-10,1.6566000103950502,687.53,4.599999904632568,1130.0,109.0,71,9221,34,274.3,False,False,False,718.8,478.0
27,0503,4,2004,2004-06-17,1.8781499922275544,892.81,4.199999809265137,1304.0,96.0,71,9832,36,274.3,False,False,False,718.8,555.0
27,0503,4,2005,2005-06-06,1.6674000024795532,1024.87,5.199999809265137,1303.0,75.0,74,10142,37,274.3,False,False,False,718.8,354.0
27,0504,1,1990,1990-05-24,3.169600009918213,649.43,4.699999809265137,1270.0,107.0,67,6134,22,170.2,False,False,False,622.3,0.0
27,0504,3,1991,1991-07-13,1.118800014257431,850.45,4.300000190734863,1477.0,91.0,72,6352,23,299.7,False,False,False,751.8,415.0
27,0504,3,1992,1992-10-31,1.2411999940872191,814.69,3.799999952316284,1260.0,87.0,74,6560,24,299.7,False,False,False,751.8,476.0
27,0504,3,1993,1993-11-16,1.2047999858856202,927.63,2.799999952316284,1533.0,81.0,76,6778,25,299.7,False,False,False,751.8,381.0
27,0504,3,1994,1994-07-17,1.2494999885559082,759.15,4.099999904632568,1534.0,89.0,74,7007,26,299.7,False,False,False,751.8,243.0
27,0504,3,1997,1997-07-16,1.5764999985694883,685.55,3.299999952316284,1573.0,69.0,77,7737,29,299.7,False,False,False,751.8,1095.0
27,0504,3,1998,1998-09-30,1.6537999987602232,845.39,6.0,1034.0,76.0,74,8032,30,299.7,False,False,False,751.8,441.0
27,0504,3,1999,1999-06-10,1.717400002479553,802.54,5.099999904632568,1017.0,103.0,76,8327,31,299.7,False,False,False,751.8,253.0
27,0504,3,2000,2000-09-20,1.7139999985694885,712.2,4.599999904632568,1443.0,72.0,70,8622,32,299.7,False,False,False,751.8,468.0
27,0504,4,2001,2001-08-19,1.4741000056266784,755.55,5.199999809265137,1249.0,72.0,75,8920,33,299.7,False,False,False,751.8,333.0
27,0504,4,2002,2002-12-10,1.570300006866455,687.53,4.599999904632568,1130.0,109.0,71,9221,34,299.7,False,False,False,751.8,478.0
27,0504,4,2004,2004-02-25,1.8349000096321104,892.81,4.199999809265137,1304.0,96.0,71,9832,36,299.7,False,False,False,751.8,442.0
27,0504,5,2004,2004-10-09,1.624399983882904,892.81,4.199999809265137,1304.0,96.0,71,9832,36,299.7,False,False,False,751.8,227.0
27,0504,5,2005,2005-06-06,1.8675999999046329,1024.87,5.199999809265137,1303.0,75.0,74,10142,37,299.7,False,False,False,751.8,240.0
27,0505,1,1990,1990-05-24,2.5455999851226805,649.43,4.699999809265137,1270.0,107.0,67,6134,22,167.6,False,False,False,612.1,0.0
27,0505,3,1991,1991-07-13,1.0768999934196473,850.45,4.300000190734863,1477.0,91.0,72,6352,23,215.9,False,False,False,660.4,415.0
27,0505,3,1992,1992-10-31,1.2357999801635742,814.69,3.799999952316284,1260.0,87.0,74,6560,24,215.9,False,False,False,660.4,476.0
27,0505,3,1993,1993-11-16,1.2020000219345093,927.63,2.799999952316284,1533.0,81.0,76,6778,25,215.9,False,False,False,660.4,381.0
27,0505,3,1994,1994-07-17,1.3061999917030334,759.15,4.099999904632568,1534.0,89.0,74,7007,26,215.9,False,False,False,660.4,243.0
27,0505,3,1997,1997-07-16,1.778999996185303,685.55,3.299999952316284,1573.0,69.0,77,7737,29,215.9,False,False,False,660.4,1095.0
27,0505,3,1998,1998-09-30,1.9380000233650208,845.39,6.0,1034.0,76.0,74,8032,30,215.9,False,False,False,660.4,441.0
27,0505,4,1999,1999-06-10,2.045099973678589,802.54,5.099999904632568,1017.0,103.0,76,8327,31,215.9,False,False,False,660.4,253.0
27,0505,4,2000,2000-09-20,1.985800004005432,712.2,4.599999904632568,1443.0,72.0,70,8622,32,215.9,False,False,False,660.4,468.0
27,0505,5,2001,2001-08-19,1.513100004196167,755.55,5.199999809265137,1249.0,72.0,75,8920,33,215.9,False,False,False,660.4,333.0
27,0505,5,2002,2002-12-10,1.6049999833106994,687.53,4.599999904632568,1130.0,109.0,71,9221,34,215.9,False,False,False,660.4,478.0
27,0505,6,2004,2004-02-25,1.5776999950408936,892.81,4.199999809265137,1304.0,96.0,71,9832,36,215.9,False,False,False,660.4,442.0
27,0505,7,2004,2004-10-09,1.6484999895095824,892.81,4.199999809265137,1304.0,96.0,71,9832,36,215.9,False,False,False,660.4,227.0
27,0505,7,2005,2005-06-06,2.067599964141846,1024.87,5.199999809265137,1303.0,75.0,74,10142,37,215.9,False,False,False,660.4,240.0
27,0506,3,1991,1991-07-13,1.0816000163555146,850.45,4.300000190734863,1477.0,91.0,72,6352,23,221.0,False,False,False,624.8000000000001,0.0
27,0506,3,1992,1992-10-31,1.1684000015258789,814.69,3.799999952316284,1260.0,87.0,74,6560,24,221.0,False,False,False,624.8000000000001,476.0
27,0506,3,1993,1993-11-16,1.201800000667572,927.63,2.799999952316284,1533.0,81.0,76,6778,25,221.0,False,False,False,624.8000000000001,381.0
27,0506,3,1994,1994-07-17,1.209499990940094,759.15,4.099999904632568,1534.0,89.0,74,7007,26,221.0,False,False,False,624.8000000000001,243.0
27,0506,3,1997,1997-07-16,1.556000006198883,685.55,3.299999952316284,1573.0,69.0,77,7737,29,221.0,False,False,False,624.8000000000001,1095.0
27,0506,3,1998,1998-09-30,1.6883000254631042,845.39,6.0,1034.0,76.0,74,8032,30,221.0,False,False,False,624.8000000000001,441.0
27,0506,4,1999,1999-06-10,1.7968999981880187,802.54,5.099999904632568,1017.0,103.0,76,8327,31,221.0,False,False,False,624.8000000000001,253.0
27,0506,4,2000,2000-09-20,1.7773000001907349,712.2,4.599999904632568,1443.0,72.0,70,8622,32,221.0,False,False,False,624.8000000000001,468.0
27,0506,5,2001,2001-08-19,1.3401000022888183,755.55,5.199999809265137,1249.0,72.0,75,8920,33,221.0,False,False,False,624.8000000000001,333.0
27,0506,5,2002,2002-12-10,1.3543000102043152,687.53,4.599999904632568,1130.0,109.0,71,9221,34,221.0,False,False,False,624.8000000000001,478.0
27,0506,5,2004,2004-02-25,1.5152999997138976,892.81,4.199999809265137,1304.0,96.0,71,9832,36,221.0,False,False,False,624.8000000000001,442.0
27,0506,6,2004,2004-10-09,1.5346000075340271,892.81,4.199999809265137,1304.0,96.0,71,9832,36,221.0,False,False,False,624.8000000000001,227.0
27,0506,6,2005,2005-06-06,2.0132999777793885,1024.87,5.199999809265137,1303.0,75.0,74,10142,37,221.0,False,False,False,624.8000000000001,240.0
27,0507,1,1990,1990-05-24,2.639499998092651,649.43,4.699999809265137,1270.0,107.0,67,6134,22,177.8,False,False,False,622.3,0.0
27,0507,3,1991,1991-07-13,0.8453999996185303,850.45,4.300000190734863,1477.0,91.0,72,6352,23,302.3,False,False,False,746.8,415.0
27,0507,3,1992,1992-10-31,0.9507999897003174,814.69,3.799999952316284,1260.0,87.0,74,6560,24,302.3,False,False,False,746.8,476.0
27,0507,3,1993,1993-11-16,0.90450000166893,927.63,2.799999952316284,1533.0,81.0,76,6778,25,302.3,False,False,False,746.8,381.0
27,0507,3,1994,1994-07-17,0.909500002861023,759.15,4.099999904632568,1534.0,89.0,74,7007,26,302.3,False,False,False,746.8,243.0
27,0507,3,1997,1997-07-16,1.2134999990463258,685.55,3.299999952316284,1573.0,69.0,77,7737,29,302.3,False,False,False,746.8,1095.0
27,0507,3,1998,1998-09-30,1.2547999978065492,845.39,6.0,1034.0,76.0,74,8032,30,302.3,False,False,False,746.8,441.0
27,0507,4,1999,1999-06-10,1.259599995613098,802.54,5.099999904632568,1017.0,103.0,76,8327,31,302.3,False,False,False,746.8,253.0
27,0507,4,2000,2000-09-20,1.2956000208854674,712.2,4.599999904632568,1443.0,72.0,70,8622,32,302.3,False,False,False,746.8,468.0
27,0507,5,2001,2001-08-19,1.119400000572205,755.55,5.199999809265137,1249.0,72.0,75,8920,33,302.3,False,False,False,746.8,333.0
27,0507,5,2002,2002-12-10,1.24099999666214,687.53,4.599999904632568,1130.0,109.0,71,9221,34,302.3,False,False,False,746.8,478.0
27,0507,5,2004,2004-02-25,1.40349999666214,892.81,4.199999809265137,1304.0,96.0,71,9832,36,302.3,False,False,False,746.8,442.0
27,0507,6,2004,2004-10-09,1.2365000009536744,892.81,4.199999809265137,1304.0,96.0,71,9832,36,302.3,False,False,False,746.8,227.0
27,0507,6,2005,2005-06-06,1.256000018119812,1024.87,5.199999809265137,1303.0,75.0,74,10142,37,302.3,False,False,False,746.8,240.0
27,0508,1,1990,1990-05-24,2.492799973487854,649.43,4.699999809265137,1270.0,107.0,67,6134,22,165.1,False,False,False,617.2,0.0
27,0508,3,1991,1991-07-13,0.9993000090122224,850.45,4.300000190734863,1477.0,91.0,72,6352,23,276.9,False,False,False,729.0,415.0
27,0508,3,1992,1992-10-31,1.0990000009536742,814.69,3.799999952316284,1260.0,87.0,74,6560,24,276.9,False,False,False,729.0,476.0
27,0508,3,1993,1993-11-16,1.067200005054474,927.63,2.799999952316284,1533.0,81.0,76,6778,25,276.9,False,False,False,729.0,381.0
27,0508,3,1994,1994-07-17,1.0510000050067902,759.15,4.099999904632568,1534.0,89.0,74,7007,26,276.9,False,False,False,729.0,243.0
27,0508,3,1997,1997-07-16,1.287500011920929,685.55,3.299999952316284,1573.0,69.0,77,7737,29,276.9,False,False,False,729.0,1095.0
27,0508,3,1998,1998-09-30,1.327500009536743,845.39,6.0,1034.0,76.0,74,8032,30,276.9,False,False,False,729.0,441.0
27,0508,3,1999,1999-06-10,1.3521000027656551,802.54,5.099999904632568,1017.0,103.0,76,8327,31,276.9,False,False,False,729.0,253.0
27,0508,3,2000,2000-09-20,1.3854000091552736,712.2,4.599999904632568,1443.0,72.0,70,8622,32,276.9,False,False,False,729.0,468.0
27,0508,4,2001,2001-08-19,1.3486000061035155,755.55,5.199999809265137,1249.0,72.0,75,8920,33,276.9,False,False,False,729.0,333.0
27,0508,4,2002,2002-12-10,1.3532999992370605,687.53,4.599999904632568,1130.0,109.0,71,9221,34,276.9,False,False,False,729.0,478.0
27,0508,4,2004,2004-06-17,1.49510001540184,892.81,4.199999809265137,1304.0,96.0,71,9832,36,276.9,False,False,False,729.0,555.0
27,0508,4,2005,2005-06-06,1.5625999927520753,1024.87,5.199999809265137,1303.0,75.0,74,10142,37,276.9,False,False,False,729.0,354.0
27,0509,1,1990,1990-05-24,2.949899983406067,649.43,4.699999809265137,1270.0,107.0,67,6134,22,170.2,False,False,False,619.8000000000001,0.0
27,0509,3,1991,1991-07-13,0.7797000050544738,850.45,4.300000190734863,1477.0,91.0,72,6352,23,215.9,False,False,False,665.5,415.0
27,0509,3,1992,1992-10-31,0.9573999881744384,814.69,3.799999952316284,1260.0,87.0,74,6560,24,215.9,False,False,False,665.5,476.0
27,0509,3,1993,1993-11-16,0.9549000203609466,927.63,2.799999952316284,1533.0,81.0,76,6778,25,215.9,False,False,False,665.5,381.0
27,0509,3,1994,1994-07-17,1.0111999928951263,759.15,4.099999904632568,1534.0,89.0,74,7007,26,215.9,False,False,False,665.5,243.0
27,0509,3,1997,1997-07-16,1.4298999905586245,685.55,3.299999952316284,1573.0,69.0,77,7737,29,215.9,False,False,False,665.5,1095.0
27,0509,3,1998,1998-09-30,1.5824999928474426,845.39,6.0,1034.0,76.0,74,8032,30,215.9,False,False,False,665.5,441.0
27,0509,3,1999,1999-06-10,1.6227999925613403,802.54,5.099999904632568,1017.0,103.0,76,8327,31,215.9,False,False,False,665.5,253.0
27,0509,3,2000,2000-09-20,1.7432999968528748,712.2,4.599999904632568,1443.0,72.0,70,8622,32,215.9,False,False,False,665.5,468.0
27,0509,4,2001,2001-08-19,1.4967999935150145,755.55,5.199999809265137,1249.0,72.0,75,8920,33,215.9,False,False,False,665.5,333.0
27,0509,4,2002,2002-12-10,1.5133000135421757,687.53,4.599999904632568,1130.0,109.0,71,9221,34,215.9,False,False,False,665.5,478.0
27,0509,4,2004,2004-06-17,1.659049993753433,892.81,4.199999809265137,1304.0,96.0,71,9832,36,215.9,False,False,False,665.5,555.0
27,0509,4,2005,2005-06-06,1.8447999954223635,1024.87,5.199999809265137,1303.0,75.0,74,10142,37,215.9,False,False,False,665.5,354.0
27,0559,1,1990,1990-05-24,2.3971999883651733,649.43,4.699999809265137,1270.0,107.0,67,6134,22,172.70000000000002,False,False,False,617.1999999999999,0.0
27,0559,3,1991,1991-07-13,0.9090999960899352,850.45,4.300000190734863,1477.0,91.0,72,6352,23,215.9,False,False,False,660.4,415.0
27,0559,3,1992,1992-10-31,1.0537000060081485,814.69,3.799999952316284,1260.0,87.0,74,6560,24,215.9,False,False,False,660.4,476.0
27,0559,3,1993,1993-11-16,1.079599994421005,927.63,2.799999952316284,1533.0,81.0,76,6778,25,215.9,False,False,False,660.4,381.0
27,0559,3,1994,1994-07-17,1.1472999811172486,759.15,4.099999904632568,1534.0,89.0,74,7007,26,215.9,False,False,False,660.4,243.0
27,0559,3,1997,1997-07-16,1.6246000170707702,685.55,3.299999952316284,1573.0,69.0,77,7737,29,215.9,False,False,False,660.4,1095.0
27,0559,3,1998,1998-09-30,1.7578999996185305,845.39,6.0,1034.0,76.0,74,8032,30,215.9,False,False,False,660.4,441.0
27,0559,3,1999,1999-06-10,1.789400005340576,802.54,5.099999904632568,1017.0,103.0,76,8327,31,215.9,False,False,False,660.4,253.0
27,0559,3,2000,2000-09-20,1.91529997587204,712.2,4.599999904632568,1443.0,72.0,70,8622,32,215.9,False,False,False,660.4,468.0
27,0559,4,2001,2001-08-19,2.070400023460388,755.55,5.199999809265137,1249.0,72.0,75,8920,33,215.9,False,False,False,660.4,333.0
27,0559,4,2002,2002-12-10,1.7674999833106997,687.53,4.599999904632568,1130.0,109.0,71,9221,34,215.9,False,False,False,660.4,478.0
27,0559,4,2004,2004-02-25,1.971899998188019,892.81,4.199999809265137,1304.0,96.0,71,9832,36,215.9,False,False,False,660.4,442.0
27,0559,5,2004,2004-10-09,2.1814000010490417,892.81,4.199999809265137,1304.0,96.0,71,9832,36,215.9,False,False,False,660.4,227.0
27,0559,5,2005,2005-06-06,2.127400004863739,1024.87,5.199999809265137,1303.0,75.0,74,10142,37,215.9,False,False,False,660.4,240.0
27,0560,1,1990,1990-05-24,2.507900023460388,649.43,4.699999809265137,1270.0,107.0,67,6134,22,205.8,False,False,False,650.3,0.0
27,0560,3,1991,1991-07-13,1.117199993133545,850.45,4.300000190734863,1477.0,91.0,72,6352,23,246.4,False,False,False,690.9,415.0
27,0560,3,1992,1992-10-31,1.2222000122070311,814.69,3.799999952316284,1260.0,87.0,74,6560,24,246.4,False,False,False,690.9,476.0
27,0560,3,1993,1993-11-16,1.2044999957084657,927.63,2.799999952316284,1533.0,81.0,76,6778,25,246.4,False,False,False,690.9,381.0
27,0560,3,1994,1994-07-17,1.2448999881744385,759.15,4.099999904632568,1534.0,89.0,74,7007,26,246.4,False,False,False,690.9,243.0
27,0560,3,1997,1997-07-16,1.4980000019073487,685.55,3.299999952316284,1573.0,69.0,77,7737,29,246.4,False,False,False,690.9,1095.0
27,0560,3,1998,1998-09-30,1.5520000219345094,845.39,6.0,1034.0,76.0,74,8032,30,246.4,False,False,False,690.9,441.0
27,0560,4,1999,1999-06-10,1.6281000137329102,802.54,5.099999904632568,1017.0,103.0,76,8327,31,246.4,False,False,False,690.9,253.0
27,0560,4,2000,2000-09-20,1.7203999996185302,712.2,4.599999904632568,1443.0,72.0,70,8622,32,246.4,False,False,False,690.9,468.0
27,0560,5,2001,2001-08-19,1.67370001077652,755.55,5.199999809265137,1249.0,72.0,75,8920,33,246.4,False,False,False,690.9,333.0
27,0560,5,2002,2002-12-10,1.537600004673004,687.53,4.599999904632568,1130.0,109.0,71,9221,34,246.4,False,False,False,690.9,478.0
27,0560,6,2004,2004-06-17,1.772400027513504,892.81,4.199999809265137,1304.0,96.0,71,9832,36,246.4,False,False,False,690.9,555.0
27,0560,6,2005,2005-06-06,1.7741999864578246,1024.87,5.199999809265137,1303.0,75.0,74,10142,37,246.4,False,False,False,690.9,354.0
27,0561,1,1990,1990-05-24,2.103999972343445,649.43,4.699999809265137,1270.0,107.0,67,6134,22,167.7,False,False,False,612.1999999999999,0.0
27,0561,3,1991,1991-07-13,0.8416999995708465,850.45,4.300000190734863,1477.0,91.0,72,6352,23,205.8,False,False,False,650.3,415.0
27,0561,3,1992,1992-10-31,0.9459000051021575,814.69,3.799999952316284,1260.0,87.0,74,6560,24,205.8,False,False,False,650.3,476.0
27,0561,3,1993,1993-11-16,0.875600004196167,927.63,2.799999952316284,1533.0,81.0,76,6778,25,205.8,False,False,False,650.3,381.0
27,0561,3,1994,1994-07-17,0.9984000027179718,759.15,4.099999904632568,1534.0,89.0,74,7007,26,205.8,False,False,False,650.3,243.0
27,0561,3,1997,1997-07-16,1.5480999946594238,685.55,3.299999952316284,1573.0,69.0,77,7737,29,205.8,False,False,False,650.3,1095.0
27,0561,3,1998,1998-09-30,1.652400004863739,845.39,6.0,1034.0,76.0,74,8032,30,205.8,False,False,False,650.3,441.0
27,0561,3,1999,1999-06-10,1.6826999902725222,802.54,5.099999904632568,1017.0,103.0,76,8327,31,205.8,False,False,False,650.3,253.0
27,0561,3,2000,2000-09-20,1.856699991226196,712.2,4.599999904632568,1443.0,72.0,70,8622,32,205.8,False,False,False,650.3,468.0
27,0561,4,2001,2001-08-19,2.109299981594086,755.55,5.199999809265137,1249.0,72.0,75,8920,33,205.8,False,False,False,650.3,333.0
27,0561,4,2002,2002-12-10,2.050100016593933,687.53,4.599999904632568,1130.0,109.0,71,9221,34,205.8,False,False,False,650.3,478.0
27,0561,4,2004,2004-02-25,1.8524999976158143,892.81,4.199999809265137,1304.0,96.0,71,9832,36,205.8,False,False,False,650.3,442.0
27,0561,5,2004,2004-10-09,2.1374000310897827,892.81,4.199999809265137,1304.0,96.0,71,9832,36,205.8,False,False,False,650.3,227.0
27,0561,5,2005,2005-06-06,2.3016000270843504,1024.87,5.199999809265137,1303.0,75.0,74,10142,37,205.8,False,False,False,650.3,240.0
27,1003,1,1997,1997-08-05,1.765499997138977,819.98,5.400000095367432,1186.0,85.0,75,7872,5,167.6,False,False,False,1107.4,0.0
27,1003,1,1998,1998-10-06,1.92319997549057,926.53,8.199999809265137,697.0,85.0,73,9949,6,167.6,False,False,False,1107.4,427.0
27,1003,1,1999,1999-12-15,2.005599999427796,927.67,7.5,768.0,103.0,71,12168,7,167.6,False,False,False,1107.4,435.0
27,1003,1,2000,2000-07-28,2.0479999661445616,803.89,6.800000190734863,1092.0,74.0,68,14568,8,167.6,False,False,False,1107.4,226.0
27,1003,1,2001,2001-08-22,2.086900019645691,877.47,6.800000190734863,1012.0,73.0,74,17016,9,167.6,False,False,False,1107.4,390.0
27,1003,2,2007,2007-09-15,3.225800013542175,822.61,7.400000095367432,1125.0,62.0,67,32768,15,167.6,False,False,False,1107.4,2215.0
27,1004,1,1997,1997-08-05,1.7840999960899353,819.98,5.400000095367432,1186.0,85.0,75,7872,5,228.6,False,False,False,228.6,0.0
27,1004,1,1998,1998-10-06,2.141200006008148,926.53,8.199999809265137,697.0,85.0,73,9949,6,228.6,False,False,False,228.6,427.0
27,1004,1,1999,1999-12-15,2.3398999691009523,927.67,7.5,768.0,103.0,71,12168,7,228.6,False,False,False,228.6,435.0
27,1004,2,2000,2000-07-28,2.506399989128113,803.89,6.800000190734863,1092.0,74.0,68,14568,8,228.6,False,False,False,228.6,226.0
27,1004,2,2001,2001-08-22,2.6536000251770018,877.47,6.800000190734863,1012.0,73.0,74,17016,9,228.6,False,False,False,228.6,390.0
27,1004,3,2007,2007-09-15,3.7392000198364257,822.61,7.400000095367432,1125.0,62.0,67,32768,15,241.3,False,False,False,241.3,2215.0
27,1016,1,1989,1989-10-26,1.9943999886512755,563.46,2.799999952316284,1977.0,69.0,70,1055,14,76.2,False,False,False,190.5,0.0
27,1016,1,1990,1990-05-24,1.9113999962806705,649.43,4.699999809265137,1270.0,107.0,67,1135,15,76.2,False,False,False,190.5,210.0
27,1016,1,1991,1991-07-13,1.9742000102996824,850.45,4.300000190734863,1477.0,91.0,72,1244,16,76.2,False,False,False,190.5,415.0
27,1016,1,1992,1992-10-30,2.254300010204316,814.69,3.799999952316284,1260.0,87.0,74,1381,17,76.2,False,False,False,190.5,475.0
27,1016,1,1993,1993-11-16,2.1952999949455263,927.63,2.799999952316284,1533.0,81.0,76,1544,18,76.2,False,False,False,190.5,382.0
27,1016,1,1994,1994-07-16,2.205000030994415,759.15,4.099999904632568,1534.0,89.0,74,1696,19,76.2,False,False,False,190.5,242.0
27,1016,1,1997,1997-07-16,3.130400013923645,685.55,3.299999952316284,1573.0,69.0,77,2246,22,76.2,False,False,False,190.5,1096.0
27,1016,2,1998,1998-09-30,0.9847000062465668,845.39,6.0,1034.0,76.0,74,2876,23,116.8,False,False,False,231.1,441.0
27,1016,3,2000,2000-09-20,1.0575999855995175,712.2,4.599999904632568,1443.0,72.0,70,3172,25,116.8,False,False,False,231.1,721.0
27,1016,3,2003,2003-03-18,1.2030999898910522,829.98,4.699999809265137,1437.0,71.0,68,3669,28,116.8,False,False,False,231.1,909.0
27,1017,1,1997,1997-08-05,1.245899999141693,819.98,5.400000095367432,1186.0,85.0,75,7872,5,203.2,False,False,False,914.4,0.0
27,1017,2,1998,1998-10-06,1.8741000056266783,926.53,8.199999809265137,697.0,85.0,73,9949,6,203.2,False,False,False,914.4,427.0
27,1017,2,1999,1999-12-15,2.115899991989136,927.67,7.5,768.0,103.0,71,12168,7,203.2,False,False,False,914.4,435.0
27,1017,2,2000,2000-07-28,2.251899969577789,803.89,6.800000190734863,1092.0,74.0,68,14568,8,203.2,False,False,False,914.4,226.0
27,1017,2,2001,2001-08-22,2.435399961471558,877.47,6.800000190734863,1012.0,73.0,74,17016,9,203.2,False,False,False,914.4,390.0
27,1017,3,2007,2007-09-15,3.669400000572205,822.61,7.400000095367432,1125.0,62.0,67,32768,15,215.9,False,False,False,927.1,2215.0
27,1018,1,1990,1990-06-24,2.503499984741211,1104.42,5.900000095367432,937.0,120.0,71,2045,12,111.7,False,False,False,243.8,0.0
27,1018,1,1991,1991-08-08,2.721300029754639,869.51,5.300000190734863,1255.0,86.0,75,2337,13,111.7,False,False,False,243.8,410.0
27,1018,2,1993,1993-11-21,2.832499957084656,928.04,3.799999952316284,1363.0,81.0,77,2827,15,111.7,False,False,False,243.8,836.0
27,1018,2,1994,1994-06-13,3.061388889948528,853.82,5.0,1380.0,91.0,74,3091,16,111.7,False,False,False,243.8,204.0
27,1018,3,1995,1995-04-11,2.025166670481364,891.24,4.300000190734863,1463.0,73.0,77,3396,17,119.3,False,False,False,251.4,302.0
27,1018,4,1997,1997-06-05,0.9777666668097178,822.82,4.699999809265137,1314.0,83.0,76,4075,19,154.89999999999998,False,False,False,287.0,786.0
27,1018,4,1998,1998-10-02,0.8918000042438508,678.91,7.599999904632568,805.0,80.0,73,4427,20,154.89999999999998,False,False,False,287.0,484.0
27,1018,4,1999,1999-06-12,0.9497999906539916,798.11,6.800000190734863,829.0,103.0,73,4735,21,154.89999999999998,False,False,False,287.0,253.0
27,1018,4,2000,2000-07-26,1.16939999461174,746.77,6.099999904632568,1192.0,74.0,68,5005,22,154.89999999999998,False,False,False,287.0,410.0
27,1018,4,2001,2001-08-21,1.494099998474121,856.49,6.099999904632568,1086.0,73.0,75,5283,23,154.89999999999998,False,False,False,287.0,391.0
27,1018,6,2004,2004-10-07,1.7306999921798707,896.96,6.0,1004.0,93.0,70,6168,26,162.5,False,False,False,294.6,1143.0
27,1018,6,2009,2009-07-22,2.883299994468689,769.77,4.800000190734863,1286.0,84.0,74,7906,31,162.5,False,False,False,294.6,1749.0
27,1018,6,2011,2011-05-04,3.574600005149841,765.77,5.599999904632568,1177.0,85.0,75,9305,33,162.5,False,False,False,294.6,651.0
27,1019,1,1990,1990-05-22,1.5835999965667726,961.0,6.800000190734863,795.0,121.0,69,1540,11,127.0,False,False,False,289.6,0.0
27,1019,1,1991,1991-08-08,1.513100016117096,951.94,5.800000190734863,1176.0,83.0,75,1660,12,127.0,False,False,False,289.6,443.0
27,1019,2,1992,1992-08-05,1.4783999919891355,754.2,5.800000190734863,924.0,91.0,74,1891,13,127.0,False,False,False,289.6,363.0
27,1019,2,1993,1993-11-22,1.4896999955177308,1138.45,4.400000095367432,1278.0,84.0,77,2108,14,127.0,False,False,False,289.6,474.0
27,1019,3,1994,1994-07-27,1.6039999961853026,933.64,5.5,1295.0,85.0,75,2352,15,127.0,False,False,False,289.6,247.0
27,1020,1,1997,1997-08-05,0.9056999981403352,819.98,5.400000095367432,1186.0,85.0,75,7872,5,203.2,False,False,False,914.4,0.0
27,1020,1,1998,1998-10-06,1.1422999918460846,926.53,8.199999809265137,697.0,85.0,73,9949,6,203.2,False,False,False,914.4,427.0
27,1020,2,1999,1999-12-15,1.0673000037670135,927.67,7.5,768.0,103.0,71,12168,7,228.6,False,False,False,939.8,435.0
27,1020,2,2000,2000-07-28,1.108599990606308,803.89,6.800000190734863,1092.0,74.0,68,14568,8,228.6,False,False,False,939.8,226.0
27,1020,2,2001,2001-08-22,1.1752000093460082,877.47,6.800000190734863,1012.0,73.0,74,17016,9,228.6,False,False,False,939.8,390.0
27,1020,3,2007,2007-09-15,2.041200006008148,822.61,7.400000095367432,1125.0,62.0,67,32768,15,241.3,False,False,False,952.5,2215.0
27,1023,1,1989,1989-10-26,1.5921999931335449,563.46,2.799999952316284,1977.0,69.0,70,2248,8,269.3,False,False,False,642.7,0.0
27,1023,1,1990,1990-06-09,1.7428333361943564,649.43,4.699999809265137,1270.0,107.0,67,2598,9,269.3,False,False,False,642.7,226.0
27,1023,1,1991,1991-07-12,1.7650999903678894,850.45,4.300000190734863,1477.0,91.0,72,2908,10,269.3,False,False,False,642.7,398.0
27,1023,1,1992,1992-10-30,1.918499994277954,814.69,3.799999952316284,1260.0,87.0,74,3256,11,269.3,False,False,False,642.7,476.0
27,1023,1,1993,1993-11-16,1.9806000113487243,927.63,2.799999952316284,1533.0,81.0,76,3608,12,269.3,False,False,False,642.7,382.0
27,1023,1,1994,1994-07-16,2.244200038909912,759.15,4.099999904632568,1534.0,89.0,74,3980,13,269.3,False,False,False,642.7,242.0
27,1023,1,1997,1997-06-03,3.0462499856948853,685.55,3.299999952316284,1573.0,69.0,77,5068,16,269.3,False,False,False,642.7,1053.0
27,1023,2,2000,2000-09-20,0.5995000064373016,712.2,4.599999904632568,1443.0,72.0,70,6367,19,325.1,False,False,False,698.5,1205.0
27,1023,3,2001,2001-08-19,0.625900000333786,755.55,5.199999809265137,1249.0,72.0,75,6850,20,325.1,False,False,False,698.5,333.0
27,1023,3,2004,2004-10-08,0.6803000032901765,892.81,4.199999809265137,1304.0,96.0,71,8422,23,325.1,False,False,False,698.5,1146.0
27,1023,3,2009,2009-07-21,0.8075000047683716,862.23,3.299999952316284,1546.0,85.0,76,11509,28,325.1,False,False,False,698.5,1747.0
27,1023,3,2011,2011-05-04,0.8800999999046326,687.48,4.699999809265137,1361.0,77.0,73,12930,30,325.1,False,False,False,698.5,652.0
27,1023,3,2013,2013-10-10,0.976500004529953,834.58,3.0999999046325684,1800.0,69.0,73,14472,32,325.1,False,False,False,698.5,890.0
27,1023,3,2014,2014-08-06,0.964599996805191,887.82,2.5999999046325684,1875.0,63.0,74,15291,33,325.1,False,False,False,698.5,300.0
27,1028,1,1989,1989-10-25,2.277799963951111,545.09,3.900000095367432,1768.0,78.0,68,4780,18,243.8,False,False,False,243.8,0.0
27,1028,1,1990,1990-05-23,2.0434000253677365,713.29,5.900000095367432,1014.0,114.0,66,5030,19,243.8,False,False,False,243.8,210.0
27,1028,1,1991,1991-08-08,2.2564999938011168,815.06,5.5,1240.0,90.0,71,5302,20,243.8,False,False,False,243.8,442.0
27,1028,1,1992,1992-11-01,2.3079999923706054,806.82,5.099999904632568,1033.0,98.0,72,5558,21,243.8,False,False,False,243.8,451.0
27,1028,1,1993,1993-11-20,2.2458000063896177,823.59,3.5999999046325684,1420.0,72.0,75,5846,22,243.8,False,False,False,243.8,384.0
27,1028,1,1994,1994-06-11,2.53155265356365,706.96,4.900000095367432,1419.0,87.0,72,6155,23,243.8,False,False,False,243.8,203.0
27,1028,1,1995,1995-04-11,2.663166666030884,902.39,4.099999904632568,1504.0,65.0,75,6470,24,243.8,False,False,False,243.8,304.0
27,1028,1,1997,1997-04-19,3.169899980227153,635.03,4.400000095367432,1395.0,76.0,75,7158,26,243.8,False,False,False,243.8,739.0
27,1028,2,1997,1997-09-10,0.8513000011444092,635.03,4.400000095367432,1395.0,76.0,75,7158,26,243.8,False,False,False,243.8,144.0
27,1028,2,1998,1998-10-01,1.0451999962329863,634.51,7.0,865.0,89.0,73,7500,27,243.8,False,False,False,243.8,386.0
27,1028,2,2000,2000-07-22,1.4007000207901,729.24,5.5,1288.0,68.0,69,8150,29,243.8,False,False,False,243.8,660.0
27,1029,1,1990,1990-06-23,1.6907999992370604,910.94,6.699999809265137,807.0,118.0,71,4540,21,213.3,False,False,False,213.3,0.0
27,1029,1,1991,1991-08-07,1.7747999906539915,1019.35,5.5,1242.0,76.0,77,4728,22,213.3,False,False,False,213.3,410.0
27,1029,1,1992,1992-08-05,1.8628999948501588,787.96,5.5,946.0,89.0,76,4935,23,213.3,False,False,False,213.3,364.0
27,1029,1,1993,1993-11-22,1.928500008583069,1109.16,4.300000190734863,1277.0,87.0,78,5119,24,213.3,False,False,False,213.3,474.0
27,1029,1,1994,1994-07-27,1.9855000257492064,955.29,5.400000095367432,1304.0,86.0,76,5324,25,213.3,False,False,False,213.3,247.0
27,1085,2,1990,1990-06-20,2.757499980926513,1017.7,7.5,631.0,125.0,76,620,7,287.1,False,False,False,287.1,0.0
27,1085,2,1991,1991-08-05,2.891100025177002,1156.65,6.800000190734863,969.0,92.0,79,684,8,287.1,False,False,False,287.1,411.0
27,1085,2,1992,1992-10-27,2.861300015449524,914.17,6.300000190734863,707.0,103.0,80,776,9,287.1,False,False,False,287.1,449.0
27,1085,2,1993,1993-10-19,3.090900039672852,1649.59,5.5,966.0,93.0,83,852,10,287.1,False,False,False,287.1,357.0
27,1085,2,1994,1994-08-02,3.140500020980835,871.61,6.300000190734863,1022.0,85.0,80,930,11,287.1,False,False,False,287.1,287.0
27,1085,2,1997,1997-07-31,3.348699998855591,849.98,6.5,863.0,102.0,78,1184,14,287.1,False,False,False,287.1,1094.0
27,1085,2,1998,1998-10-08,3.4592000246047974,1134.66,8.800000190734863,537.0,91.0,78,1264,15,287.1,False,False,False,287.1,434.0
27,1087,1,1990,1990-06-21,1.3819000124931335,957.75,7.300000190734863,710.0,120.0,71,4100,12,398.8,False,False,False,398.8,0.0
27,1087,1,1991,1991-08-06,1.5994999885559082,1248.94,6.199999809265137,1136.0,82.0,76,4350,13,398.8,False,False,False,398.8,411.0
27,1087,1,1992,1992-08-04,1.616400015354157,897.57,5.900000095367432,897.0,92.0,77,4638,14,398.8,False,False,False,398.8,364.0
27,1087,1,1993,1993-11-23,1.8228999733924869,1344.51,4.900000095367432,1150.0,90.0,80,4910,15,398.8,False,False,False,398.8,476.0
27,1087,1,1994,1994-07-26,1.7961000084877017,1173.24,6.0,1196.0,86.0,77,5152,16,398.8,False,False,False,398.8,245.0
27,1087,1,1997,1997-08-02,2.3910000205039976,812.4,5.900000095367432,1067.0,94.0,77,5965,19,398.8,False,False,False,398.8,1103.0
27,1087,1,1998,1998-10-04,2.6907999515533447,1022.9,8.600000381469727,634.0,85.0,75,6420,20,398.8,False,False,False,398.8,428.0
27,1087,2,1999,1999-06-05,2.800499987602234,961.75,7.800000190734863,719.0,97.0,72,6715,21,398.8,False,False,False,398.8,244.0
27,1087,2,2000,2000-07-30,2.769200015068054,1100.73,7.300000190734863,1014.0,80.0,69,7015,22,398.8,False,False,False,398.8,421.0
27,1087,2,2001,2001-08-15,3.2917000293731693,1011.79,7.199999809265137,948.0,75.0,76,7324,23,398.8,False,False,False,398.8,381.0
27,1087,2,2004,2004-09-28,3.143400025367737,1386.89,7.199999809265137,825.0,99.0,71,8308,26,398.8,False,False,False,398.8,1140.0
27,1087,3,2009,2009-07-29,3.8046000003814697,1091.78,6.300000190734863,1085.0,80.0,72,10093,31,398.8,False,False,False,398.8,1765.0
27,1087,4,2011,2011-05-03,4.340299987792969,1030.92,6.599999904632568,1016.0,87.0,77,10755,33,416.6,False,False,False,416.6,643.0
27,1087,5,2012,2012-05-09,3.74599997997284,760.27,9.300000190734863,590.0,93.0,68,11086,34,416.6,False,False,False,416.6,372.0
27,2018,1,1997,1997-08-05,1.6027999997138975,819.98,5.400000095367432,1186.0,85.0,75,7872,5,215.9,False,False,False,749.3000000000001,0.0
27,2018,2,1998,1998-10-06,2.2317999839782714,926.53,8.199999809265137,697.0,85.0,73,9949,6,215.9,False,False,False,749.3000000000001,427.0
27,2018,2,1999,1999-12-15,2.600600004196167,927.67,7.5,768.0,103.0,71,12168,7,215.9,False,False,False,749.3000000000001,435.0
27,2018,3,2000,2000-07-28,2.7670000314712526,803.89,6.800000190734863,1092.0,74.0,68,14568,8,215.9,False,False,False,749.3000000000001,226.0
27,2018,3,2001,2001-08-22,2.782499980926514,877.47,6.800000190734863,1012.0,73.0,74,17016,9,215.9,False,False,False,749.3000000000001,390.0
27,2018,4,2007,2007-09-15,3.2525999784469604,822.61,7.400000095367432,1125.0,62.0,67,32768,15,241.3,False,False,False,774.7,2215.0
27,2023,1,1997,1997-08-05,1.7803000211715698,819.98,5.400000095367432,1186.0,85.0,75,7872,5,337.8,False,True,False,515.6,0.0
27,2023,1,1998,1998-10-06,1.987899971008301,926.53,8.199999809265137,697.0,85.0,73,9949,6,337.8,False,True,False,515.6,427.0
27,2023,2,1999,1999-12-15,1.5591999888420105,927.67,7.5,768.0,103.0,71,12168,7,363.2,False,True,False,541.0,435.0
27,2023,2,2000,2000-07-28,1.7424999833106996,803.89,6.800000190734863,1092.0,74.0,68,14568,8,363.2,False,True,False,541.0,226.0
27,2023,2,2001,2001-08-22,1.9746999979019169,877.47,6.800000190734863,1012.0,73.0,74,17016,9,363.2,False,True,False,541.0,390.0
27,2023,3,2007,2007-09-15,3.4886999845504763,822.61,7.400000095367432,1125.0,62.0,67,32768,15,363.2,False,True,False,541.0,2215.0
27,6064,1,1990,1990-06-23,1.079900014400482,1004.49,6.699999809265137,798.0,121.0,70,14422,23,342.9,False,True,False,480.1,0.0
27,6064,3,1991,1991-08-09,0.8643000006675721,884.13,5.800000190734863,1140.0,89.0,75,15442,24,337.9,False,True,False,475.1,412.0
27,6064,3,1993,1993-11-22,0.8861000120639801,1072.77,4.300000190734863,1275.0,81.0,78,17467,26,337.9,False,True,False,475.1,836.0
27,6064,3,1997,1997-08-04,1.1669999837875364,881.11,5.300000190734863,1208.0,82.0,76,22607,30,337.9,False,True,False,475.1,1351.0
27,6064,4,1998,1998-10-02,1.2500999927520753,772.71,8.100000381469727,724.0,81.0,73,24067,31,337.9,False,True,False,475.1,424.0
27,6064,4,1999,1999-06-13,1.2695000171661377,859.01,7.400000095367432,761.0,111.0,72,25557,32,337.9,False,True,False,475.1,254.0
27,6064,4,2000,2000-07-26,1.3821999907493592,740.13,6.800000190734863,1104.0,69.0,68,27077,33,337.9,False,True,False,475.1,409.0
27,6064,4,2001,2001-07-23,1.4247999906539917,873.56,6.699999809265137,1017.0,76.0,74,28643,34,337.9,False,True,False,475.1,362.0
27,6064,5,2004,2004-10-07,1.2328999996185304,1030.16,6.800000190734863,877.0,95.0,69,33628,37,345.5,False,True,False,482.7,1172.0
27,6251,1,1990,1990-05-23,1.2110999822616575,649.43,4.699999809265137,1270.0,107.0,67,2552,10,188.0,False,False,False,447.1,0.0
27,6251,1,1991,1991-07-13,1.4416999936103825,850.45,4.300000190734863,1477.0,91.0,72,2925,11,188.0,False,False,False,447.1,416.0
27,6251,1,1992,1992-10-30,1.651799976825714,814.69,3.799999952316284,1260.0,87.0,74,3273,12,188.0,False,False,False,447.1,475.0
27,6251,1,1993,1993-11-16,1.7050999999046326,927.63,2.799999952316284,1533.0,81.0,76,3627,13,188.0,False,False,False,447.1,382.0
27,6251,1,1994,1994-06-16,1.8413249999284744,759.15,4.099999904632568,1534.0,89.0,74,4000,14,188.0,False,False,False,447.1,212.0
27,6251,1,1995,1995-04-13,1.8944000124931333,952.14,3.0,1765.0,68.0,76,4352,15,188.0,False,False,False,447.1,301.0
27,6251,1,1997,1997-05-25,2.5956999897956847,685.55,3.299999952316284,1573.0,69.0,77,5072,17,188.0,False,False,False,447.1,773.0
27,6251,2,1999,1999-12-13,0.6699000060558319,802.54,5.099999904632568,1017.0,103.0,76,5874,19,233.7,False,False,False,492.8,932.0
27,6251,2,2000,2000-06-17,0.6712333361307781,712.2,4.599999904632568,1443.0,72.0,70,6301,20,233.7,False,False,False,492.8,187.0
27,6251,2,2001,2001-03-26,0.7078000009059906,755.55,5.199999809265137,1249.0,72.0,75,6743,21,233.7,False,False,False,492.8,282.0
27,6251,3,2001,2001-09-05,0.6830749973654746,755.55,5.199999809265137,1249.0,72.0,75,6743,21,233.7,False,False,False,492.80000000000007,163.0
27,6251,3,2002,2002-07-19,0.7278749972581864,687.53,4.599999904632568,1130.0,109.0,71,7200,22,233.7,False,False,False,492.80000000000007,317.0
27,6251,3,2003,2003-06-04,0.730749997496605,829.98,4.699999809265137,1437.0,71.0,68,7673,23,233.7,False,False,False,492.80000000000007,320.0
27,6251,3,2009,2009-07-21,0.8108999967575073,862.23,3.299999952316284,1546.0,85.0,76,10885,29,233.7,False,False,False,492.80000000000007,2239.0
27,6251,3,2011,2011-05-04,0.9029000043869018,687.48,4.699999809265137,1361.0,77.0,73,12112,31,233.7,False,False,False,492.80000000000007,652.0
27,6251,3,2013,2013-10-10,0.9367000043392182,834.58,3.0999999046325684,1800.0,69.0,73,13427,33,233.7,False,False,False,492.80000000000007,890.0
27,6251,3,2014,2014-08-06,0.9625000059604644,887.82,2.5999999046325684,1875.0,63.0,74,14120,34,233.7,False,False,False,492.80000000000007,300.0
27,6251,4,2016,2016-04-19,1.0460999846458434,851.55,5.900000095367432,1180.0,68.0,73,15579,36,233.7,False,False,False,492.80000000000007,622.0
27,A310,1,1990,1990-05-24,1.7207000136375428,649.43,4.699999809265137,1270.0,107.0,67,1135,15,81.30000000000001,False,False,False,246.4,0.0
27,A310,2,1991,1991-07-13,1.0491000175476075,850.45,4.300000190734863,1477.0,91.0,72,1244,16,109.2,False,False,False,274.3,415.0
27,A310,2,1992,1992-10-30,1.0906999945640563,814.69,3.799999952316284,1260.0,87.0,74,1381,17,109.2,False,False,False,274.3,475.0
27,A310,2,1993,1993-11-16,1.207599985599518,927.63,2.799999952316284,1533.0,81.0,76,1544,18,109.2,False,False,False,274.3,382.0
27,A310,2,1994,1994-07-16,1.1431000113487242,759.15,4.099999904632568,1534.0,89.0,74,1696,19,109.2,False,False,False,274.3,242.0
27,A310,2,1997,1997-07-16,1.4845000028610231,685.55,3.299999952316284,1573.0,69.0,77,2246,22,109.2,False,False,False,274.3,1096.0
27,A320,1,1990,1990-05-24,1.9613999724388125,649.43,4.699999809265137,1270.0,107.0,67,1135,15,83.80000000000001,False,False,False,248.9,0.0
27,A320,2,1991,1991-07-13,1.6871999979019163,850.45,4.300000190734863,1477.0,91.0,72,1244,16,88.9,False,False,False,254.0,415.0
27,A320,2,1992,1992-10-30,1.8021000027656555,814.69,3.799999952316284,1260.0,87.0,74,1381,17,88.9,False,False,False,254.0,475.0
27,A320,2,1993,1993-11-16,1.7032999753952027,927.63,2.799999952316284,1533.0,81.0,76,1544,18,88.9,False,False,False,254.0,382.0
27,A320,2,1994,1994-07-16,1.9002999901771545,759.15,4.099999904632568,1534.0,89.0,74,1696,19,88.9,False,False,False,254.0,242.0
27,A320,2,1997,1997-07-16,2.370099973678589,685.55,3.299999952316284,1573.0,69.0,77,2246,22,88.9,False,False,False,254.0,1096.0
27,A330,1,1990,1990-05-24,2.010099995136261,649.43,4.699999809265137,1270.0,107.0,67,1135,15,76.2,False,False,False,241.3,0.0
27,A330,2,1991,1991-07-13,1.8286999583244323,850.45,4.300000190734863,1477.0,91.0,72,1244,16,76.2,False,False,False,241.3,415.0
27,A330,2,1992,1992-10-30,1.887000024318695,814.69,3.799999952316284,1260.0,87.0,74,1381,17,76.2,False,False,False,241.3,475.0
27,A330,2,1993,1993-11-16,1.7922999739646912,927.63,2.799999952316284,1533.0,81.0,76,1544,18,76.2,False,False,False,241.3,382.0
27,A330,2,1994,1994-07-16,2.1414999961853027,759.15,4.099999904632568,1534.0,89.0,74,1696,19,76.2,False,False,False,241.3,242.0
27,A330,2,1997,1997-07-16,3.005399990081787,685.55,3.299999952316284,1573.0,69.0,77,2246,22,76.2,False,False,False,241.3,1096.0
27,A340,1,1990,1990-05-24,1.4338000178337098,649.43,4.699999809265137,1270.0,107.0,67,1135,15,71.1,False,False,False,236.2,0.0
27,A340,1,1991,1991-07-13,1.5756999850273132,850.45,4.300000190734863,1477.0,91.0,72,1244,16,71.1,False,False,False,236.2,415.0
27,A340,1,1992,1992-10-30,1.5470999956130982,814.69,3.799999952316284,1260.0,87.0,74,1381,17,71.1,False,False,False,236.2,475.0
27,A340,1,1993,1993-11-16,1.4596000075340272,927.63,2.799999952316284,1533.0,81.0,76,1544,18,71.1,False,False,False,236.2,382.0
27,A340,1,1994,1994-07-16,1.711899983882904,759.15,4.099999904632568,1534.0,89.0,74,1696,19,71.1,False,False,False,236.2,242.0
27,A340,1,1997,1997-07-16,2.193899989128113,685.55,3.299999952316284,1573.0,69.0,77,2246,22,71.1,False,False,False,236.2,1096.0
27,A350,1,1990,1990-05-24,1.6884999871253967,649.43,4.699999809265137,1270.0,107.0,67,1135,15,71.1,False,False,False,236.2,0.0
27,A350,2,1991,1991-07-13,1.3837000012397769,850.45,4.300000190734863,1477.0,91.0,72,1244,16,76.2,False,False,False,241.3,415.0
27,A350,2,1992,1992-10-30,1.3973999857902526,814.69,3.799999952316284,1260.0,87.0,74,1381,17,76.2,False,False,False,241.3,475.0
27,A350,2,1993,1993-11-16,1.3272000074386596,927.63,2.799999952316284,1533.0,81.0,76,1544,18,76.2,False,False,False,241.3,382.0
27,A350,2,1994,1994-07-16,1.4505000233650207,759.15,4.099999904632568,1534.0,89.0,74,1696,19,76.2,False,False,False,241.3,242.0
27,A350,2,1997,1997-07-16,1.9049999952316288,685.55,3.299999952316284,1573.0,69.0,77,2246,22,76.2,False,False,False,241.3,1096.0
27,B310,1,1990,1990-05-23,1.2160000205039978,649.43,4.699999809265137,1270.0,107.0,67,2552,10,152.4,False,False,False,411.5,0.0
27,B310,3,1991,1991-07-13,0.990499997138977,850.45,4.300000190734863,1477.0,91.0,72,2925,11,185.4,False,False,False,444.5,416.0
27,B310,3,1992,1992-10-30,1.0228000044822694,814.69,3.799999952316284,1260.0,87.0,74,3273,12,185.4,False,False,False,444.5,475.0
27,B310,3,1993,1993-11-16,1.014200007915497,927.63,2.799999952316284,1533.0,81.0,76,3627,13,185.4,False,False,False,444.5,382.0
27,B310,3,1994,1994-05-04,1.219700002670288,759.15,4.099999904632568,1534.0,89.0,74,4000,14,185.4,False,False,False,444.5,169.0
27,B310,3,1997,1997-04-21,1.560199999809265,685.55,3.299999952316284,1573.0,69.0,77,5072,17,185.4,False,False,False,444.5,1083.0
27,B320,1,1990,1990-05-23,1.119299989938736,649.43,4.699999809265137,1270.0,107.0,67,2552,10,137.2,False,False,False,396.3,0.0
27,B320,2,1991,1991-07-13,1.2760000228881836,850.45,4.300000190734863,1477.0,91.0,72,2925,11,139.7,False,False,False,398.8,416.0
27,B320,2,1992,1992-10-30,1.4157000064849852,814.69,3.799999952316284,1260.0,87.0,74,3273,12,139.7,False,False,False,398.8,475.0
27,B320,2,1993,1993-11-16,1.395800006389618,927.63,2.799999952316284,1533.0,81.0,76,3627,13,139.7,False,False,False,398.8,382.0
27,B320,2,1994,1994-05-04,1.48824999332428,759.15,4.099999904632568,1534.0,89.0,74,4000,14,139.7,False,False,False,398.8,169.0
27,B320,2,1997,1997-04-21,2.258900022506714,685.55,3.299999952316284,1573.0,69.0,77,5072,17,139.7,False,False,False,398.8,1083.0
27,B330,1,1990,1990-05-23,1.2424000024795534,649.43,4.699999809265137,1270.0,107.0,67,2552,10,188.0,False,False,False,447.1,0.0
27,B330,2,1991,1991-07-13,1.2768999934196472,850.45,4.300000190734863,1477.0,91.0,72,2925,11,188.0,False,False,False,447.1,416.0
27,B330,2,1992,1992-10-30,1.433399999141693,814.69,3.799999952316284,1260.0,87.0,74,3273,12,188.0,False,False,False,447.1,475.0
27,B330,2,1993,1993-11-16,1.3862000107765198,927.63,2.799999952316284,1533.0,81.0,76,3627,13,188.0,False,False,False,447.1,382.0
27,B330,2,1994,1994-05-04,1.635749989748001,759.15,4.099999904632568,1534.0,89.0,74,4000,14,188.0,False,False,False,447.1,169.0
27,B330,2,1997,1997-04-21,2.1874000072479247,685.55,3.299999952316284,1573.0,69.0,77,5072,17,188.0,False,False,False,447.1,1083.0
27,B340,1,1990,1990-05-23,1.0405999958515166,649.43,4.699999809265137,1270.0,107.0,67,2552,10,160.0,False,False,False,419.1,0.0
27,B340,1,1991,1991-07-13,1.11010000705719,850.45,4.300000190734863,1477.0,91.0,72,2925,11,160.0,False,False,False,419.1,416.0
27,B340,1,1992,1992-10-30,1.2438000082969665,814.69,3.799999952316284,1260.0,87.0,74,3273,12,160.0,False,False,False,419.1,475.0
27,B340,1,1993,1993-11-16,1.184700000286102,927.63,2.799999952316284,1533.0,81.0,76,3627,13,160.0,False,False,False,419.1,382.0
27,B340,1,1994,1994-05-04,1.3534499943256375,759.15,4.099999904632568,1534.0,89.0,74,4000,14,160.0,False,False,False,419.1,169.0
27,B340,1,1997,1997-04-21,1.8111999869346616,685.55,3.299999952316284,1573.0,69.0,77,5072,17,160.0,False,False,False,419.1,1083.0
27,B350,1,1990,1990-05-23,1.0843000054359435,649.43,4.699999809265137,1270.0,107.0,67,2552,10,137.2,False,False,False,396.3,0.0
27,B350,2,1991,1991-07-13,1.1335000038146972,850.45,4.300000190734863,1477.0,91.0,72,2925,11,139.7,False,False,False,398.8,416.0
27,B350,2,1992,1992-10-30,1.3313000082969666,814.69,3.799999952316284,1260.0,87.0,74,3273,12,139.7,False,False,False,398.8,475.0
27,B350,2,1993,1993-11-16,1.2729000210762025,927.63,2.799999952316284,1533.0,81.0,76,3627,13,139.7,False,False,False,398.8,382.0
27,B350,2,1994,1994-05-04,1.5360999941825866,759.15,4.099999904632568,1534.0,89.0,74,4000,14,139.7,False,False,False,398.8,169.0
27,B350,2,1997,1997-04-21,1.885099983215332,685.55,3.299999952316284,1573.0,69.0,77,5072,17,139.7,False,False,False,398.8,1083.0
27,C310,1,1990,1990-05-23,2.030599975585938,713.29,5.900000095367432,1014.0,114.0,66,5030,19,241.3,False,False,False,241.3,0.0
27,C310,2,1991,1991-08-08,1.1074000000953674,815.06,5.5,1240.0,90.0,71,5302,20,266.7,False,False,False,266.7,442.0
27,C310,2,1992,1992-11-01,1.1658999919891355,806.82,5.099999904632568,1033.0,98.0,72,5558,21,266.7,False,False,False,266.7,451.0
27,C310,2,1993,1993-11-20,1.1653999924659728,823.59,3.5999999046325684,1420.0,72.0,75,5846,22,266.7,False,False,False,266.7,384.0
27,C310,2,1994,1994-05-08,1.2889999985694884,706.96,4.900000095367432,1419.0,87.0,72,6155,23,266.7,False,False,False,266.7,169.0
27,C310,2,1997,1997-04-22,1.7758000135421752,635.03,4.400000095367432,1395.0,76.0,75,7158,26,266.7,False,False,False,266.7,1080.0
27,C320,1,1990,1990-05-23,2.063499999046326,713.29,5.900000095367432,1014.0,114.0,66,5030,19,228.6,False,False,False,228.6,0.0
27,C320,2,1991,1991-08-08,2.2080000281333927,815.06,5.5,1240.0,90.0,71,5302,20,231.1,False,False,False,231.1,442.0
27,C320,2,1992,1992-11-01,2.470099997520447,806.82,5.099999904632568,1033.0,98.0,72,5558,21,231.1,False,False,False,231.1,451.0
27,C320,2,1993,1993-11-20,2.29300000667572,823.59,3.5999999046325684,1420.0,72.0,75,5846,22,231.1,False,False,False,231.1,384.0
27,C320,2,1994,1994-05-08,2.419649976491928,706.96,4.900000095367432,1419.0,87.0,72,6155,23,231.1,False,False,False,231.1,169.0
27,C320,2,1997,1997-04-22,3.772900032997131,635.03,4.400000095367432,1395.0,76.0,75,7158,26,231.1,False,False,False,231.1,1080.0
27,C330,1,1990,1990-05-23,2.390899991989136,713.29,5.900000095367432,1014.0,114.0,66,5030,19,243.8,False,False,False,243.8,0.0
27,C330,2,1991,1991-08-08,2.312000000476837,815.06,5.5,1240.0,90.0,71,5302,20,243.8,False,False,False,243.8,442.0
27,C330,2,1992,1992-11-01,2.433999991416931,806.82,5.099999904632568,1033.0,98.0,72,5558,21,243.8,False,False,False,243.8,451.0
27,C330,2,1993,1993-11-20,2.428699994087219,823.59,3.5999999046325684,1420.0,72.0,75,5846,22,243.8,False,False,False,243.8,384.0
27,C330,2,1994,1994-05-08,2.4796000182628632,706.96,4.900000095367432,1419.0,87.0,72,6155,23,243.8,False,False,False,243.8,169.0
27,C330,2,1997,1997-04-22,3.5862000226974486,635.03,4.400000095367432,1395.0,76.0,75,7158,26,243.8,False,False,False,243.8,1080.0
27,C340,1,1990,1990-05-23,3.0002000093460084,713.29,5.900000095367432,1014.0,114.0,66,5030,19,231.2,False,False,False,231.2,0.0
27,C340,1,1991,1991-08-08,3.0746999263763426,815.06,5.5,1240.0,90.0,71,5302,20,231.2,False,False,False,231.2,442.0
27,C340,1,1992,1992-11-01,3.037100005149841,806.82,5.099999904632568,1033.0,98.0,72,5558,21,231.2,False,False,False,231.2,451.0
27,C340,1,1993,1993-11-20,2.891899991035461,823.59,3.5999999046325684,1420.0,72.0,75,5846,22,231.2,False,False,False,231.2,384.0
27,C340,1,1994,1994-05-08,3.0427000403404234,706.96,4.900000095367432,1419.0,87.0,72,6155,23,231.2,False,False,False,231.2,169.0
27,C340,1,1997,1997-04-22,4.28740005493164,635.03,4.400000095367432,1395.0,76.0,75,7158,26,231.2,False,False,False,231.2,1080.0
27,C350,1,1990,1990-05-23,2.644600009918213,713.29,5.900000095367432,1014.0,114.0,66,5030,19,231.1,False,False,False,231.1,0.0
27,C350,2,1991,1991-08-08,2.585199975967407,815.06,5.5,1240.0,90.0,71,5302,20,236.2,False,False,False,236.2,442.0
27,C350,2,1992,1992-11-01,2.6599999904632567,806.82,5.099999904632568,1033.0,98.0,72,5558,21,236.2,False,False,False,236.2,451.0
27,C350,2,1993,1993-11-20,2.601299977302551,823.59,3.5999999046325684,1420.0,72.0,75,5846,22,236.2,False,False,False,236.2,384.0
27,C350,2,1994,1994-05-08,2.6450999855995176,706.96,4.900000095367432,1419.0,87.0,72,6155,23,236.2,False,False,False,236.2,169.0
27,C350,2,1997,1997-04-22,3.581799960136413,635.03,4.400000095367432,1395.0,76.0,75,7158,26,236.2,False,False,False,236.2,1080.0
27,D310,1,1990,1990-05-22,1.4448999881744389,961.0,6.800000190734863,795.0,121.0,69,1540,11,121.9,False,False,False,284.5,0.0
27,D310,1,1991,1991-08-08,1.3470999956130982,951.94,5.800000190734863,1176.0,83.0,75,1660,12,121.9,False,False,False,284.5,443.0
27,D310,2,1992,1992-08-05,0.8053000032901765,754.2,5.800000190734863,924.0,91.0,74,1891,13,157.5,False,False,False,320.1,363.0
27,D310,2,1993,1993-11-22,0.8158999919891357,1138.45,4.400000095367432,1278.0,84.0,77,2108,14,157.5,False,False,False,320.1,474.0
27,D310,3,1994,1994-07-27,0.7914999961853026,933.64,5.5,1295.0,85.0,75,2352,15,157.5,False,False,False,320.1,247.0
27,D320,1,1990,1990-05-22,1.3123000025749207,961.0,6.800000190734863,795.0,121.0,69,1540,11,124.5,False,False,False,287.1,0.0
27,D320,2,1991,1991-08-08,1.268700015544891,951.94,5.800000190734863,1176.0,83.0,75,1660,12,132.1,False,False,False,294.7,443.0
27,D320,2,1992,1992-08-05,1.17849999666214,754.2,5.800000190734863,924.0,91.0,74,1891,13,132.1,False,False,False,294.7,363.0
27,D320,2,1993,1993-11-22,1.1699999928474427,1138.45,4.400000095367432,1278.0,84.0,77,2108,14,132.1,False,False,False,294.7,474.0
27,D320,2,1994,1994-07-27,1.1799000024795532,933.64,5.5,1295.0,85.0,75,2352,15,132.1,False,False,False,294.7,247.0
27,D330,1,1990,1990-05-22,1.2024999976158142,961.0,6.800000190734863,795.0,121.0,69,1540,11,124.5,False,False,False,287.1,0.0
27,D330,2,1991,1991-08-08,1.1657999992370605,951.94,5.800000190734863,1176.0,83.0,75,1660,12,124.5,False,False,False,287.1,443.0
27,D340,1,1990,1990-05-22,1.2722999930381775,961.0,6.800000190734863,795.0,121.0,69,1540,11,132.1,False,False,False,294.7,0.0
27,D340,2,1991,1991-08-08,1.2067999839782717,951.94,5.800000190734863,1176.0,83.0,75,1660,12,132.1,False,False,False,294.7,443.0
27,D340,2,1992,1992-08-05,1.1832000017166138,754.2,5.800000190734863,924.0,91.0,74,1891,13,132.1,False,False,False,294.7,363.0
27,D340,2,1993,1993-11-22,1.2716999888420104,1138.45,4.400000095367432,1278.0,84.0,77,2108,14,132.1,False,False,False,294.7,474.0
27,D340,3,1994,1994-07-27,1.2729000329971312,933.64,5.5,1295.0,85.0,75,2352,15,132.1,False,False,False,294.7,247.0
27,D350,1,1990,1990-05-22,1.3207000017166135,961.0,6.800000190734863,795.0,121.0,69,1540,11,106.7,False,False,False,269.3,0.0
27,D350,2,1991,1991-08-08,1.2046000003814696,951.94,5.800000190734863,1176.0,83.0,75,1660,12,114.3,False,False,False,276.9,443.0
27,D350,2,1992,1992-08-05,1.105799984931946,754.2,5.800000190734863,924.0,91.0,74,1891,13,114.3,False,False,False,276.9,363.0
27,D350,2,1993,1993-11-22,1.1308999955654144,1138.45,4.400000095367432,1278.0,84.0,77,2108,14,114.3,False,False,False,276.9,474.0
27,D350,2,1994,1994-07-27,1.1206000089645385,933.64,5.5,1295.0,85.0,75,2352,15,114.3,False,False,False,276.9,247.0
28,0501,1,1990,1990-08-08,1.0552500009536745,1141.94,18.700000762939453,13.0,26.0,74,12622,18,109.2,False,True,True,454.6,0.0
28,0501,1,1992,1992-08-18,1.1536999940872192,1555.06,17.200000762939453,8.0,34.0,78,14771,20,109.2,False,True,True,454.6,741.0
28,0501,1,1994,1994-08-02,1.347600018978119,1671.29,17.5,11.0,34.0,79,17152,22,109.2,False,True,True,454.6,714.0
28,0501,1,1995,1995-08-03,1.5447999954223632,1242.7,17.799999237060547,8.0,46.0,74,18504,23,109.2,False,True,True,454.6,366.0
28,0501,2,1999,1999-04-13,1.6213000178337098,950.01,18.799999237060547,13.0,31.0,70,24126,27,109.2,False,True,True,454.6,1349.0
28,0502,1,1990,1990-05-03,2.5804999828338624,1141.94,18.700000762939453,13.0,26.0,74,12622,18,101.6,False,True,True,365.7000000000001,0.0
28,0502,2,1990,1990-11-14,1.411300003528595,1141.94,18.700000762939453,13.0,26.0,74,12622,18,154.9,False,True,True,419.0,195.0
28,0502,2,1992,1992-08-19,1.30239999294281,1555.06,17.200000762939453,8.0,34.0,78,14771,20,154.9,False,True,True,419.0,644.0
28,0502,2,1994,1994-08-02,1.409999978542328,1671.29,17.5,11.0,34.0,79,17152,22,154.9,False,True,True,419.0,713.0
28,0502,2,1995,1995-08-03,1.6537999987602234,1242.7,17.799999237060547,8.0,46.0,74,18504,23,154.9,False,True,True,419.0,366.0
28,0502,2,1999,1999-04-13,1.69410001039505,950.01,18.799999237060547,13.0,31.0,70,24126,27,154.9,False,True,True,419.0,1349.0
28,0503,1,1990,1990-05-03,2.703000044822693,1141.94,18.700000762939453,13.0,26.0,74,12622,18,116.9,False,True,True,381.0,0.0
28,0503,2,1990,1990-11-14,1.8008000254631042,1141.94,18.700000762939453,13.0,26.0,74,12622,18,233.8,False,True,True,497.9,195.0
28,0503,2,1992,1992-08-19,1.66599999666214,1555.06,17.200000762939453,8.0,34.0,78,14771,20,233.8,False,True,True,497.9,644.0
28,0503,2,1994,1994-08-02,1.7603000044822694,1671.29,17.5,11.0,34.0,79,17152,22,233.8,False,True,True,497.9,713.0
28,0503,2,1995,1995-08-03,1.9850000023841856,1242.7,17.799999237060547,8.0,46.0,74,18504,23,233.8,False,True,True,497.9,366.0
28,0503,2,1999,1999-04-13,1.7412999987602231,950.01,18.799999237060547,13.0,31.0,70,24126,27,233.8,False,True,True,497.9,1349.0
28,0504,1,1990,1990-05-03,2.4209999799728394,1141.94,18.700000762939453,13.0,26.0,74,12622,18,109.2,False,True,True,480.0,0.0
28,0504,2,1990,1990-11-14,1.2003000020980834,1141.94,18.700000762939453,13.0,26.0,74,12622,18,236.2,False,True,True,607.0,195.0
28,0504,2,1992,1992-08-19,1.171499991416931,1555.06,17.200000762939453,8.0,34.0,78,14771,20,236.2,False,True,True,607.0,644.0
28,0504,2,1994,1994-08-02,1.3167999982833862,1671.29,17.5,11.0,34.0,79,17152,22,236.2,False,True,True,607.0,713.0
28,0504,2,1995,1995-08-03,1.5640000104904177,1242.7,17.799999237060547,8.0,46.0,74,18504,23,236.2,False,True,True,607.0,366.0
28,0504,2,1999,1999-04-13,1.4449000000953671,950.01,18.799999237060547,13.0,31.0,70,24126,27,236.2,False,True,True,607.0,1349.0
28,0505,1,1990,1990-05-02,1.747599995136261,1141.94,18.700000762939453,13.0,26.0,74,12622,18,111.7,False,True,True,424.1,0.0
28,0505,2,1990,1990-11-14,1.7183000087738036,1141.94,18.700000762939453,13.0,26.0,74,12622,18,162.5,False,True,True,474.9,196.0
28,0505,2,1992,1992-08-19,1.6467999935150148,1555.06,17.200000762939453,8.0,34.0,78,14771,20,162.5,False,True,True,474.9,644.0
28,0505,2,1994,1994-08-02,1.697700011730194,1671.29,17.5,11.0,34.0,79,17152,22,162.5,False,True,True,474.9,713.0
28,0505,2,1995,1995-08-03,1.8234999895095825,1242.7,17.799999237060547,8.0,46.0,74,18504,23,162.5,False,True,True,474.9,366.0
28,0505,2,1999,1999-04-13,1.75959997177124,950.01,18.799999237060547,13.0,31.0,70,24126,27,162.5,False,True,True,474.9,1349.0
28,0506,1,1990,1990-05-02,2.057799994945526,1141.94,18.700000762939453,13.0,26.0,74,12622,18,106.7,False,True,True,419.1,0.0
28,0506,2,1990,1990-11-14,1.4142000079154968,1141.94,18.700000762939453,13.0,26.0,74,12622,18,78.7,False,True,True,391.1,196.0
28,0506,2,1992,1992-08-19,1.3282999873161314,1555.06,17.200000762939453,8.0,34.0,78,14771,20,78.7,False,True,True,391.1,644.0
28,0506,2,1994,1994-08-02,1.508399987220764,1671.29,17.5,11.0,34.0,79,17152,22,78.7,False,True,True,391.1,713.0
28,0506,2,1995,1995-08-03,1.7919999957084656,1242.7,17.799999237060547,8.0,46.0,74,18504,23,78.7,False,True,True,391.1,366.0
28,0506,2,1999,1999-04-13,1.775600016117096,950.01,18.799999237060547,13.0,31.0,70,24126,27,78.7,False,True,True,391.1,1349.0
28,0507,1,1990,1990-05-03,2.074799990653992,1141.94,18.700000762939453,13.0,26.0,74,12622,18,91.4,False,True,True,510.5,0.0
28,0507,2,1990,1990-11-14,1.2626000046730042,1141.94,18.700000762939453,13.0,26.0,74,12622,18,162.5,False,True,True,581.6,195.0
28,0507,2,1992,1992-08-19,1.1991000056266783,1555.06,17.200000762939453,8.0,34.0,78,14771,20,162.5,False,True,True,581.6,644.0
28,0507,2,1994,1994-08-02,1.249999988079071,1671.29,17.5,11.0,34.0,79,17152,22,162.5,False,True,True,581.6,713.0
28,0507,2,1995,1995-08-03,1.4819999933242798,1242.7,17.799999237060547,8.0,46.0,74,18504,23,162.5,False,True,True,581.6,366.0
28,0507,2,1999,1999-04-13,1.3094000101089478,950.01,18.799999237060547,13.0,31.0,70,24126,27,162.5,False,True,True,581.6,1349.0
28,0508,1,1990,1990-05-03,2.326199984550476,1141.94,18.700000762939453,13.0,26.0,74,12622,18,96.6,False,True,False,292.2,0.0
28,0508,2,1990,1990-11-14,1.40660001039505,1141.94,18.700000762939453,13.0,26.0,74,12622,18,167.6,False,True,False,363.2,195.0
28,0508,2,1992,1992-08-19,1.3126999974250793,1555.06,17.200000762939453,8.0,34.0,78,14771,20,167.6,False,True,False,363.2,644.0
28,0508,2,1994,1994-08-02,1.386099994182587,1671.29,17.5,11.0,34.0,79,17152,22,167.6,False,True,False,363.2,713.0
28,0508,2,1995,1995-08-07,1.5547999858856203,1242.7,17.799999237060547,8.0,46.0,74,18504,23,167.6,False,True,False,363.2,370.0
28,0508,2,1999,1999-04-13,1.5613999962806702,950.01,18.799999237060547,13.0,31.0,70,24126,27,167.6,False,True,False,363.2,1345.0
28,0509,1,1990,1990-05-03,2.7300000190734863,1141.94,18.700000762939453,13.0,26.0,74,12622,18,114.3,False,True,True,408.9,0.0
28,0509,2,1990,1990-11-14,1.7757000088691712,1141.94,18.700000762939453,13.0,26.0,74,12622,18,106.7,False,True,True,401.3,195.0
28,0509,2,1992,1992-08-19,1.518400025367737,1555.06,17.200000762939453,8.0,34.0,78,14771,20,106.7,False,True,True,401.3,644.0
28,0509,2,1994,1994-08-02,1.5968000054359437,1671.29,17.5,11.0,34.0,79,17152,22,106.7,False,True,True,401.3,713.0
28,0509,2,1995,1995-08-03,1.912500011920929,1242.7,17.799999237060547,8.0,46.0,74,18504,23,106.7,False,True,True,401.3,366.0
28,0509,2,1999,1999-04-13,1.654099977016449,950.01,18.799999237060547,13.0,31.0,70,24126,27,106.7,False,True,True,401.3,1349.0
28,0560,2,1990,1990-11-14,1.3197999954223634,1141.94,18.700000762939453,13.0,26.0,74,12622,18,172.8,True,True,True,530.9,0.0
28,0560,2,1994,1994-08-02,1.2575000047683715,1671.29,17.5,11.0,34.0,79,17152,22,172.8,True,True,True,530.9,1357.0
28,0560,2,1995,1995-08-07,1.4040000081062316,1242.7,17.799999237060547,8.0,46.0,74,18504,23,172.8,True,True,True,530.9,370.0
28,0560,2,1999,1999-04-13,1.2919000029563903,950.01,18.799999237060547,13.0,31.0,70,24126,27,172.8,True,True,True,530.9,1345.0
28,1001,1,1990,1990-12-05,0.7927000045776367,1407.93,18.0,13.0,38.0,73,912,4,94.0,False,True,False,457.2,0.0
28,1001,1,1992,1992-02-12,0.8691000103950501,1397.0,16.299999237060547,8.0,47.0,78,1443,6,94.0,False,True,False,457.2,434.0
28,1001,1,1994,1994-01-31,0.9370000004768372,1577.61,16.399999618530273,29.0,49.0,80,2013,8,94.0,False,True,False,457.2,719.0
28,1001,1,1995,1995-08-15,1.247100007534027,1573.45,16.899999618530273,22.0,65.0,74,2292,9,94.0,False,True,False,457.2,561.0
28,1001,1,1997,1997-07-02,1.377799999713898,1730.74,16.0,41.0,52.0,79,2998,11,94.0,False,True,False,457.2,687.0
28,1001,2,2000,2000-08-08,1.030399990081787,908.78,17.700000762939453,44.0,59.0,67,5647,14,134.6,False,True,False,497.8,1133.0
28,1001,3,2002,2002-10-11,1.0594999909400942,1553.93,17.100000381469727,11.0,62.0,78,6513,16,134.6,False,True,False,497.8,794.0
28,1001,3,2004,2004-10-14,2.3585000157356264,1493.21,16.799999237060547,24.0,49.0,80,7520,18,134.6,False,True,False,497.8,734.0
28,1016,1,1990,1990-11-15,1.0644999861717226,1102.96,18.5,9.0,29.0,74,534,5,193.1,False,False,False,683.3,0.0
28,1016,1,1992,1992-06-13,1.0738250046968458,1514.42,17.100000381469727,8.0,38.0,78,860,7,193.1,False,False,False,683.3,576.0
28,1016,1,1993,1993-01-12,1.051300013065338,1691.31,17.100000381469727,6.0,41.0,78,1033,8,193.1,False,False,False,683.3,213.0
28,1016,1,1994,1994-01-25,1.0776000022888184,1526.81,17.399999618530273,12.0,38.0,80,1201,9,193.1,False,False,False,683.3,378.0
28,1016,1,1995,1995-10-27,1.1038999795913695,1346.21,17.5,10.0,52.0,76,1370,10,193.1,False,False,False,683.3,640.0
28,1016,1,1996,1996-06-06,1.0899499997496604,1431.87,17.200000762939453,71.0,46.0,76,1650,11,193.1,False,False,False,683.3,223.0
28,1016,1,1997,1997-10-14,1.0640000104904177,1494.7,17.0,15.0,42.0,79,1858,12,193.1,False,False,False,683.3,495.0
28,1802,1,1990,1990-08-09,0.8950999975204468,1018.44,19.600000381469727,4.0,17.0,76,2273,9,78.7,False,True,False,243.8,0.0
28,1802,1,1991,1991-05-13,1.0105999886989594,1625.66,18.700000762939453,0.0,27.0,82,2504,10,78.7,False,True,False,243.8,277.0
28,1802,1,1992,1992-07-22,1.1640666723251345,1629.1,18.299999237060547,5.0,23.0,80,2698,11,78.7,False,True,False,243.8,436.0
28,1802,1,1993,1993-01-11,1.2513999938964844,1891.87,18.200000762939453,5.0,21.0,80,2916,12,78.7,False,True,False,243.8,173.0
28,1802,1,1994,1994-08-04,1.7215999841690064,1451.17,18.700000762939453,2.0,26.0,81,3126,13,78.7,False,True,False,243.8,570.0
28,1802,1,1995,1995-09-11,2.101249992847442,1327.33,18.799999237060547,1.0,40.0,78,3343,14,78.7,False,True,False,243.8,403.0
28,1802,1,1996,1996-06-03,1.9042999863624568,1191.09,18.39999961853028,29.0,40.0,78,3599,15,78.7,False,True,False,243.8,266.0
28,1802,2,1997,1997-10-14,1.990500009059906,1557.55,18.39999961853028,3.0,26.0,80,3908,16,78.7,False,True,False,243.8,498.0
28,1802,2,1998,1998-06-22,2.1290249973535538,1541.46,19.89999961853028,0.0,21.0,78,4282,17,78.7,False,True,False,243.8,251.0
28,1802,3,1999,1999-06-16,3.007999992370605,929.35,19.700000762939453,5.0,25.0,73,4588,18,78.7,False,True,False,243.8,359.0
28,1802,3,2001,2001-03-08,4.047599983215332,1423.52,18.5,2.0,28.0,80,5187,20,78.7,False,True,False,243.8,631.0
28,2807,1,1990,1990-12-03,1.4717999815940856,1480.99,17.399999618530273,16.0,44.0,73,2245,9,269.2,False,True,False,436.8,0.0
28,2807,1,1992,1992-02-17,1.5407999992370605,1221.6,15.800000190734863,10.0,55.0,78,2681,11,269.2,False,True,False,436.8,441.0
28,2807,2,1993,1993-07-02,1.5452999830245973,1517.46,16.0,12.0,61.0,76,2965,12,269.2,False,True,False,436.8,501.0
28,2807,2,1994,1994-01-28,1.5391000032424929,1788.86,16.100000381469727,46.0,52.0,79,3165,13,269.2,False,True,False,436.8,210.0
28,2807,3,1995,1995-08-09,1.1861999869346618,1512.99,16.399999618530273,32.0,73.0,73,3443,14,294.6,False,True,False,462.2,558.0
28,2807,4,1998,1998-07-08,1.9129000067710875,1471.5,17.799999237060547,27.0,42.0,73,4539,17,294.6,False,True,False,462.2,1064.0
28,3081,2,1990,1990-12-05,0.75239999294281,1407.93,18.0,13.0,38.0,73,3742,7,228.6,False,True,False,383.5,0.0
28,3081,2,1992,1992-02-12,0.7746999919414521,1397.0,16.299999237060547,8.0,47.0,78,5853,9,228.6,False,True,False,383.5,434.0
28,3081,2,1994,1994-01-31,0.8751999914646149,1577.61,16.399999618530273,29.0,49.0,80,8688,11,228.6,False,True,False,383.5,719.0
28,3081,2,1995,1995-08-15,1.0550999999046329,1573.45,16.899999618530273,22.0,65.0,74,10045,12,228.6,False,True,False,383.5,561.0
28,3081,3,1999,1999-04-14,0.7808000087738037,982.77,17.899999618530273,23.0,42.0,70,17532,16,226.1,False,True,False,381.0,1338.0
28,3081,3,2001,2001-03-26,0.7665000021457672,1504.33,16.700000762939453,21.0,52.0,77,21852,18,226.1,False,True,False,381.0,712.0
28,3081,3,2003,2003-05-02,0.8738999962806702,1467.43,16.399999618530273,25.0,63.0,79,25178,20,226.1,False,True,False,381.0,767.0
28,3082,1,1990,1990-11-15,1.0501000046730042,1254.8,18.39999961853028,15.0,29.0,73,587,2,182.9,False,True,True,454.6,0.0
28,3082,1,1992,1992-02-18,1.10420001745224,1511.45,17.0,8.0,36.0,77,1203,4,182.9,False,True,True,454.6,460.0
28,3082,1,1994,1994-01-25,1.149899995326996,1590.11,17.200000762939453,18.0,40.0,79,1942,6,182.9,False,True,True,454.6,707.0
28,3082,1,1995,1995-08-08,1.2873999953269957,1276.26,17.600000381469727,13.0,50.0,73,2328,7,182.9,False,True,True,454.6,560.0
28,3082,1,1998,1998-07-22,1.4597999930381775,1537.64,18.799999237060547,18.0,32.0,73,3558,10,182.9,False,True,True,454.6,1079.0
28,3082,1,2001,2001-03-07,1.6927000045776368,1595.8,17.399999618530273,17.0,41.0,76,5026,13,182.9,False,True,True,454.6,959.0
28,3083,1,1990,1990-12-04,1.461100018024445,1480.99,17.399999618530273,16.0,44.0,73,253,13,53.3,False,True,False,218.4,0.0
28,3083,1,1992,1992-02-17,1.4610999822616575,1221.6,15.800000190734863,10.0,55.0,78,295,15,53.3,False,True,False,218.4,440.0
28,3083,1,1994,1994-01-28,1.392400002479553,1788.86,16.100000381469727,46.0,52.0,79,343,17,53.3,False,True,False,218.4,711.0
28,3083,1,1995,1995-08-10,1.713100004196167,1512.99,16.399999618530273,32.0,73.0,73,365,18,53.3,False,True,False,218.4,559.0
28,3083,1,1998,1998-07-21,1.6011999964714052,1471.5,17.799999237060547,27.0,42.0,73,453,21,53.3,False,True,False,218.4,1076.0
28,3083,1,1999,1999-09-08,1.5604999899864196,1029.87,17.399999618530273,28.0,45.0,69,482,22,53.3,False,True,False,218.4,414.0
28,3083,1,2001,2001-11-05,1.6464999914169312,1682.56,16.399999618530273,26.0,57.0,76,543,24,53.3,False,True,False,218.4,789.0
28,3083,1,2002,2002-12-13,1.7010999917984009,1685.84,16.5,19.0,68.0,78,575,25,53.3,False,True,False,218.4,403.0
28,3083,1,2004,2004-10-13,1.7674999952316284,1767.13,16.399999618530273,38.0,53.0,79,643,27,53.3,False,True,False,218.4,670.0
28,3083,1,2011,2011-03-12,2.012500011920929,1101.15,17.100000381469727,36.0,51.0,74,919,34,53.3,False,True,False,218.4,2341.0
28,3083,1,2016,2016-07-20,2.3301999926567074,1634.21,18.0,23.0,49.0,73,1158,39,53.3,False,True,False,218.4,1957.0
28,3085,1,1990,1990-12-04,1.687999963760376,1480.99,17.399999618530273,16.0,44.0,73,253,13,43.1,False,True,False,159.9,0.0
28,3085,1,1992,1992-02-14,1.7488000035285949,1221.6,15.800000190734863,10.0,55.0,78,293,15,43.1,False,True,False,159.9,437.0
28,3085,1,1994,1994-01-28,1.7157999992370607,1788.86,16.100000381469727,46.0,52.0,79,333,17,43.1,False,True,False,159.9,714.0
28,3085,1,1995,1995-08-10,2.1372000098228456,1512.99,16.399999618530273,32.0,73.0,73,358,18,43.1,False,True,False,159.9,559.0
28,3085,2,1998,1998-07-21,2.063900005817413,1471.5,17.799999237060547,27.0,42.0,73,472,21,43.1,False,True,False,159.9,1076.0
28,3085,2,1999,1999-09-08,2.1751999735832213,1029.87,17.399999618530273,28.0,45.0,69,504,22,43.1,False,True,False,159.9,414.0
28,3085,3,2001,2001-11-05,2.2683999776840214,1682.56,16.399999618530273,26.0,57.0,76,572,24,55.8,False,True,False,172.6,789.0
28,3085,3,2002,2002-12-13,2.085300016403198,1685.84,16.5,19.0,68.0,78,608,25,55.8,False,True,False,172.6,403.0
28,3085,3,2004,2004-10-13,2.567799973487854,1767.13,16.399999618530273,38.0,53.0,79,685,27,55.8,False,True,False,172.6,670.0
28,3085,3,2011,2011-03-12,2.7351000547409057,1101.15,17.100000381469727,36.0,51.0,74,1006,34,55.8,False,True,False,172.6,2341.0
28,3085,3,2016,2016-07-20,3.5831000804901123,1634.21,18.0,23.0,49.0,73,1296,39,55.8,False,True,False,172.6,1957.0
28,3087,1,1990,1990-12-04,1.0033999919891357,1480.99,17.399999618530273,16.0,44.0,73,1779,9,152.4,False,True,False,302.3,0.0
28,3087,1,1992,1992-02-13,1.258100003004074,1221.6,15.800000190734863,10.0,55.0,78,2069,11,152.4,False,True,False,302.3,436.0
28,3087,1,1994,1994-01-28,1.3392000079154966,1788.86,16.100000381469727,46.0,52.0,79,2431,13,152.4,False,True,False,302.3,715.0
28,3087,1,1995,1995-08-09,2.010000026226044,1512.99,16.399999618530273,32.0,73.0,73,2602,14,152.4,False,True,False,302.3,558.0
28,3087,2,1999,1999-04-13,1.2396999955177308,1029.87,17.399999618530273,28.0,45.0,69,3402,18,205.7,False,True,False,355.6,1343.0
28,3087,2,2001,2001-03-25,1.3939000010490417,1682.56,16.399999618530273,26.0,57.0,76,3925,20,205.7,False,True,False,355.6,712.0
28,3087,2,2003,2003-05-01,1.7150000095367433,1517.48,16.100000381469727,36.0,68.0,78,4366,22,205.7,False,True,False,355.6,767.0
28,3087,2,2005,2005-04-11,1.9466000080108643,1306.0,17.0,11.0,47.0,73,4820,24,205.7,False,True,False,355.6,711.0
28,3087,2,2007,2007-07-16,2.7144000053405763,922.75,17.799999237060547,16.0,61.0,71,5259,26,205.7,False,True,False,355.6,826.0
28,3087,2,2010,2010-05-22,2.700600028038025,996.85,16.600000381469727,88.0,71.0,72,5936,29,205.7,False,True,False,355.6,1041.0
28,3087,2,2012,2012-01-18,2.746000003814697,1266.22,17.899999618530273,7.0,42.0,73,6396,31,205.7,False,True,False,355.6,606.0
28,3087,3,2016,2016-07-14,0.6152999937534332,1634.21,18.0,23.0,49.0,73,7334,35,243.8,False,True,False,393.7,1639.0
28,3087,3,2021,2021-05-16,1.118599992990494,1847.53,16.700000762939453,52.0,45.0,79,8544,40,243.8,False,True,False,393.7,1767.0
28,3089,1,1990,1990-12-03,1.0822999835014344,1513.42,17.600000381469727,16.0,43.0,73,2245,9,282.0,False,True,False,426.8,0.0
28,3089,1,1992,1992-02-18,1.153600001335144,1262.2,16.0,10.0,51.0,77,2692,11,282.0,False,True,False,426.8,442.0
28,3089,1,1994,1994-01-28,1.2635000109672547,1689.68,16.399999618530273,43.0,50.0,78,3238,13,282.0,False,True,False,426.8,710.0
28,3089,1,1995,1995-08-09,1.6869999885559082,1367.61,16.700000762939453,29.0,66.0,72,3531,14,282.0,False,True,False,426.8,558.0
28,3089,2,1998,1998-06-10,2.063099992275238,1358.81,18.200000762939453,24.0,39.0,72,4580,17,282.0,False,True,False,426.8,1036.0
28,3090,1,1990,1990-12-03,1.212600004673004,1513.42,17.600000381469727,16.0,43.0,73,436,18,63.5,False,True,False,617.2,0.0
28,3090,1,1992,1992-02-18,1.2434000015258788,1262.2,16.0,10.0,51.0,77,503,20,63.5,False,True,False,617.2,442.0
28,3090,1,1994,1994-01-25,1.1749999999999998,1689.68,16.399999618530273,43.0,50.0,78,609,22,63.5,False,True,False,617.2,707.0
28,3090,1,1995,1995-08-08,1.4245000004768371,1367.61,16.700000762939453,29.0,66.0,72,665,23,63.5,False,True,False,617.2,560.0
28,3090,1,1998,1998-07-29,1.3870000123977662,1358.81,18.200000762939453,24.0,39.0,72,849,26,63.5,False,True,False,617.2,1086.0
28,3090,2,2001,2001-03-25,1.5777000188827517,1669.92,16.799999237060547,26.0,54.0,74,1070,29,73.7,False,True,False,627.4,970.0
28,3090,2,2003,2003-05-01,1.5853000164031985,1444.57,16.299999237060547,34.0,66.0,76,1234,31,73.7,False,True,False,627.4,767.0
28,3090,2,2005,2005-04-10,1.6789000034332275,1146.84,17.5,13.0,45.0,71,1373,33,73.7,False,True,False,627.4,710.0
28,3090,2,2011,2011-03-12,1.8534000039100649,1172.92,17.399999618530273,39.0,47.0,73,1791,39,73.7,False,True,False,627.4,2162.0
28,3090,2,2016,2016-07-13,1.9643999934196472,1682.58,18.100000381469727,20.0,46.0,72,2218,44,73.7,False,True,False,627.4,1950.0
28,3091,1,1990,1990-05-04,1.3117000102996823,1109.19,19.0,5.0,25.0,74,3499,13,88.9,False,True,False,292.1,0.0
28,3091,1,1992,1992-02-20,1.5000999927520753,1699.53,17.399999618530273,8.0,33.0,79,3999,15,88.9,False,True,False,292.1,657.0
28,3091,1,1994,1994-01-24,1.7537999868392944,1458.52,17.899999618530273,8.0,33.0,80,4588,17,88.9,False,True,False,292.1,704.0
28,3091,1,1995,1995-06-06,2.164200019836426,1465.54,17.899999618530273,7.0,51.0,77,4875,18,88.9,False,True,False,292.1,498.0
28,3091,2,1998,1998-04-22,1.4813000202178954,1435.48,19.299999237060547,3.0,30.0,76,5778,21,88.9,False,True,False,292.1,1051.0
28,3091,2,2000,2000-08-09,1.74539999961853,876.42,18.600000381469727,17.0,53.0,70,6436,23,88.9,False,True,False,292.1,840.0
28,3091,2,2003,2003-02-06,0.8111999988555908,1604.76,17.700000762939453,11.0,52.0,79,7499,26,88.9,False,True,False,292.1,911.0
28,3093,2,1990,1990-06-04,0.9808999955654144,975.6,21.100000381469727,0.0,2.0,75,13383,10,182.9,False,True,True,518.2,0.0
28,3093,2,1992,1992-02-21,0.9987000048160553,1601.56,20.0,0.0,2.0,79,16125,12,182.9,False,True,True,518.2,627.0
28,3093,2,1994,1994-01-14,0.953000009059906,1423.64,20.200000762939453,0.0,3.0,79,19851,14,182.9,False,True,True,518.2,693.0
28,3093,2,1995,1995-06-05,1.0252000033855435,1518.82,20.200000762939453,0.0,6.0,78,21889,15,182.9,False,True,True,518.2,507.0
28,3093,2,1998,1998-09-24,1.3164999961853028,1785.86,21.200000762939453,0.0,2.0,79,28768,18,182.9,False,True,True,518.2,1207.0
28,3093,2,2001,2001-03-09,0.9915000081062316,1284.7,20.200000762939453,0.0,6.0,78,36290,21,182.9,False,True,True,518.2,897.0
28,3093,2,2003,2003-02-05,0.9882000088691713,1628.09,20.200000762939453,1.0,3.0,79,41188,23,182.9,False,True,True,518.2,698.0
28,3093,2,2005,2005-04-15,0.9903000056743622,1770.64,20.700000762939453,0.0,3.0,76,46385,25,182.9,False,True,True,518.2,800.0
28,3094,2,1990,1990-06-04,0.8265999972820282,975.6,21.100000381469727,0.0,2.0,75,13383,10,353.0,False,True,True,627.3,0.0
28,3094,2,1992,1992-02-21,0.8949000000953675,1601.56,20.0,0.0,2.0,79,16125,12,353.0,False,True,True,627.3,627.0
28,3094,2,1994,1994-01-14,0.8678999960422515,1423.64,20.200000762939453,0.0,3.0,79,19851,14,353.0,False,True,True,627.3,693.0
28,3094,2,1995,1995-06-05,0.9396000027656556,1518.82,20.200000762939453,0.0,6.0,78,21889,15,353.0,False,True,True,627.3,507.0
28,3094,2,2001,2001-03-09,0.8537000000476838,1284.7,20.200000762939453,0.0,6.0,78,36289,21,353.0,False,True,True,627.3,2104.0
28,3094,2,2003,2003-02-05,0.881800001859665,1628.09,20.200000762939453,1.0,3.0,79,41187,23,353.0,False,True,True,627.3,698.0
28,3094,2,2005,2005-05-06,1.6771999835968017,1770.64,20.700000762939453,0.0,3.0,76,46384,25,353.0,False,True,True,627.3,821.0
28,A310,1,1990,1990-08-09,0.8147000014781952,1018.44,19.600000381469727,4.0,17.0,76,2273,9,81.3,False,True,False,251.5,0.0
28,A310,2,1991,1991-07-12,1.194000005722046,1625.66,18.700000762939453,0.0,27.0,82,2504,10,111.8,False,True,False,282.0,337.0
28,A310,2,1992,1992-08-20,1.1594000220298768,1629.1,18.299999237060547,5.0,23.0,80,2698,11,111.8,False,True,False,282.0,405.0
28,A310,2,1994,1994-08-04,1.2711999893188477,1451.17,18.700000762939453,2.0,26.0,81,3126,13,111.8,False,True,False,282.0,714.0
28,A310,2,1995,1995-07-28,1.5920000076293943,1327.33,18.799999237060547,1.0,40.0,78,3343,14,111.8,False,True,False,282.0,358.0
28,A310,2,1998,1998-01-27,1.4940000176429749,1541.46,19.89999961853028,0.0,21.0,78,4282,17,111.8,False,True,False,282.0,914.0
28,A310,2,1999,1999-06-16,1.8125,929.35,19.700000762939453,5.0,25.0,73,4588,18,111.8,False,True,False,282.0,505.0
28,A320,1,1990,1990-08-09,1.499500000476837,1018.44,19.600000381469727,4.0,17.0,76,2273,9,76.19999999999999,False,True,False,266.7,0.0
28,A320,2,1991,1991-07-12,2.4782000184059143,1625.66,18.700000762939453,0.0,27.0,82,2504,10,83.8,False,True,False,274.3,337.0
28,A320,2,1992,1992-08-20,2.43219997882843,1629.1,18.299999237060547,5.0,23.0,80,2698,11,83.8,False,True,False,274.3,405.0
28,A320,2,1994,1994-08-04,2.633799982070923,1451.17,18.700000762939453,2.0,26.0,81,3126,13,83.8,False,True,False,274.3,714.0
28,A320,2,1995,1995-07-28,3.0538000106811523,1327.33,18.799999237060547,1.0,40.0,78,3343,14,83.8,False,True,False,274.3,358.0
28,A320,2,1998,1998-01-27,2.8575999975204467,1541.46,19.89999961853028,0.0,21.0,78,4282,17,83.8,False,True,False,274.3,914.0
28,A320,2,1999,1999-06-16,3.3961999893188475,929.35,19.700000762939453,5.0,25.0,73,4588,18,83.8,False,True,False,274.3,505.0
28,A330,1,1990,1990-08-09,0.9375000059604646,1018.44,19.600000381469727,4.0,17.0,76,2273,9,78.8,False,True,False,249.0,0.0
28,A330,2,1991,1991-06-12,1.0743000030517578,1625.66,18.700000762939453,0.0,27.0,82,2504,10,78.8,False,True,False,249.0,307.0
28,A330,2,1992,1992-08-20,1.2402000069618224,1629.1,18.299999237060547,5.0,23.0,80,2698,11,78.8,False,True,False,249.0,435.0
28,A330,3,1994,1994-08-04,1.7010999917984009,1451.17,18.700000762939453,2.0,26.0,81,3126,13,78.8,False,True,False,249.0,714.0
28,A330,3,1995,1995-07-28,2.2975000143051147,1327.33,18.799999237060547,1.0,40.0,78,3343,14,78.8,False,True,False,249.0,358.0
28,A330,3,1998,1998-01-27,2.400500011444092,1541.46,19.89999961853028,0.0,21.0,78,4282,17,78.8,False,True,False,249.0,914.0
28,A330,3,1999,1999-06-16,4.058600068092346,929.35,19.700000762939453,5.0,25.0,73,4588,18,78.8,False,True,False,249.0,505.0
28,A350,1,1990,1990-08-09,1.111899983882904,1018.44,19.600000381469727,4.0,17.0,76,2273,9,81.3,False,True,False,251.5,0.0
28,A350,2,1991,1991-07-12,1.1848000049591063,1625.66,18.700000762939453,0.0,27.0,82,2504,10,88.9,False,True,False,259.1,337.0
28,A350,2,1992,1992-08-20,1.189800000190735,1629.1,18.299999237060547,5.0,23.0,80,2698,11,88.9,False,True,False,259.1,405.0
28,A350,2,1994,1994-08-04,1.2300999879837038,1451.17,18.700000762939453,2.0,26.0,81,3126,13,88.9,False,True,False,259.1,714.0
28,A350,2,1995,1995-07-28,1.433399999141693,1327.33,18.799999237060547,1.0,40.0,78,3343,14,88.9,False,True,False,259.1,358.0
28,A350,2,1998,1998-01-27,2.070899999141693,1541.46,19.89999961853028,0.0,21.0,78,4282,17,88.9,False,True,False,259.1,914.0
28,A350,2,1999,1999-06-16,1.5674000024795531,929.35,19.700000762939453,5.0,25.0,73,4588,18,88.9,False,True,False,259.1,505.0
29,0501,1,2000,2000-01-17,1.9055999755859367,857.88,14.600000381469728,185.0,73.0,69,9178,20,213.3,False,False,False,314.9,0.0
29,0501,1,2001,2001-04-20,2.18620001077652,1031.94,14.899999618530272,84.0,86.0,72,9801,21,213.3,False,False,False,314.9,459.0
29,0502,2,2000,2000-01-17,1.128599989414215,857.88,14.600000381469728,185.0,73.0,69,9178,20,266.70000000000005,False,False,False,381.0,0.0
29,0502,2,2001,2001-04-20,1.1523000001907349,1031.94,14.899999618530272,84.0,86.0,72,9801,21,266.70000000000005,False,False,False,381.0,459.0
29,0502,2,2002,2002-02-12,1.170199990272522,1093.45,14.0,94.0,88.0,76,10405,22,266.70000000000005,False,False,False,381.0,298.0
29,0502,2,2003,2003-02-17,1.1001999855041504,1005.75,14.300000190734863,93.0,89.0,73,11002,23,266.70000000000005,False,False,False,381.0,370.0
29,0502,2,2004,2004-03-08,1.1146000027656555,1237.28,14.300000190734863,106.0,71.0,77,11665,24,266.70000000000005,False,False,False,381.0,385.0
29,0503,2,2000,2000-01-17,0.9908999919891356,857.88,14.600000381469728,185.0,73.0,69,9178,20,340.4,False,False,False,442.0,0.0
29,0503,2,2001,2001-04-20,0.9752999901771544,1031.94,14.899999618530272,84.0,86.0,72,9801,21,340.4,False,False,False,442.0,459.0
29,0503,2,2002,2002-02-12,1.0147999942302703,1093.45,14.0,94.0,88.0,76,10405,22,340.4,False,False,False,442.0,298.0
29,0503,2,2003,2003-02-17,0.9467000007629396,1005.75,14.300000190734863,93.0,89.0,73,11002,23,340.4,False,False,False,442.0,370.0
29,0503,2,2004,2004-03-08,0.9296999990940094,1237.28,14.300000190734863,106.0,71.0,77,11665,24,340.4,False,False,False,442.0,385.0
29,0504,2,2000,2000-01-17,1.1563999891281127,857.88,14.600000381469728,185.0,73.0,69,9178,20,325.1,False,False,False,426.7,0.0
29,0504,2,2001,2001-04-20,1.131300020217895,1031.94,14.899999618530272,84.0,86.0,72,9801,21,325.1,False,False,False,426.7,459.0
29,0504,2,2002,2002-02-12,1.1592999935150146,1093.45,14.0,94.0,88.0,76,10405,22,325.1,False,False,False,426.7,298.0
29,0504,2,2003,2003-02-16,1.0663000106811524,1005.75,14.300000190734863,93.0,89.0,73,11002,23,325.1,False,False,False,426.7,369.0
29,0504,2,2004,2004-03-08,1.088199996948242,1237.28,14.300000190734863,106.0,71.0,77,11665,24,325.1,False,False,False,426.7,386.0
29,0505,2,2000,2000-01-17,1.0983000159263612,857.88,14.600000381469728,185.0,73.0,69,9178,20,279.4,False,False,False,381.0,0.0
29,0505,2,2001,2001-04-20,1.106000006198883,1031.94,14.899999618530272,84.0,86.0,72,9801,21,279.4,False,False,False,381.0,459.0
29,0505,2,2002,2002-02-12,1.1197999835014345,1093.45,14.0,94.0,88.0,76,10405,22,279.4,False,False,False,381.0,298.0
29,0505,2,2003,2003-02-16,1.0667999982833862,1005.75,14.300000190734863,93.0,89.0,73,11002,23,279.4,False,False,False,381.0,369.0
29,0505,2,2004,2004-03-08,1.0795999884605407,1237.28,14.300000190734863,106.0,71.0,77,11665,24,279.4,False,False,False,381.0,386.0
29,0506,2,2000,2000-01-17,1.094700002670288,857.88,14.600000381469728,185.0,73.0,69,9178,20,243.9,False,False,False,396.3,0.0
29,0506,2,2001,2001-04-20,1.0938000082969666,1031.94,14.899999618530272,84.0,86.0,72,9801,21,243.9,False,False,False,396.3,459.0
29,0506,2,2002,2002-02-12,1.134500014781952,1093.45,14.0,94.0,88.0,76,10405,22,243.9,False,False,False,396.3,298.0
29,0506,2,2003,2003-02-16,1.0538000106811525,1005.75,14.300000190734863,93.0,89.0,73,11002,23,243.9,False,False,False,396.3,369.0
29,0506,2,2004,2004-03-08,1.0944000124931337,1237.28,14.300000190734863,106.0,71.0,77,11665,24,243.9,False,False,False,396.3,386.0
29,0507,2,2000,2000-01-17,1.3260999917984009,857.88,14.600000381469728,185.0,73.0,69,9178,20,342.90000000000003,False,False,False,444.5,0.0
29,0507,2,2001,2001-04-20,1.2834000110626222,1031.94,14.899999618530272,84.0,86.0,72,9801,21,342.90000000000003,False,False,False,444.5,459.0
29,0507,2,2002,2002-02-12,1.3751999974250793,1093.45,14.0,94.0,88.0,76,10405,22,342.90000000000003,False,False,False,444.5,298.0
29,0507,2,2003,2003-02-16,1.2722000002861025,1005.75,14.300000190734863,93.0,89.0,73,11002,23,342.90000000000003,False,False,False,444.5,369.0
29,0507,2,2004,2004-03-08,1.2659000039100647,1237.28,14.300000190734863,106.0,71.0,77,11665,24,342.90000000000003,False,False,False,444.5,386.0
29,0508,2,2000,2000-01-17,0.9827000021934508,857.88,14.600000381469728,185.0,73.0,69,9178,20,337.8,False,False,False,439.4,0.0
29,0508,2,2001,2001-04-20,0.9902999877929688,1031.94,14.899999618530272,84.0,86.0,72,9801,21,337.8,False,False,False,439.4,459.0
29,0508,2,2002,2002-02-12,1.0070000112056734,1093.45,14.0,94.0,88.0,76,10405,22,337.8,False,False,False,439.4,298.0
29,0508,2,2003,2003-02-16,0.9664999902248383,1005.75,14.300000190734863,93.0,89.0,73,11002,23,337.8,False,False,False,439.4,369.0
29,0508,2,2004,2004-03-08,0.964299988746643,1237.28,14.300000190734863,106.0,71.0,77,11665,24,337.8,False,False,False,439.4,386.0
29,0509,2,2000,2000-01-17,1.3402999997138978,857.88,14.600000381469728,185.0,73.0,69,9178,20,261.5,False,False,False,363.1,0.0
29,0509,2,2001,2001-04-20,1.3423999905586244,1031.94,14.899999618530272,84.0,86.0,72,9801,21,261.5,False,False,False,363.1,459.0
29,0509,2,2002,2002-02-12,1.3502000093460085,1093.45,14.0,94.0,88.0,76,10405,22,261.5,False,False,False,363.1,298.0
29,0509,2,2003,2003-02-16,1.2844000101089477,1005.75,14.300000190734863,93.0,89.0,73,11002,23,261.5,False,False,False,363.1,369.0
29,0509,2,2004,2004-03-08,1.2944000005722045,1237.28,14.300000190734863,106.0,71.0,77,11665,24,261.5,False,False,False,363.1,386.0
29,1002,1,1990,1990-06-30,1.2625333348910015,1295.03,13.199999809265137,123.0,100.0,76,152,5,172.7,False,False,False,363.2,0.0
29,1002,1,1992,1992-02-15,1.3017000079154968,1281.13,12.5,88.0,110.0,76,257,7,172.7,False,False,False,363.2,595.0
29,1002,1,1993,1993-03-14,1.3649999856948851,1312.79,11.100000381469728,258.0,96.0,84,313,8,172.7,False,False,False,363.2,393.0
29,1002,1,1994,1994-05-10,1.5103000044822692,1074.11,12.399999618530272,251.0,84.0,78,386,9,172.7,False,False,False,363.2,422.0
29,1002,1,1997,1997-03-14,2.285999989509582,1060.63,12.100000381469728,240.0,102.0,75,702,12,172.7,False,False,False,363.2,1039.0
29,1002,1,1998,1998-04-19,2.373199987411499,1353.06,13.699999809265137,149.0,77.0,79,781,13,172.7,False,False,False,363.2,401.0
29,1002,1,1999,1999-02-13,2.5124000310897827,959.83,13.800000190734863,158.0,91.0,70,893,14,172.7,False,False,False,363.2,300.0
29,1002,1,2000,2000-01-18,2.520300006866455,803.48,13.300000190734863,261.0,97.0,70,986,15,172.7,False,False,False,363.2,339.0
29,1002,3,2001,2001-04-26,2.954699993133545,1092.2,13.399999618530272,154.0,97.0,74,1105,16,172.7,False,False,False,363.2,464.0
29,1002,4,2002,2002-02-17,2.928500008583069,1086.76,13.100000381469728,127.0,107.0,74,1215,17,172.7,False,False,False,363.2,297.0
29,1002,4,2003,2003-05-28,2.961900019645691,1395.92,12.800000190734863,195.0,96.0,73,1365,18,172.7,False,False,False,363.2,465.0
29,1005,1,1990,1990-08-21,0.797749999165535,1420.94,13.600000381469728,117.0,87.0,75,4972,17,226.1,False,False,False,325.2,0.0
29,1005,1,1992,1992-02-15,0.79200000166893,1494.14,13.0,65.0,104.0,76,5770,19,226.1,False,False,False,325.2,543.0
29,1005,1,1993,1993-03-14,0.8078999996185303,1242.59,11.800000190734863,201.0,95.0,82,6217,20,226.1,False,False,False,325.2,393.0
29,1005,1,1994,1994-05-10,0.7322000026702881,1165.23,12.899999618530272,209.0,82.0,78,6716,21,226.1,False,False,False,325.2,422.0
29,1005,1,1997,1997-03-15,0.7700000107288361,1000.47,12.600000381469728,192.0,97.0,75,8070,24,226.1,False,False,False,325.2,1040.0
29,1005,1,1998,1998-04-15,0.785999995470047,1240.94,14.300000190734863,116.0,77.0,78,8583,25,226.1,False,False,False,325.2,396.0
29,1005,1,1999,1999-02-13,0.7957000017166138,966.15,14.399999618530272,123.0,82.0,69,9125,26,226.1,False,False,False,325.2,304.0
29,1005,1,2000,2000-01-18,0.8185999989509583,787.51,14.0,233.0,85.0,68,9855,27,226.1,False,False,False,325.2,339.0
29,1005,1,2001,2001-04-26,0.8196999967098236,1121.12,13.899999618530272,120.0,96.0,73,10615,28,226.1,False,False,False,325.2,464.0
29,1005,1,2002,2002-02-17,0.8652999937534331,1132.09,13.5,111.0,103.0,74,11404,29,226.1,False,False,False,325.2,297.0
29,1005,1,2004,2004-06-11,0.8918000042438508,1234.8,13.300000190734863,187.0,79.0,77,13067,31,226.1,False,False,False,325.2,845.0
29,1005,1,2005,2005-05-13,0.9038999915122984,961.78,14.0,123.0,91.0,75,13824,32,226.1,False,False,False,325.2,336.0
29,1008,1,1990,1990-03-15,1.5901999950408936,1368.32,14.199999809265137,86.0,85.0,74,1034,5,289.6,False,False,False,401.4,0.0
29,1008,1,1991,1991-03-08,1.6019000172615052,1131.47,14.5,142.0,86.0,72,1217,6,289.6,False,False,False,401.4,358.0
29,1008,1,1992,1992-02-16,1.6342999935150146,1378.35,13.300000190734863,49.0,87.0,79,1385,7,289.6,False,False,False,401.4,345.0
29,1008,1,1993,1993-03-05,1.586899995803833,1347.05,12.199999809265137,150.0,93.0,82,1575,8,289.6,False,False,False,401.4,383.0
29,1008,1,1994,1994-05-11,1.6244999885559082,1199.59,13.699999809265137,147.0,80.0,76,1793,9,289.6,False,False,False,401.4,432.0
29,1008,1,1997,1997-02-11,1.6110000014305117,1021.27,13.100000381469728,152.0,81.0,76,2496,12,289.6,False,False,False,401.4,1007.0
29,1008,2,1998,1998-04-07,1.580400013923645,1211.47,15.199999809265137,90.0,69.0,76,2717,13,289.6,False,False,False,401.4,420.0
29,1008,2,1999,1999-02-09,1.6215999722480774,1189.55,14.600000381469728,82.0,71.0,73,3079,14,289.6,False,False,False,401.4,308.0
29,1008,2,2000,2000-01-16,1.621299993991852,860.75,14.199999809265137,200.0,78.0,71,3414,15,289.6,False,False,False,401.4,341.0
29,1008,2,2001,2001-04-20,1.64170001745224,1043.07,14.699999809265137,96.0,87.0,72,3724,16,289.6,False,False,False,401.4,460.0
29,1008,2,2002,2002-02-13,1.658899998664856,998.15,13.899999618530272,110.0,93.0,73,4035,17,289.6,False,False,False,401.4,299.0
29,1008,2,2004,2004-03-02,1.5811000108718871,1269.83,14.0,136.0,72.0,76,4739,19,289.6,False,False,False,401.4,748.0
29,1010,1,1990,1990-03-15,1.2348999857902527,1420.94,13.600000381469728,117.0,87.0,75,16353,11,350.5,False,False,False,457.2,0.0
29,1010,1,1991,1991-03-07,1.2846000075340271,1074.13,13.600000381469728,203.0,91.0,75,18165,12,350.5,False,False,False,457.2,357.0
29,1010,1,1992,1992-02-15,1.4021000146865843,1494.14,13.0,65.0,104.0,76,20512,13,350.5,False,False,False,457.2,345.0
29,1010,1,1993,1993-03-15,1.517900025844574,1242.59,11.800000190734863,201.0,95.0,82,23694,14,350.5,False,False,False,457.2,394.0
29,1010,1,1994,1994-05-10,1.7561999797821046,1165.23,12.899999618530272,209.0,82.0,78,26258,15,350.5,False,False,False,457.2,421.0
29,1010,1,1997,1997-02-09,2.436500000953674,1000.47,12.600000381469728,192.0,97.0,75,34142,18,350.5,False,False,False,457.2,1006.0
29,1010,1,1998,1998-04-08,2.928700029850006,1240.94,14.300000190734863,116.0,77.0,78,36664,19,350.5,False,False,False,457.2,423.0
29,1010,2,2000,2000-01-18,0.8505999982357024,787.51,14.0,233.0,85.0,68,42002,21,474.9,False,False,False,581.6,650.0
29,1010,2,2001,2001-04-26,0.8445000052452087,1121.12,13.899999618530272,120.0,96.0,73,45262,22,474.9,False,False,False,581.6,464.0
29,1010,2,2002,2002-02-18,0.8389999985694885,1132.09,13.5,111.0,103.0,74,48827,23,474.9,False,False,False,581.6,298.0
29,1010,2,2004,2004-03-09,0.8208999991416931,1234.8,13.300000190734863,187.0,79.0,77,55829,25,474.9,False,False,False,581.6,750.0
29,5403,2,1990,1990-03-20,1.03610001206398,1558.51,15.899999618530272,48.0,52.0,75,4352,26,157.5,False,True,False,315.0,0.0
29,5403,2,1991,1991-03-14,1.0258999943733216,1412.58,15.399999618530272,42.0,71.0,79,4624,27,157.5,False,True,False,315.0,359.0
29,5403,2,1992,1992-02-17,1.0259000062942505,1179.71,14.800000190734863,23.0,78.0,77,4934,28,157.5,False,True,False,315.0,340.0
29,5403,2,1993,1993-02-06,1.132199990749359,1358.95,14.699999809265137,46.0,81.0,76,5275,29,157.5,False,True,False,315.0,355.0
29,5403,2,1994,1994-03-15,1.0981000065803528,1409.93,15.0,114.0,61.0,77,5638,30,157.5,False,True,False,315.0,402.0
29,5403,2,1997,1997-02-07,1.3398000001907349,1391.01,14.300000190734863,89.0,61.0,78,6868,33,157.5,False,True,False,315.0,1060.0
29,5403,2,1998,1998-04-06,1.6189000129699709,986.97,16.700000762939453,33.0,49.0,74,7363,34,157.5,False,True,False,315.0,423.0
29,5403,3,1999,1999-02-07,1.832600009441376,1088.81,16.399999618530273,45.0,62.0,67,7897,35,157.5,False,True,False,315.0,307.0
29,5403,3,2000,2000-01-23,1.902400016784668,902.12,15.800000190734863,129.0,62.0,68,8386,36,157.5,False,True,False,315.0,350.0
29,5403,4,2001,2001-04-18,1.934599995613098,1155.36,16.100000381469727,45.0,68.0,70,8902,37,157.5,False,True,False,315.0,451.0
29,5403,4,2002,2002-02-10,1.996900010108948,1428.49,15.100000381469728,51.0,84.0,78,9445,38,157.5,False,True,False,315.0,298.0
29,5403,4,2004,2004-03-26,2.30239999294281,1534.83,15.5,80.0,62.0,76,10455,40,157.5,False,True,False,315.0,775.0
29,5413,2,1990,1990-03-20,0.9328999996185304,1558.51,15.899999618530272,48.0,52.0,75,4352,26,185.4,False,True,False,312.4,0.0
29,5413,2,1991,1991-03-14,0.9717000067234038,1412.58,15.399999618530272,42.0,71.0,79,4624,27,185.4,False,True,False,312.4,359.0
29,5413,2,1992,1992-02-17,0.943500006198883,1179.71,14.800000190734863,23.0,78.0,77,4934,28,185.4,False,True,False,312.4,340.0
29,5413,2,1993,1993-02-06,0.9791000068187714,1358.95,14.699999809265137,46.0,81.0,76,5275,29,185.4,False,True,False,312.4,355.0
29,5413,2,1994,1994-03-15,0.9508999943733216,1409.93,15.0,114.0,61.0,77,5638,30,185.4,False,True,False,312.4,402.0
29,5413,2,1997,1997-02-07,1.00689999461174,1391.01,14.300000190734863,89.0,61.0,78,6868,33,185.4,False,True,False,312.4,1060.0
29,5413,2,1998,1998-04-06,1.0407000124454495,986.97,16.700000762939453,33.0,49.0,74,7363,34,185.4,False,True,False,312.4,423.0
29,5413,2,1999,1999-02-07,1.061899995803833,1088.81,16.399999618530273,45.0,62.0,67,7897,35,185.4,False,True,False,312.4,307.0
29,5413,2,2000,2000-01-23,1.0768000125885009,902.12,15.800000190734863,129.0,62.0,68,8386,36,185.4,False,True,False,312.4,350.0
29,5413,2,2001,2001-04-18,1.092300009727478,1155.36,16.100000381469727,45.0,68.0,70,8902,37,185.4,False,True,False,312.4,451.0
29,5413,2,2002,2002-02-10,1.120899999141693,1428.49,15.100000381469728,51.0,84.0,78,9445,38,185.4,False,True,False,312.4,298.0
29,5413,2,2004,2004-03-26,1.1623000025749206,1534.83,15.5,80.0,62.0,76,10455,40,185.4,False,True,False,312.4,775.0
29,6067,1,1990,1990-03-19,1.4386000037193298,1659.53,14.699999809265137,85.0,70.0,76,6998,26,205.7,False,False,False,307.3,0.0
29,6067,1,1991,1991-03-12,1.4487000107765198,1476.12,14.5,90.0,94.0,78,7211,27,205.7,False,False,False,307.3,358.0
29,6067,1,1992,1992-02-17,1.4965000033378602,1086.48,13.699999809265137,40.0,91.0,78,7428,28,205.7,False,False,False,307.3,342.0
29,6067,1,1993,1993-02-07,1.4905000209808348,1493.85,13.100000381469728,120.0,92.0,80,7660,29,205.7,False,False,False,307.3,356.0
29,6067,1,1994,1994-03-15,1.629699993133545,1194.65,13.699999809265137,149.0,75.0,78,8069,30,205.7,False,False,False,307.3,401.0
29,6067,1,1997,1997-02-08,2.217799973487854,1121.52,13.5,118.0,84.0,76,8849,33,205.7,False,False,False,307.3,1061.0
29,6067,1,1998,1998-04-06,2.317699992656708,1228.0,15.399999618530272,57.0,71.0,76,9304,34,205.7,False,False,False,307.3,422.0
29,A310,1,1990,1990-04-30,0.8933999955654144,1420.94,13.600000381469728,117.0,87.0,75,4972,17,221.1,False,False,False,320.2,0.0
29,A310,2,1990,1990-12-12,0.9063000082969666,1420.94,13.600000381469728,117.0,87.0,75,4972,17,266.8,False,False,False,365.9,226.0
29,A310,2,1992,1992-02-15,0.9990000009536744,1494.14,13.0,65.0,104.0,76,5770,19,266.8,False,False,False,365.9,430.0
29,A310,2,1993,1993-03-14,0.9665000021457671,1242.59,11.800000190734863,201.0,95.0,82,6217,20,266.8,False,False,False,365.9,393.0
29,A310,2,1994,1994-05-10,0.9448000013828276,1165.23,12.899999618530272,209.0,82.0,78,6716,21,266.8,False,False,False,365.9,422.0
29,A310,3,1997,1997-03-15,0.9555999934673308,1000.47,12.600000381469728,192.0,97.0,75,8070,24,266.8,False,False,False,365.9,1040.0
29,A310,3,1998,1998-04-15,0.9631999969482422,1240.94,14.300000190734863,116.0,77.0,78,8583,25,266.8,False,False,False,365.9,396.0
29,A310,4,1999,1999-02-13,0.947099995613098,966.15,14.399999618530272,123.0,82.0,69,9125,26,266.8,False,False,False,365.9,304.0
29,A310,4,2000,2000-01-18,1.0069000005722046,787.51,14.0,233.0,85.0,68,9855,27,266.8,False,False,False,365.9,339.0
29,A310,4,2001,2001-04-26,1.0444999933242798,1121.12,13.899999618530272,120.0,96.0,73,10615,28,266.8,False,False,False,365.9,464.0
29,A310,4,2002,2002-02-17,1.0568999886512755,1132.09,13.5,111.0,103.0,74,11404,29,266.8,False,False,False,365.9,297.0
29,A310,5,2004,2004-06-11,1.3392000079154969,1234.8,13.300000190734863,187.0,79.0,77,13067,31,266.8,False,False,False,365.9,845.0
29,A310,6,2005,2005-05-13,1.6353000044822692,961.78,14.0,123.0,91.0,75,13824,32,266.8,False,False,False,365.9,336.0
29,A320,1,1990,1990-04-30,0.8348999977111816,1420.94,13.600000381469728,117.0,87.0,75,4972,17,208.2,False,False,False,307.29999999999995,0.0
29,A320,2,1990,1990-12-12,1.0228000164031985,1420.94,13.600000381469728,117.0,87.0,75,4972,17,210.7,False,False,False,309.79999999999995,226.0
29,A320,2,1992,1992-02-15,1.0776000022888184,1494.14,13.0,65.0,104.0,76,5770,19,210.7,False,False,False,309.79999999999995,430.0
29,A320,2,1993,1993-03-14,1.1050000071525572,1242.59,11.800000190734863,201.0,95.0,82,6217,20,210.7,False,False,False,309.79999999999995,393.0
29,A320,2,1994,1994-05-10,1.0334999978542327,1165.23,12.899999618530272,209.0,82.0,78,6716,21,210.7,False,False,False,309.79999999999995,422.0
29,A320,3,1997,1997-03-15,1.1261000037193298,1000.47,12.600000381469728,192.0,97.0,75,8070,24,210.7,False,False,False,309.79999999999995,1040.0
29,A320,3,1998,1998-04-15,1.1638000011444092,1240.94,14.300000190734863,116.0,77.0,78,8583,25,210.7,False,False,False,309.79999999999995,396.0
29,A320,3,1999,1999-02-13,1.143999993801117,966.15,14.399999618530272,123.0,82.0,69,9125,26,210.7,False,False,False,309.79999999999995,304.0
29,A320,3,2000,2000-01-18,1.2180999875068663,787.51,14.0,233.0,85.0,68,9855,27,210.7,False,False,False,309.79999999999995,339.0
29,A320,3,2001,2001-04-26,1.1384999990463256,1121.12,13.899999618530272,120.0,96.0,73,10615,28,210.7,False,False,False,309.79999999999995,464.0
29,A320,3,2002,2002-02-17,1.1555999994277952,1132.09,13.5,111.0,103.0,74,11404,29,210.7,False,False,False,309.79999999999995,297.0
29,A320,3,2004,2004-06-11,1.1796000063419343,1234.8,13.300000190734863,187.0,79.0,77,13067,31,210.7,False,False,False,309.79999999999995,845.0
29,A320,3,2005,2005-05-13,1.182100009918213,961.78,14.0,123.0,91.0,75,13824,32,210.7,False,False,False,309.79999999999995,336.0
29,A330,1,1990,1990-04-30,1.2289000153541565,1420.94,13.600000381469728,117.0,87.0,75,4972,17,226.1,False,False,False,325.2,0.0
29,A330,2,1990,1990-12-12,1.1865000009536744,1420.94,13.600000381469728,117.0,87.0,75,4972,17,226.1,False,False,False,325.2,226.0
29,A330,2,1992,1992-02-15,1.1848000049591063,1494.14,13.0,65.0,104.0,76,5770,19,226.1,False,False,False,325.2,430.0
29,A330,2,1993,1993-03-14,1.2226999878883362,1242.59,11.800000190734863,201.0,95.0,82,6217,20,226.1,False,False,False,325.2,393.0
29,A330,2,1994,1994-05-10,1.190999984741211,1165.23,12.899999618530272,209.0,82.0,78,6716,21,226.1,False,False,False,325.2,422.0
29,A330,2,1997,1997-03-15,1.1628999948501586,1000.47,12.600000381469728,192.0,97.0,75,8070,24,226.1,False,False,False,325.2,1040.0
29,A330,3,1998,1998-04-15,1.1718999981880187,1240.94,14.300000190734863,116.0,77.0,78,8583,25,226.1,False,False,False,325.2,396.0
29,A330,3,1999,1999-02-13,1.127499985694885,966.15,14.399999618530272,123.0,82.0,69,9125,26,226.1,False,False,False,325.2,304.0
29,A330,3,2000,2000-01-18,1.172099995613098,787.51,14.0,233.0,85.0,68,9855,27,226.1,False,False,False,325.2,339.0
29,A330,3,2001,2001-04-26,1.1916999936103825,1121.12,13.899999618530272,120.0,96.0,73,10615,28,226.1,False,False,False,325.2,464.0
29,A330,3,2002,2002-02-17,1.174399995803833,1132.09,13.5,111.0,103.0,74,11404,29,226.1,False,False,False,325.2,297.0
29,A330,4,2004,2004-06-11,1.1235999941825865,1234.8,13.300000190734863,187.0,79.0,77,13067,31,226.1,False,False,False,325.2,845.0
29,A330,5,2005,2005-05-13,1.154699981212616,961.78,14.0,123.0,91.0,75,13824,32,226.1,False,False,False,325.2,336.0
29,A340,1,1990,1990-08-21,1.1124999940395357,1420.94,13.600000381469728,117.0,87.0,75,4972,17,226.1,False,False,False,325.2,0.0
29,A340,1,1992,1992-02-15,1.0877000033855435,1494.14,13.0,65.0,104.0,76,5770,19,226.1,False,False,False,325.2,543.0
29,A340,1,1993,1993-03-14,1.2000000119209289,1242.59,11.800000190734863,201.0,95.0,82,6217,20,226.1,False,False,False,325.2,393.0
29,A340,1,1994,1994-05-10,1.088800001144409,1165.23,12.899999618530272,209.0,82.0,78,6716,21,226.1,False,False,False,325.2,422.0
29,A340,1,1997,1997-03-15,1.133300018310547,1000.47,12.600000381469728,192.0,97.0,75,8070,24,226.1,False,False,False,325.2,1040.0
29,A340,1,1998,1998-04-15,1.150699996948242,1240.94,14.300000190734863,116.0,77.0,78,8583,25,226.1,False,False,False,325.2,396.0
29,A340,1,1999,1999-02-13,1.1484999895095824,966.15,14.399999618530272,123.0,82.0,69,9125,26,226.1,False,False,False,325.2,304.0
29,A340,1,2000,2000-01-18,1.1640000104904176,787.51,14.0,233.0,85.0,68,9855,27,226.1,False,False,False,325.2,339.0
29,A340,1,2001,2001-04-26,1.2109000086784365,1121.12,13.899999618530272,120.0,96.0,73,10615,28,226.1,False,False,False,325.2,464.0
29,A340,1,2002,2002-02-17,1.208299994468689,1132.09,13.5,111.0,103.0,74,11404,29,226.1,False,False,False,325.2,297.0
29,A340,2,2004,2004-06-11,1.2522999882698058,1234.8,13.300000190734863,187.0,79.0,77,13067,31,226.1,False,False,False,325.2,845.0
29,A340,2,2005,2005-05-13,1.2819000124931337,961.78,14.0,123.0,91.0,75,13824,32,226.1,False,False,False,325.2,336.0
29,A350,1,1990,1990-04-30,1.0995999991893768,1420.94,13.600000381469728,117.0,87.0,75,4972,17,226.0,False,False,False,325.1,0.0
29,A350,2,1990,1990-12-12,1.109999990463257,1420.94,13.600000381469728,117.0,87.0,75,4972,17,233.6,False,False,False,332.7,226.0
29,A350,2,1992,1992-02-15,1.1240000128746033,1494.14,13.0,65.0,104.0,76,5770,19,233.6,False,False,False,332.7,430.0
29,A350,2,1993,1993-03-14,1.139900004863739,1242.59,11.800000190734863,201.0,95.0,82,6217,20,233.6,False,False,False,332.7,393.0
29,A350,2,1994,1994-05-10,1.0636999964714051,1165.23,12.899999618530272,209.0,82.0,78,6716,21,233.6,False,False,False,332.7,422.0
29,A350,2,1997,1997-03-15,1.0057000041007995,1000.47,12.600000381469728,192.0,97.0,75,8070,24,233.6,False,False,False,332.7,1040.0
29,A350,2,1998,1998-04-15,1.0163000106811524,1240.94,14.300000190734863,116.0,77.0,78,8583,25,233.6,False,False,False,332.7,396.0
29,A350,2,1999,1999-02-13,1.0056999921798706,966.15,14.399999618530272,123.0,82.0,69,9125,26,233.6,False,False,False,332.7,304.0
29,A350,2,2000,2000-01-18,1.03649999499321,787.51,14.0,233.0,85.0,68,9855,27,233.6,False,False,False,332.7,339.0
29,A350,2,2001,2001-04-26,1.0415000081062318,1121.12,13.899999618530272,120.0,96.0,73,10615,28,233.6,False,False,False,332.7,464.0
29,A350,2,2002,2002-02-17,1.0522999942302704,1132.09,13.5,111.0,103.0,74,11404,29,233.6,False,False,False,332.7,297.0
29,A350,2,2004,2004-06-11,1.0267999947071076,1234.8,13.300000190734863,187.0,79.0,77,13067,31,233.6,False,False,False,332.7,845.0
29,A350,2,2005,2005-05-13,1.0547999918460846,961.78,14.0,123.0,91.0,75,13824,32,233.6,False,False,False,332.7,336.0
29,A351,1,1990,1990-04-30,1.282200002670288,1420.94,13.600000381469728,117.0,87.0,75,4972,17,226.1,False,False,False,325.2,0.0
29,A351,2,1990,1990-12-12,1.3251999974250794,1420.94,13.600000381469728,117.0,87.0,75,4972,17,238.8,False,False,False,337.9,226.0
29,A351,2,1992,1992-02-15,1.314800000190735,1494.14,13.0,65.0,104.0,76,5770,19,238.8,False,False,False,337.9,430.0
29,A351,2,1993,1993-03-14,1.641699993610382,1242.59,11.800000190734863,201.0,95.0,82,6217,20,238.8,False,False,False,337.9,393.0
29,A351,2,1994,1994-05-10,1.2628999948501587,1165.23,12.899999618530272,209.0,82.0,78,6716,21,238.8,False,False,False,337.9,422.0
29,A351,2,1997,1997-03-15,1.236900007724762,1000.47,12.600000381469728,192.0,97.0,75,8070,24,238.8,False,False,False,337.9,1040.0
29,A351,2,1998,1998-04-15,1.262600016593933,1240.94,14.300000190734863,116.0,77.0,78,8583,25,238.8,False,False,False,337.9,396.0
29,A351,2,1999,1999-02-13,1.2734999895095824,966.15,14.399999618530272,123.0,82.0,69,9125,26,238.8,False,False,False,337.9,304.0
29,A351,2,2000,2000-01-18,1.2828999996185302,787.51,14.0,233.0,85.0,68,9855,27,238.8,False,False,False,337.9,339.0
29,A351,2,2001,2001-04-26,1.257599985599518,1121.12,13.899999618530272,120.0,96.0,73,10615,28,238.8,False,False,False,337.9,464.0
29,A351,2,2002,2002-02-17,1.238700008392334,1132.09,13.5,111.0,103.0,74,11404,29,238.8,False,False,False,337.9,297.0
29,A351,2,2004,2004-06-11,1.2078999757766722,1234.8,13.300000190734863,187.0,79.0,77,13067,31,238.8,False,False,False,337.9,845.0
29,A351,2,2005,2005-05-13,1.1661999940872192,961.78,14.0,123.0,91.0,75,13824,32,238.8,False,False,False,337.9,336.0
29,B310,1,1990,1990-04-30,0.9589999973773956,1295.03,13.199999809265137,123.0,100.0,76,152,5,185.4,False,False,False,292.1,0.0
29,B310,2,1990,1990-12-12,0.9200999975204468,1295.03,13.199999809265137,123.0,100.0,76,152,5,231.1,False,False,False,337.8,226.0
29,B310,2,1992,1992-02-15,0.877099996805191,1281.13,12.5,88.0,110.0,76,257,7,231.1,False,False,False,337.8,430.0
29,B310,2,1993,1993-03-14,0.8697999954223633,1312.79,11.100000381469728,258.0,96.0,84,313,8,231.1,False,False,False,337.8,393.0
29,B310,2,1994,1994-05-10,0.9064000010490418,1074.11,12.399999618530272,251.0,84.0,78,386,9,231.1,False,False,False,337.8,422.0
29,B310,2,1997,1997-03-14,0.9961000084877014,1060.63,12.100000381469728,240.0,102.0,75,702,12,231.1,False,False,False,337.8,1039.0
29,B310,2,1998,1998-04-19,1.0457000195980073,1353.06,13.699999809265137,149.0,77.0,79,781,13,231.1,False,False,False,337.8,401.0
29,B310,3,1999,1999-02-13,1.0357999801635742,959.83,13.800000190734863,158.0,91.0,70,893,14,231.1,False,False,False,337.8,300.0
29,B310,3,2000,2000-01-18,1.0734999895095825,803.48,13.300000190734863,261.0,97.0,70,986,15,231.1,False,False,False,337.8,339.0
29,B310,3,2001,2001-04-26,1.1799999952316282,1092.2,13.399999618530272,154.0,97.0,74,1105,16,231.1,False,False,False,337.8,464.0
29,B310,3,2002,2002-02-17,1.1356000065803529,1086.76,13.100000381469728,127.0,107.0,74,1215,17,231.1,False,False,False,337.8,297.0
29,B310,4,2003,2003-05-28,1.2968000054359434,1395.92,12.800000190734863,195.0,96.0,73,1365,18,231.1,False,False,False,337.8,465.0
29,B320,1,1990,1990-04-30,1.1051000118255616,1295.03,13.199999809265137,123.0,100.0,76,152,5,182.8,False,False,False,289.5,0.0
29,B320,2,1990,1990-12-12,1.2521999835968018,1295.03,13.199999809265137,123.0,100.0,76,152,5,185.3,False,False,False,292.0,226.0
29,B320,2,1993,1993-03-14,1.444099986553192,1312.79,11.100000381469728,258.0,96.0,84,313,8,185.3,False,False,False,292.0,823.0
29,B320,2,1994,1994-05-10,1.317900002002716,1074.11,12.399999618530272,251.0,84.0,78,386,9,185.3,False,False,False,292.0,422.0
29,B320,2,1997,1997-03-14,1.6006999969482425,1060.63,12.100000381469728,240.0,102.0,75,702,12,185.3,False,False,False,292.0,1039.0
29,B320,2,1998,1998-04-19,1.773099994659424,1353.06,13.699999809265137,149.0,77.0,79,781,13,185.3,False,False,False,292.0,401.0
29,B320,3,1999,1999-02-13,1.792700004577637,959.83,13.800000190734863,158.0,91.0,70,893,14,185.3,False,False,False,292.0,300.0
29,B320,3,2000,2000-01-18,1.9093999862670896,803.48,13.300000190734863,261.0,97.0,70,986,15,185.3,False,False,False,292.0,339.0
29,B320,3,2001,2001-04-26,1.9258000135421751,1092.2,13.399999618530272,154.0,97.0,74,1105,16,185.3,False,False,False,292.0,464.0
29,B320,3,2002,2002-02-17,2.033700001239777,1086.76,13.100000381469728,127.0,107.0,74,1215,17,185.3,False,False,False,292.0,297.0
29,B320,4,2003,2003-05-28,1.834800016880036,1395.92,12.800000190734863,195.0,96.0,73,1365,18,185.3,False,False,False,292.0,465.0
29,B330,1,1990,1990-04-30,1.0561999917030334,1295.03,13.199999809265137,123.0,100.0,76,152,5,353.0,False,False,False,459.7,0.0
29,B330,2,1990,1990-12-12,1.036900007724762,1295.03,13.199999809265137,123.0,100.0,76,152,5,353.0,False,False,False,459.7,226.0
29,B330,2,1992,1992-02-15,1.103600013256073,1281.13,12.5,88.0,110.0,76,257,7,353.0,False,False,False,459.7,430.0
29,B330,2,1993,1993-03-14,1.093299996852875,1312.79,11.100000381469728,258.0,96.0,84,313,8,353.0,False,False,False,459.7,393.0
29,B330,2,1994,1994-05-10,1.1817999958992005,1074.11,12.399999618530272,251.0,84.0,78,386,9,353.0,False,False,False,459.7,422.0
29,B330,2,1997,1997-03-14,1.4767000079154968,1060.63,12.100000381469728,240.0,102.0,75,702,12,353.0,False,False,False,459.7,1039.0
29,B330,2,1998,1998-04-19,1.6106000065803527,1353.06,13.699999809265137,149.0,77.0,79,781,13,353.0,False,False,False,459.7,401.0
29,B330,3,1999,1999-02-13,1.6651999950408936,959.83,13.800000190734863,158.0,91.0,70,893,14,353.0,False,False,False,459.7,300.0
29,B330,3,2000,2000-01-18,1.7527000188827513,803.48,13.300000190734863,261.0,97.0,70,986,15,353.0,False,False,False,459.7,339.0
29,B330,3,2001,2001-04-26,1.8099000096321105,1092.2,13.399999618530272,154.0,97.0,74,1105,16,353.0,False,False,False,459.7,464.0
29,B330,3,2002,2002-02-17,1.8399999856948848,1086.76,13.100000381469728,127.0,107.0,74,1215,17,353.0,False,False,False,459.7,297.0
29,B330,4,2003,2003-05-28,1.6317999839782715,1395.92,12.800000190734863,195.0,96.0,73,1365,18,353.0,False,False,False,459.7,465.0
29,B340,1,1990,1990-08-21,1.1519000113010405,1295.03,13.199999809265137,123.0,100.0,76,152,5,162.6,False,False,False,269.29999999999995,0.0
29,B340,1,1992,1992-02-15,1.1748000144958497,1281.13,12.5,88.0,110.0,76,257,7,162.6,False,False,False,269.29999999999995,543.0
29,B340,1,1993,1993-03-14,1.1894999861717224,1312.79,11.100000381469728,258.0,96.0,84,313,8,162.6,False,False,False,269.29999999999995,393.0
29,B340,1,1994,1994-05-10,1.203599977493286,1074.11,12.399999618530272,251.0,84.0,78,386,9,162.6,False,False,False,269.29999999999995,422.0
29,B340,1,1997,1997-03-14,1.461899983882904,1060.63,12.100000381469728,240.0,102.0,75,702,12,162.6,False,False,False,269.29999999999995,1039.0
29,B340,1,1998,1998-04-19,1.583899998664856,1353.06,13.699999809265137,149.0,77.0,79,781,13,162.6,False,False,False,269.29999999999995,401.0
29,B340,2,1999,1999-02-13,1.6056999921798707,959.83,13.800000190734863,158.0,91.0,70,893,14,162.6,False,False,False,269.3,300.0
29,B340,2,2000,2000-01-18,1.6715999960899357,803.48,13.300000190734863,261.0,97.0,70,986,15,162.6,False,False,False,269.3,339.0
29,B340,2,2001,2001-04-26,1.7838000059127808,1092.2,13.399999618530272,154.0,97.0,74,1105,16,162.6,False,False,False,269.3,464.0
29,B340,2,2002,2002-02-17,1.808399999141693,1086.76,13.100000381469728,127.0,107.0,74,1215,17,162.6,False,False,False,269.3,297.0
29,B340,3,2003,2003-05-28,1.6175999999046329,1395.92,12.800000190734863,195.0,96.0,73,1365,18,162.6,False,False,False,269.3,465.0
29,B350,1,1990,1990-04-30,1.410800004005432,1295.03,13.199999809265137,123.0,100.0,76,152,5,172.7,False,False,False,279.4,0.0
29,B350,2,1990,1990-12-12,1.4508000016212463,1295.03,13.199999809265137,123.0,100.0,76,152,5,180.3,False,False,False,287.0,226.0
29,B350,2,1992,1992-02-15,1.5734999775886536,1281.13,12.5,88.0,110.0,76,257,7,180.3,False,False,False,287.0,430.0
29,B350,2,1993,1993-03-14,1.5675000190734862,1312.79,11.100000381469728,258.0,96.0,84,313,8,180.3,False,False,False,287.0,393.0
29,B350,2,1994,1994-05-10,1.601300013065338,1074.11,12.399999618530272,251.0,84.0,78,386,9,180.3,False,False,False,287.0,422.0
29,B350,2,1997,1997-03-14,1.7953999996185304,1060.63,12.100000381469728,240.0,102.0,75,702,12,180.3,False,False,False,287.0,1039.0
29,B350,2,1998,1998-04-19,1.875600004196167,1353.06,13.699999809265137,149.0,77.0,79,781,13,180.3,False,False,False,287.0,401.0
29,B350,3,1999,1999-02-13,1.8741999983787536,959.83,13.800000190734863,158.0,91.0,70,893,14,180.3,False,False,False,287.0,300.0
29,B350,3,2000,2000-01-18,1.9407999992370604,803.48,13.300000190734863,261.0,97.0,70,986,15,180.3,False,False,False,287.0,339.0
29,B350,3,2001,2001-04-26,2.116799998283386,1092.2,13.399999618530272,154.0,97.0,74,1105,16,180.3,False,False,False,287.0,464.0
29,B350,3,2002,2002-02-17,2.087700033187866,1086.76,13.100000381469728,127.0,107.0,74,1215,17,180.3,False,False,False,287.0,297.0
29,B350,4,2003,2003-05-28,1.9700000166893008,1395.92,12.800000190734863,195.0,96.0,73,1365,18,180.3,False,False,False,287.0,465.0
29,B351,1,1990,1990-04-30,0.9373000025749206,1295.03,13.199999809265137,123.0,100.0,76,152,5,353.0,False,False,False,459.7,0.0
29,B351,2,1990,1990-12-12,1.0028000116348266,1295.03,13.199999809265137,123.0,100.0,76,152,5,353.0,False,False,False,459.7,226.0
29,B351,2,1993,1993-03-14,1.161999988555908,1312.79,11.100000381469728,258.0,96.0,84,313,8,353.0,False,False,False,459.7,823.0
29,B351,2,1994,1994-05-10,1.1087999939918518,1074.11,12.399999618530272,251.0,84.0,78,386,9,353.0,False,False,False,459.7,422.0
29,B351,2,1997,1997-03-14,1.3372999906539915,1060.63,12.100000381469728,240.0,102.0,75,702,12,353.0,False,False,False,459.7,1039.0
29,B351,2,1998,1998-04-19,1.4529999852180482,1353.06,13.699999809265137,149.0,77.0,79,781,13,353.0,False,False,False,459.7,401.0
29,B351,3,1999,1999-02-13,1.4814999938011169,959.83,13.800000190734863,158.0,91.0,70,893,14,353.0,False,False,False,459.7,300.0
29,B351,3,2000,2000-01-18,1.521299993991852,803.48,13.300000190734863,261.0,97.0,70,986,15,353.0,False,False,False,459.7,339.0
29,B351,3,2001,2001-04-26,1.601199996471405,1092.2,13.399999618530272,154.0,97.0,74,1105,16,353.0,False,False,False,459.7,464.0
29,B351,3,2002,2002-02-17,1.660800004005432,1086.76,13.100000381469728,127.0,107.0,74,1215,17,353.0,False,False,False,459.7,297.0
29,B351,4,2003,2003-05-28,1.4425999879837037,1395.92,12.800000190734863,195.0,96.0,73,1365,18,353.0,False,False,False,459.7,465.0
30,0113,1,1998,1998-11-19,0.688100004196167,541.01,8.100000381469727,429.0,129.0,62,315,2,147.3,False,False,False,360.7000000000001,0.0
30,0113,1,1999,1999-05-22,0.7109000027179717,579.32,7.900000095367432,214.0,148.0,59,663,3,147.3,False,False,False,360.7000000000001,184.0
30,0113,1,2000,2000-07-10,0.72150000333786,463.67,7.199999809265137,510.0,146.0,59,1001,4,147.3,False,False,False,360.7000000000001,415.0
30,0113,1,2001,2001-08-10,0.7427999973297119,386.18,8.199999809265137,386.0,139.0,57,1329,5,147.3,False,False,False,360.7000000000001,396.0
30,0113,1,2002,2002-09-25,0.768500006198883,563.18,6.800000190734863,468.0,144.0,60,1668,6,147.3,False,False,False,360.7000000000001,411.0
30,0113,2,2003,2003-08-27,0.972199982404709,535.97,8.0,484.0,127.0,59,2024,7,147.3,False,False,False,360.7000000000001,336.0
30,0113,2,2004,2004-07-21,1.0129999935626983,619.06,7.599999904632568,385.0,135.0,63,2339,8,147.3,False,False,False,360.7000000000001,329.0
30,0113,3,2004,2004-08-16,1.0080999910831452,619.06,7.599999904632568,385.0,135.0,63,2339,8,152.4,False,False,False,365.8,26.0
30,0113,3,2005,2005-06-04,0.9924000024795532,669.58,7.300000190734863,562.0,118.0,63,2659,9,152.4,False,False,False,365.8,292.0
30,0113,4,2008,2008-07-26,1.2708999991416932,621.43,6.5,604.0,136.0,60,3724,12,152.4,False,False,False,365.8,1148.0
30,0113,5,2009,2009-07-18,1.467799997329712,613.91,6.199999809265137,668.0,139.0,62,4068,13,152.4,False,False,False,365.8,357.0
30,0113,5,2010,2010-07-16,1.5825999975204468,812.99,6.400000095367432,614.0,127.0,67,4446,14,152.4,False,False,False,365.8,363.0
30,0113,5,2011,2011-07-21,2.2378000140190126,686.06,6.5,580.0,139.0,64,4829,15,152.4,False,False,False,365.8,370.0
30,0114,1,1998,1998-11-19,0.7296000063419341,541.01,8.100000381469727,429.0,129.0,62,315,2,190.5,False,False,False,505.5,0.0
30,0114,1,1999,1999-05-22,0.7273000001907348,579.32,7.900000095367432,214.0,148.0,59,663,3,190.5,False,False,False,505.5,184.0
30,0114,1,2000,2000-08-29,0.7350499987602234,463.67,7.199999809265137,510.0,146.0,59,1001,4,190.5,False,False,False,505.5,465.0
30,0114,1,2001,2001-06-15,0.7270399987697601,386.18,8.199999809265137,386.0,139.0,57,1329,5,190.5,False,False,False,505.5,290.0
30,0114,1,2002,2002-06-20,0.7491499970356623,563.18,6.800000190734863,468.0,144.0,60,1668,6,190.5,False,False,False,505.5,370.0
30,0114,1,2003,2003-02-14,0.7812999993562698,535.97,8.0,484.0,127.0,59,2024,7,190.5,False,False,False,505.5,239.0
30,0114,2,2003,2003-10-04,0.8222999975085259,535.97,8.0,484.0,127.0,59,2024,7,190.5,False,False,False,505.5,232.0
30,0114,2,2004,2004-05-13,0.8542250022292137,619.06,7.599999904632568,385.0,135.0,63,2339,8,190.5,False,False,False,505.5,222.0
30,0114,3,2004,2004-08-16,0.9010999947786332,619.06,7.599999904632568,385.0,135.0,63,2339,8,195.6,False,False,False,510.6,95.0
30,0114,3,2005,2005-06-04,1.013200008869171,669.58,7.300000190734863,562.0,118.0,63,2659,9,195.6,False,False,False,510.6,292.0
30,0114,4,2008,2008-07-26,0.9936000049114226,621.43,6.5,604.0,136.0,60,3724,12,195.6,False,False,False,510.6,1148.0
30,0114,5,2009,2009-07-18,0.9787000000476838,613.91,6.199999809265137,668.0,139.0,62,4068,13,195.6,False,False,False,510.6,357.0
30,0114,5,2010,2010-07-16,0.967200005054474,812.99,6.400000095367432,614.0,127.0,67,4446,14,195.6,False,False,False,510.6,363.0
30,0114,5,2011,2011-07-21,0.9555999994277954,686.06,6.5,580.0,139.0,64,4829,15,195.6,False,False,False,510.6,370.0
30,0114,5,2012,2012-09-15,0.9857000052928924,588.95,8.100000381469727,411.0,131.0,60,5217,16,195.6,False,False,False,510.6,422.0
30,0114,5,2013,2013-07-16,1.021299993991852,642.42,7.300000190734863,516.0,146.0,63,5611,17,195.6,False,False,False,510.6,304.0
30,0114,5,2014,2014-10-14,1.035999995470047,716.16,6.800000190734863,662.0,119.0,64,6044,18,195.6,False,False,False,510.6,455.0
30,0114,5,2015,2015-04-23,1.00239999294281,674.88,8.399999618530273,465.0,106.0,62,6464,19,195.6,False,False,False,510.6,191.0
30,0114,5,2016,2016-04-30,1.001200020313263,707.66,8.300000190734863,426.0,101.0,62,6874,20,195.6,False,False,False,510.6,373.0
30,0115,1,1998,1998-11-19,0.7236000001430511,541.01,8.100000381469727,429.0,129.0,62,315,2,188.0,False,True,False,421.7,0.0
30,0115,1,1999,1999-05-22,0.7394999921321869,579.32,7.900000095367432,214.0,148.0,59,663,3,188.0,False,True,False,421.7,184.0
30,0115,1,2000,2000-07-10,0.7470000088214874,463.67,7.199999809265137,510.0,146.0,59,1001,4,188.0,False,True,False,421.7,415.0
30,0115,1,2001,2001-08-10,0.7109000027179717,386.18,8.199999809265137,386.0,139.0,57,1329,5,188.0,False,True,False,421.7,396.0
30,0115,1,2002,2002-09-25,0.7471000015735626,563.18,6.800000190734863,468.0,144.0,60,1668,6,188.0,False,True,False,421.7,411.0
30,0115,2,2003,2003-08-27,0.7976000010967255,535.97,8.0,484.0,127.0,59,2024,7,188.0,False,True,False,421.7,336.0
30,0115,2,2004,2004-07-21,0.8093999981880189,619.06,7.599999904632568,385.0,135.0,63,2339,8,188.0,False,True,False,421.7,329.0
30,0115,3,2004,2004-08-16,0.8284000039100647,619.06,7.599999904632568,385.0,135.0,63,2339,8,193.1,False,True,False,426.8,26.0
30,0115,3,2005,2005-06-04,0.8599000096321106,669.58,7.300000190734863,562.0,118.0,63,2659,9,193.1,False,True,False,426.8,292.0
30,0115,4,2008,2008-07-26,0.8136000037193298,621.43,6.5,604.0,136.0,60,3724,12,193.1,False,True,False,426.8,1148.0
30,0115,5,2009,2009-07-18,0.8555999994277954,613.91,6.199999809265137,668.0,139.0,62,4068,13,193.1,False,True,False,426.8,357.0
30,0115,5,2010,2010-07-16,0.8576000034809113,812.99,6.400000095367432,614.0,127.0,67,4446,14,193.1,False,True,False,426.8,363.0
30,0115,5,2011,2011-07-21,0.8367999911308288,686.06,6.5,580.0,139.0,64,4829,15,193.1,False,True,False,426.8,370.0
30,0115,5,2012,2012-09-15,0.8215000092983247,588.95,8.100000381469727,411.0,131.0,60,5217,16,193.1,False,True,False,426.8,422.0
30,0115,5,2013,2013-07-16,0.836599999666214,642.42,7.300000190734863,516.0,146.0,63,5611,17,193.1,False,True,False,426.8,304.0
30,0115,5,2014,2014-10-14,0.8291999995708466,716.16,6.800000190734863,662.0,119.0,64,6044,18,193.1,False,True,False,426.8,455.0
30,0115,5,2015,2015-04-23,0.8444000005722045,674.88,8.399999618530273,465.0,106.0,62,6464,19,193.1,False,True,False,426.8,191.0
30,0115,5,2016,2016-04-30,0.8445999979972839,707.66,8.300000190734863,426.0,101.0,62,6874,20,193.1,False,True,False,426.8,373.0
30,0116,1,1998,1998-11-19,0.7210999965667725,541.01,8.100000381469727,429.0,129.0,62,315,2,116.8,False,True,False,441.9,0.0
30,0116,1,1999,1999-05-22,0.7150000035762787,579.32,7.900000095367432,214.0,148.0,59,663,3,116.8,False,True,False,441.9,184.0
30,0116,1,2000,2000-07-10,0.7158999979496002,463.67,7.199999809265137,510.0,146.0,59,1001,4,116.8,False,True,False,441.9,415.0
30,0116,1,2001,2001-08-10,0.6945000052452088,386.18,8.199999809265137,386.0,139.0,57,1329,5,116.8,False,True,False,441.9,396.0
30,0116,1,2002,2002-09-25,0.72150000333786,563.18,6.800000190734863,468.0,144.0,60,1668,6,116.8,False,True,False,441.9,411.0
30,0116,2,2003,2003-08-27,0.7674000024795533,535.97,8.0,484.0,127.0,59,2024,7,116.8,False,True,False,441.9,336.0
30,0116,2,2004,2004-07-21,0.7627000093460083,619.06,7.599999904632568,385.0,135.0,63,2339,8,116.8,False,True,False,441.9,329.0
30,0116,3,2004,2004-08-16,0.7932999968528747,619.06,7.599999904632568,385.0,135.0,63,2339,8,121.9,False,True,False,447.0,26.0
30,0116,3,2005,2005-06-04,0.7654000043869018,669.58,7.300000190734863,562.0,118.0,63,2659,9,121.9,False,True,False,447.0,292.0
30,0116,4,2008,2008-07-26,0.7978999972343446,621.43,6.5,604.0,136.0,60,3724,12,121.9,False,True,False,447.00000000000006,1148.0
30,0116,5,2009,2009-07-18,0.789300000667572,613.91,6.199999809265137,668.0,139.0,62,4068,13,121.9,False,True,False,447.0,357.0
30,0116,5,2010,2010-07-16,0.8199999988079071,812.99,6.400000095367432,614.0,127.0,67,4446,14,121.9,False,True,False,447.0,363.0
30,0116,5,2011,2011-07-21,0.8075000047683716,686.06,6.5,580.0,139.0,64,4829,15,121.9,False,True,False,447.0,370.0
30,0116,5,2012,2012-09-15,0.8155999958515168,588.95,8.100000381469727,411.0,131.0,60,5217,16,121.9,False,True,False,447.0,422.0
30,0116,5,2013,2013-07-16,0.8318000078201293,642.42,7.300000190734863,516.0,146.0,63,5611,17,121.9,False,True,False,447.0,304.0
30,0116,5,2014,2014-10-14,0.8392999947071076,716.16,6.800000190734863,662.0,119.0,64,6044,18,121.9,False,True,False,447.0,455.0
30,0116,5,2015,2015-04-23,0.8125000059604645,674.88,8.399999618530273,465.0,106.0,62,6464,19,121.9,False,True,False,447.0,191.0
30,0116,5,2016,2016-04-30,0.8212000012397767,707.66,8.300000190734863,426.0,101.0,62,6874,20,121.9,False,True,False,447.0,373.0
30,0117,1,1998,1998-11-19,0.6588000059127808,541.01,8.100000381469727,429.0,129.0,62,315,2,182.9,False,True,False,419.1,0.0
30,0117,1,1999,1999-05-22,0.6466999888420104,579.32,7.900000095367432,214.0,148.0,59,663,3,182.9,False,True,False,419.1,184.0
30,0117,1,2000,2000-07-10,0.6444000124931335,463.67,7.199999809265137,510.0,146.0,59,1001,4,182.9,False,True,False,419.1,415.0
30,0117,1,2001,2001-08-10,0.6519000053405761,386.18,8.199999809265137,386.0,139.0,57,1329,5,182.9,False,True,False,419.1,396.0
30,0117,1,2002,2002-09-25,0.6879999995231628,563.18,6.800000190734863,468.0,144.0,60,1668,6,182.9,False,True,False,419.1,411.0
30,0117,2,2003,2003-08-27,0.907799994945526,535.97,8.0,484.0,127.0,59,2024,7,182.9,False,True,False,419.1,336.0
30,0117,2,2004,2004-07-21,1.042200005054474,619.06,7.599999904632568,385.0,135.0,63,2339,8,182.9,False,True,False,419.1,329.0
30,0117,3,2004,2004-08-16,0.935099995136261,619.06,7.599999904632568,385.0,135.0,63,2339,8,188.0,False,True,False,424.2000000000001,26.0
30,0117,3,2005,2005-06-04,0.9797999918460848,669.58,7.300000190734863,562.0,118.0,63,2659,9,188.0,False,True,False,424.2000000000001,292.0
30,0117,4,2008,2008-07-26,0.925900000333786,621.43,6.5,604.0,136.0,60,3724,12,188.0,False,True,False,424.2000000000001,1148.0
30,0117,5,2009,2009-07-18,0.9085000038146972,613.91,6.199999809265137,668.0,139.0,62,4068,13,188.0,False,True,False,424.2000000000001,357.0
30,0117,5,2010,2010-07-16,0.8361999988555908,812.99,6.400000095367432,614.0,127.0,67,4446,14,188.0,False,True,False,424.2000000000001,363.0
30,0117,5,2011,2011-07-21,0.8029000103473662,686.06,6.5,580.0,139.0,64,4829,15,188.0,False,True,False,424.2000000000001,370.0
30,0117,5,2012,2012-09-15,0.8239999935030937,588.95,8.100000381469727,411.0,131.0,60,5217,16,188.0,False,True,False,424.2000000000001,422.0
30,0117,5,2013,2013-07-16,0.7975000083446502,642.42,7.300000190734863,516.0,146.0,63,5611,17,188.0,False,True,False,424.2000000000001,304.0
30,0117,5,2014,2014-10-14,0.7937999963760376,716.16,6.800000190734863,662.0,119.0,64,6044,18,188.0,False,True,False,424.2000000000001,455.0
30,0117,5,2015,2015-04-23,0.8065999865531921,674.88,8.399999618530273,465.0,106.0,62,6464,19,188.0,False,True,False,424.2000000000001,191.0
30,0117,5,2016,2016-04-30,0.7913000047206878,707.66,8.300000190734863,426.0,101.0,62,6874,20,188.0,False,True,False,424.2000000000001,373.0
30,0118,1,1998,1998-11-19,0.5542999982833863,541.01,8.100000381469727,429.0,129.0,62,315,2,116.8,False,True,False,439.4,0.0
30,0118,1,1999,1999-05-22,0.5597000002861023,579.32,7.900000095367432,214.0,148.0,59,663,3,116.8,False,True,False,439.4,184.0
30,0118,1,2000,2000-07-10,0.5736999988555909,463.67,7.199999809265137,510.0,146.0,59,1001,4,116.8,False,True,False,439.4,415.0
30,0118,1,2001,2001-08-10,0.5668000042438508,386.18,8.199999809265137,386.0,139.0,57,1329,5,116.8,False,True,False,439.4,396.0
30,0118,1,2002,2002-09-25,0.5900000035762787,563.18,6.800000190734863,468.0,144.0,60,1668,6,116.8,False,True,False,439.4,411.0
30,0118,2,2003,2003-08-27,0.622299998998642,535.97,8.0,484.0,127.0,59,2024,7,116.8,False,True,False,439.4,336.0
30,0118,2,2004,2004-07-21,0.6154999971389771,619.06,7.599999904632568,385.0,135.0,63,2339,8,116.8,False,True,False,439.4,329.0
30,0118,3,2004,2004-08-16,0.6755999982357025,619.06,7.599999904632568,385.0,135.0,63,2339,8,121.9,False,True,False,444.5,26.0
30,0118,3,2005,2005-06-04,0.6783999979496003,669.58,7.300000190734863,562.0,118.0,63,2659,9,121.9,False,True,False,444.5,292.0
30,0118,4,2008,2008-07-26,0.6746000051498413,621.43,6.5,604.0,136.0,60,3724,12,121.9,False,True,False,444.5,1148.0
30,0118,5,2009,2009-07-18,0.6977999925613403,613.91,6.199999809265137,668.0,139.0,62,4068,13,121.9,False,True,False,444.5,357.0
30,0118,5,2010,2010-07-16,0.7073000073432922,812.99,6.400000095367432,614.0,127.0,67,4446,14,121.9,False,True,False,444.5,363.0
30,0118,5,2011,2011-07-21,0.7083000063896179,686.06,6.5,580.0,139.0,64,4829,15,121.9,False,True,False,444.5,370.0
30,0118,5,2012,2012-09-15,0.6972999930381775,588.95,8.100000381469727,411.0,131.0,60,5217,16,121.9,False,True,False,444.5,422.0
30,0118,5,2013,2013-07-16,0.7175000071525574,642.42,7.300000190734863,516.0,146.0,63,5611,17,121.9,False,True,False,444.5,304.0
30,0118,5,2014,2014-10-14,0.7121000051498414,716.16,6.800000190734863,662.0,119.0,64,6044,18,121.9,False,True,False,444.5,455.0
30,0118,5,2015,2015-04-23,0.7211000025272369,674.88,8.399999618530273,465.0,106.0,62,6464,19,121.9,False,True,False,444.5,191.0
30,0118,5,2016,2016-04-30,0.7457000017166138,707.66,8.300000190734863,426.0,101.0,62,6874,20,121.9,False,True,False,444.5,373.0
30,0119,1,1998,1998-11-19,1.0090999901294708,541.01,8.100000381469727,429.0,129.0,62,315,2,193.0,False,True,False,421.6,0.0
30,0119,1,1999,1999-05-22,0.9881999909877776,579.32,7.900000095367432,214.0,148.0,59,663,3,193.0,False,True,False,421.6,184.0
30,0119,1,2000,2000-07-10,0.9891000032424928,463.67,7.199999809265137,510.0,146.0,59,1001,4,193.0,False,True,False,421.6,415.0
30,0119,1,2001,2001-08-10,0.9619999945163726,386.18,8.199999809265137,386.0,139.0,57,1329,5,193.0,False,True,False,421.6,396.0
30,0119,1,2002,2002-09-25,0.976800000667572,563.18,6.800000190734863,468.0,144.0,60,1668,6,193.0,False,True,False,421.6,411.0
30,0119,2,2003,2003-08-27,1.054000014066696,535.97,8.0,484.0,127.0,59,2024,7,193.0,False,True,False,421.6,336.0
30,0119,2,2004,2004-07-21,1.3290999948978424,619.06,7.599999904632568,385.0,135.0,63,2339,8,193.0,False,True,False,421.6,329.0
30,0119,3,2004,2004-08-16,1.166700005531311,619.06,7.599999904632568,385.0,135.0,63,2339,8,198.1,False,True,False,426.7000000000001,26.0
30,0119,3,2005,2005-06-04,1.3108000099658963,669.58,7.300000190734863,562.0,118.0,63,2659,9,198.1,False,True,False,426.7000000000001,292.0
30,0119,4,2008,2008-07-26,1.290499997138977,621.43,6.5,604.0,136.0,60,3724,12,198.1,False,True,False,426.7000000000001,1148.0
30,0119,5,2009,2009-07-18,1.4074999928474423,613.91,6.199999809265137,668.0,139.0,62,4068,13,198.1,False,True,False,426.7000000000001,357.0
30,0119,5,2010,2010-07-17,1.4426000118255615,812.99,6.400000095367432,614.0,127.0,67,4446,14,198.1,False,True,False,426.7000000000001,364.0
30,0119,5,2011,2011-07-21,1.225599992275238,686.06,6.5,580.0,139.0,64,4829,15,198.1,False,True,False,426.7000000000001,369.0
30,0119,5,2012,2012-09-15,1.3106000065803527,588.95,8.100000381469727,411.0,131.0,60,5217,16,198.1,False,True,False,426.7000000000001,422.0
30,0119,5,2013,2013-07-17,1.3422999858856202,642.42,7.300000190734863,516.0,146.0,63,5611,17,198.1,False,True,False,426.7000000000001,305.0
30,0119,5,2014,2014-10-14,1.3227999806404114,716.16,6.800000190734863,662.0,119.0,64,6044,18,198.1,False,True,False,426.7000000000001,454.0
30,0119,5,2015,2015-04-23,1.3471000075340271,674.88,8.399999618530273,465.0,106.0,62,6464,19,198.1,False,True,False,426.7000000000001,191.0
30,0119,5,2016,2016-04-30,1.332100021839142,707.66,8.300000190734863,426.0,101.0,62,6874,20,198.1,False,True,False,426.7000000000001,373.0
30,0120,1,1998,1998-11-19,1.1782999873161315,541.01,8.100000381469727,429.0,129.0,62,315,2,109.2,False,True,False,431.7,0.0
30,0120,1,1999,1999-05-22,1.1932000041007995,579.32,7.900000095367432,214.0,148.0,59,663,3,109.2,False,True,False,431.7,184.0
30,0120,1,2000,2000-07-10,1.2291000127792358,463.67,7.199999809265137,510.0,146.0,59,1001,4,109.2,False,True,False,431.7,415.0
30,0120,1,2001,2001-08-10,1.2354999899864196,386.18,8.199999809265137,386.0,139.0,57,1329,5,109.2,False,True,False,431.7,396.0
30,0120,1,2002,2002-09-25,1.265400004386902,563.18,6.800000190734863,468.0,144.0,60,1668,6,109.2,False,True,False,431.7,411.0
30,0120,2,2003,2003-08-27,1.5991999983787537,535.97,8.0,484.0,127.0,59,2024,7,109.2,False,True,False,431.7,336.0
30,0120,2,2004,2004-07-21,1.5806999802589417,619.06,7.599999904632568,385.0,135.0,63,2339,8,109.2,False,True,False,431.7,329.0
30,0120,3,2004,2004-08-16,1.5651000022888182,619.06,7.599999904632568,385.0,135.0,63,2339,8,114.3,False,True,False,436.8,26.0
30,0120,3,2005,2005-06-04,1.6839000105857849,669.58,7.300000190734863,562.0,118.0,63,2659,9,114.3,False,True,False,436.8,292.0
30,0120,4,2008,2008-07-26,1.8969000220298768,621.43,6.5,604.0,136.0,60,3724,12,114.3,False,True,False,436.8,1148.0
30,0120,5,2009,2009-07-18,2.0725000143051147,613.91,6.199999809265137,668.0,139.0,62,4068,13,114.3,False,True,False,436.8,357.0
30,0120,5,2010,2010-07-17,2.2559999942779543,812.99,6.400000095367432,614.0,127.0,67,4446,14,114.3,False,True,False,436.8,364.0
30,0120,5,2011,2011-07-21,2.427199983596802,686.06,6.5,580.0,139.0,64,4829,15,114.3,False,True,False,436.8,369.0
30,0120,5,2012,2012-09-15,2.573699975013733,588.95,8.100000381469727,411.0,131.0,60,5217,16,114.3,False,True,False,436.8,422.0
30,0120,5,2013,2013-07-17,2.683900022506714,642.42,7.300000190734863,516.0,146.0,63,5611,17,114.3,False,True,False,436.8,305.0
30,0120,5,2014,2014-10-14,2.832100009918213,716.16,6.800000190734863,662.0,119.0,64,6044,18,114.3,False,True,False,436.8,454.0
30,0120,5,2015,2015-04-23,2.905099987983704,674.88,8.399999618530273,465.0,106.0,62,6464,19,114.3,False,True,False,436.8,191.0
30,0120,5,2016,2016-04-30,2.965899991989136,707.66,8.300000190734863,426.0,101.0,62,6874,20,114.3,False,True,False,436.8,373.0
30,0121,1,1998,1998-11-19,1.1983999967575074,541.01,8.100000381469727,429.0,129.0,62,315,2,111.8,False,True,False,538.5,0.0
30,0121,1,1999,1999-05-22,1.2001999855041503,579.32,7.900000095367432,214.0,148.0,59,663,3,111.8,False,True,False,538.5,184.0
30,0121,1,2000,2000-07-10,1.2182000160217286,463.67,7.199999809265137,510.0,146.0,59,1001,4,111.8,False,True,False,538.5,415.0
30,0121,1,2001,2001-08-10,1.283399987220764,386.18,8.199999809265137,386.0,139.0,57,1329,5,111.8,False,True,False,538.5,396.0
30,0121,1,2002,2002-09-25,1.2571999788284305,563.18,6.800000190734863,468.0,144.0,60,1668,6,111.8,False,True,False,538.5,411.0
30,0121,2,2003,2003-08-27,1.4978000164031982,535.97,8.0,484.0,127.0,59,2024,7,111.8,False,True,False,538.5,336.0
30,0121,2,2004,2004-07-21,1.6926000118255615,619.06,7.599999904632568,385.0,135.0,63,2339,8,111.8,False,True,False,538.5,329.0
30,0121,3,2004,2004-08-16,1.523200011253357,619.06,7.599999904632568,385.0,135.0,63,2339,8,116.9,False,True,False,543.6,26.0
30,0121,3,2005,2005-06-04,1.614499998092651,669.58,7.300000190734863,562.0,118.0,63,2659,9,116.9,False,True,False,543.6,292.0
30,0121,4,2008,2008-07-26,1.8232000112533568,621.43,6.5,604.0,136.0,60,3724,12,116.9,False,True,False,543.6,1148.0
30,0121,5,2009,2009-07-18,1.9944000124931336,613.91,6.199999809265137,668.0,139.0,62,4068,13,116.9,False,True,False,543.6,357.0
30,0121,5,2010,2010-07-17,2.1248000025749203,812.99,6.400000095367432,614.0,127.0,67,4446,14,116.9,False,True,False,543.6,364.0
30,0121,5,2011,2011-07-21,2.256300020217896,686.06,6.5,580.0,139.0,64,4829,15,116.9,False,True,False,543.6,369.0
30,0121,5,2012,2012-09-15,2.3405999898910523,588.95,8.100000381469727,411.0,131.0,60,5217,16,116.9,False,True,False,543.6,422.0
30,0121,5,2013,2013-07-17,2.335099983215332,642.42,7.300000190734863,516.0,146.0,63,5611,17,116.9,False,True,False,543.6,305.0
30,0121,5,2014,2014-10-14,2.5110000133514405,716.16,6.800000190734863,662.0,119.0,64,6044,18,116.9,False,True,False,543.6,454.0
30,0121,5,2015,2015-04-23,2.5421999931335453,674.88,8.399999618530273,465.0,106.0,62,6464,19,116.9,False,True,False,543.6,191.0
30,0121,5,2016,2016-04-30,2.58129997253418,707.66,8.300000190734863,426.0,101.0,62,6874,20,116.9,False,True,False,543.6,373.0
30,0122,1,1998,1998-11-19,0.7420999884605408,541.01,8.100000381469727,429.0,129.0,62,315,2,109.2,False,True,False,327.6,0.0
30,0122,1,1999,1999-05-22,0.743500006198883,579.32,7.900000095367432,214.0,148.0,59,663,3,109.2,False,True,False,327.6,184.0
30,0122,1,2000,2000-07-10,0.7060000121593475,463.67,7.199999809265137,510.0,146.0,59,1001,4,109.2,False,True,False,327.6,415.0
30,0122,1,2001,2001-08-10,0.7180999994277955,386.18,8.199999809265137,386.0,139.0,57,1329,5,109.2,False,True,False,327.6,396.0
30,0122,1,2002,2002-09-25,0.7944999933242798,563.18,6.800000190734863,468.0,144.0,60,1668,6,109.2,False,True,False,327.6,411.0
30,0122,2,2003,2003-08-27,1.082500010728836,535.97,8.0,484.0,127.0,59,2024,7,109.2,False,True,False,327.6,336.0
30,0122,2,2004,2004-07-21,1.280900013446808,619.06,7.599999904632568,385.0,135.0,63,2339,8,109.2,False,True,False,327.6,329.0
30,0122,3,2004,2004-08-16,1.084799987077713,619.06,7.599999904632568,385.0,135.0,63,2339,8,114.3,False,True,False,332.7,26.0
30,0122,3,2005,2005-06-04,1.1395000100135804,669.58,7.300000190734863,562.0,118.0,63,2659,9,114.3,False,True,False,332.7,292.0
30,0122,4,2008,2008-07-26,1.289199995994568,621.43,6.5,604.0,136.0,60,3724,12,114.3,False,True,False,332.7,1148.0
30,0122,5,2009,2009-07-18,1.3119999885559082,613.91,6.199999809265137,668.0,139.0,62,4068,13,114.3,False,True,False,332.7,357.0
30,0122,5,2010,2010-07-17,1.4334999918937683,812.99,6.400000095367432,614.0,127.0,67,4446,14,114.3,False,True,False,332.7,364.0
30,0122,5,2011,2011-07-21,1.5841000080108645,686.06,6.5,580.0,139.0,64,4829,15,114.3,False,True,False,332.7,369.0
30,0122,5,2012,2012-09-15,1.5366000056266784,588.95,8.100000381469727,411.0,131.0,60,5217,16,114.3,False,True,False,332.7,422.0
30,0122,5,2013,2013-07-17,1.6439000010490417,642.42,7.300000190734863,516.0,146.0,63,5611,17,114.3,False,True,False,332.7,305.0
30,0122,5,2014,2014-10-14,1.686299991607666,716.16,6.800000190734863,662.0,119.0,64,6044,18,114.3,False,True,False,332.7,454.0
30,0122,5,2015,2015-04-23,1.682499992847443,674.88,8.399999618530273,465.0,106.0,62,6464,19,114.3,False,True,False,332.7,191.0
30,0122,5,2016,2016-04-30,1.7046000123023988,707.66,8.300000190734863,426.0,101.0,62,6874,20,114.3,False,True,False,332.7,373.0
30,0123,1,1998,1998-11-19,0.7639000058174134,541.01,8.100000381469727,429.0,129.0,62,315,2,193.0,False,True,False,523.2,0.0
30,0123,1,1999,1999-05-22,0.7684000074863433,579.32,7.900000095367432,214.0,148.0,59,663,3,193.0,False,True,False,523.2,184.0
30,0123,1,2000,2000-07-10,0.772599995136261,463.67,7.199999809265137,510.0,146.0,59,1001,4,193.0,False,True,False,523.2,415.0
30,0123,1,2001,2001-08-10,0.7963000059127807,386.18,8.199999809265137,386.0,139.0,57,1329,5,193.0,False,True,False,523.2,396.0
30,0123,1,2002,2002-09-25,0.8230000019073487,563.18,6.800000190734863,468.0,144.0,60,1668,6,193.0,False,True,False,523.2,411.0
30,0123,2,2003,2003-08-27,0.8913999974727631,535.97,8.0,484.0,127.0,59,2024,7,193.0,False,True,False,523.2,336.0
30,0123,2,2004,2004-07-21,0.9100999951362608,619.06,7.599999904632568,385.0,135.0,63,2339,8,193.0,False,True,False,523.2,329.0
30,0123,3,2004,2004-08-16,0.9780000150203704,619.06,7.599999904632568,385.0,135.0,63,2339,8,198.1,False,True,False,528.3,26.0
30,0123,3,2005,2005-06-04,0.9819999992847444,669.58,7.300000190734863,562.0,118.0,63,2659,9,198.1,False,True,False,528.3,292.0
30,0123,4,2008,2008-07-26,1.0153000056743622,621.43,6.5,604.0,136.0,60,3724,12,198.1,False,True,False,528.3,1148.0
30,0123,5,2009,2009-07-18,1.0257000088691712,613.91,6.199999809265137,668.0,139.0,62,4068,13,198.1,False,True,False,528.3,357.0
30,0123,5,2010,2010-07-17,1.0467999935150147,812.99,6.400000095367432,614.0,127.0,67,4446,14,198.1,False,True,False,528.3,364.0
30,0123,5,2011,2011-07-21,1.0160999953746797,686.06,6.5,580.0,139.0,64,4829,15,198.1,False,True,False,528.3,369.0
30,0123,5,2012,2012-09-15,1.0231999933719635,588.95,8.100000381469727,411.0,131.0,60,5217,16,198.1,False,True,False,528.3,422.0
30,0123,5,2013,2013-07-17,1.0621000051498413,642.42,7.300000190734863,516.0,146.0,63,5611,17,198.1,False,True,False,528.3,305.0
30,0123,5,2014,2014-10-14,1.030400002002716,716.16,6.800000190734863,662.0,119.0,64,6044,18,198.1,False,True,False,528.3,454.0
30,0123,5,2015,2015-04-23,1.0339999973773957,674.88,8.399999618530273,465.0,106.0,62,6464,19,198.1,False,True,False,528.3,191.0
30,0123,5,2016,2016-04-30,1.0269999980926514,707.66,8.300000190734863,426.0,101.0,62,6874,20,198.1,False,True,False,528.3,373.0
30,0124,1,1998,1998-11-19,0.7563999950885774,541.01,8.100000381469727,429.0,129.0,62,315,2,180.3,False,True,False,635.0,0.0
30,0124,1,1999,1999-05-22,0.7695000052452088,579.32,7.900000095367432,214.0,148.0,59,663,3,180.3,False,True,False,635.0,184.0
30,0124,1,2000,2000-07-10,0.7583999991416932,463.67,7.199999809265137,510.0,146.0,59,1001,4,180.3,False,True,False,635.0,415.0
30,0124,1,2001,2001-08-10,0.7466000020503998,386.18,8.199999809265137,386.0,139.0,57,1329,5,180.3,False,True,False,635.0,396.0
30,0124,1,2002,2002-09-25,0.7822999954223633,563.18,6.800000190734863,468.0,144.0,60,1668,6,180.3,False,True,False,635.0,411.0
30,0124,2,2003,2003-08-27,0.8119000017642974,535.97,8.0,484.0,127.0,59,2024,7,180.3,False,True,False,635.0,336.0
30,0124,2,2004,2004-07-21,0.8451999962329864,619.06,7.599999904632568,385.0,135.0,63,2339,8,180.3,False,True,False,635.0,329.0
30,0124,3,2004,2004-08-16,0.8850000023841857,619.06,7.599999904632568,385.0,135.0,63,2339,8,185.4,False,True,False,640.1,26.0
30,0124,3,2005,2005-06-04,0.8889999985694885,669.58,7.300000190734863,562.0,118.0,63,2659,9,185.4,False,True,False,640.1,292.0
30,0124,4,2008,2008-07-26,0.906199997663498,621.43,6.5,604.0,136.0,60,3724,12,185.4,False,True,False,640.1,1148.0
30,0124,5,2009,2009-07-18,0.909699994325638,613.91,6.199999809265137,668.0,139.0,62,4068,13,185.4,False,True,False,640.1,357.0
30,0124,5,2010,2010-07-17,0.9241999864578248,812.99,6.400000095367432,614.0,127.0,67,4446,14,185.4,False,True,False,640.1,364.0
30,0124,5,2011,2011-07-21,0.9265999972820282,686.06,6.5,580.0,139.0,64,4829,15,185.4,False,True,False,640.1,369.0
30,0124,5,2012,2012-09-15,0.9215999960899351,588.95,8.100000381469727,411.0,131.0,60,5217,16,185.4,False,True,False,640.1,422.0
30,0124,5,2013,2013-07-17,0.9177000045776368,642.42,7.300000190734863,516.0,146.0,63,5611,17,185.4,False,True,False,640.1,305.0
30,0124,5,2014,2014-10-14,0.916700005531311,716.16,6.800000190734863,662.0,119.0,64,6044,18,185.4,False,True,False,640.1,454.0
30,0124,5,2015,2015-04-23,0.9273000061511992,674.88,8.399999618530273,465.0,106.0,62,6464,19,185.4,False,True,False,640.1,191.0
30,0124,5,2016,2016-04-30,0.920199990272522,707.66,8.300000190734863,426.0,101.0,62,6874,20,185.4,False,True,False,640.1,373.0
30,0502,1,1990,1990-05-03,1.4503750205039978,525.26,4.800000190734863,799.0,138.0,61,5290,9,129.6,False,False,False,566.5,0.0
30,0502,1,1991,1991-05-25,1.5598749965429306,769.57,4.800000190734863,747.0,141.0,65,5956,10,129.6,False,False,False,566.5,387.0
30,0502,2,1991,1991-11-09,0.815833330154419,769.57,4.800000190734863,747.0,141.0,65,5956,10,175.2,False,False,False,612.1,168.0
30,0502,2,1992,1992-08-26,1.0123999834060669,638.14,5.300000190734863,596.0,141.0,64,6630,11,175.2,False,False,False,612.1,291.0
30,0502,2,1993,1993-09-29,1.1126999974250793,832.0,3.0,941.0,129.0,70,7370,12,175.2,False,False,False,612.1,399.0
30,0502,2,1994,1994-07-25,1.1497000098228454,664.84,5.099999904632568,761.0,122.0,64,8149,13,175.2,False,False,False,612.1,299.0
30,0502,2,1995,1995-10-12,1.2794999957084656,861.41,4.400000095367432,675.0,153.0,67,8954,14,175.2,False,False,False,612.1,444.0
30,0502,2,1996,1996-09-12,1.519099998474121,757.88,3.5,1102.0,129.0,67,9761,15,175.2,False,False,False,612.1,336.0
30,0502,2,1997,1997-10-11,1.6570000052452087,964.54,4.0,915.0,120.0,71,10559,16,175.2,False,False,False,612.1,394.0
30,0502,2,1998,1998-06-13,1.7034000039100647,650.84,5.199999809265137,692.0,141.0,67,11157,17,175.2,False,False,False,612.1,245.0
30,0502,2,1999,1999-06-08,1.516800010204315,594.07,5.5,499.0,148.0,63,12043,18,175.2,False,False,False,612.1,360.0
30,0502,3,2000,2000-07-13,1.619599997997284,556.47,5.0,742.0,135.0,63,13065,19,175.2,False,False,False,612.1,401.0
30,0502,4,2001,2001-08-13,0.8699000000953674,528.82,6.0,647.0,139.0,59,14084,20,167.7,False,False,False,604.6,396.0
30,0502,4,2002,2002-09-28,0.8669999897480012,589.14,4.5,776.0,148.0,62,15019,21,167.7,False,False,False,604.6,411.0
30,0502,4,2003,2003-10-18,0.8532000064849854,714.23,5.699999809265137,691.0,126.0,63,16024,22,167.7,False,False,False,604.6,385.0
30,0502,4,2005,2005-06-07,0.8712999999523163,808.62,5.099999904632568,683.0,143.0,67,18192,24,167.7,False,False,False,604.6,598.0
30,0502,4,2007,2007-06-22,0.8903000056743622,672.23,5.300000190734863,839.0,109.0,66,20458,26,167.7,False,False,False,604.6,745.0
30,0503,1,1990,1990-05-03,1.3321249932050705,525.26,4.800000190734863,799.0,138.0,61,5290,9,134.6,False,False,False,612.1,0.0
30,0503,1,1991,1991-05-25,1.804875016212464,769.57,4.800000190734863,747.0,141.0,65,5956,10,134.6,False,False,False,612.1,387.0
30,0503,2,1991,1991-11-09,0.99287498742342,769.57,4.800000190734863,747.0,141.0,65,5956,10,223.5,False,False,False,698.5,168.0
30,0503,2,1992,1992-08-26,0.9612000167369842,638.14,5.300000190734863,596.0,141.0,64,6630,11,223.5,False,False,False,698.5,291.0
30,0503,2,1993,1993-09-29,1.0101999998092652,832.0,3.0,941.0,129.0,70,7370,12,223.5,False,False,False,698.5,399.0
30,0503,2,1994,1994-07-25,0.9996000170707702,664.84,5.099999904632568,761.0,122.0,64,8149,13,223.5,False,False,False,698.5,299.0
30,0503,2,1995,1995-10-12,1.0117999911308289,861.41,4.400000095367432,675.0,153.0,67,8954,14,223.5,False,False,False,698.5,444.0
30,0503,2,1996,1996-09-12,1.0753999948501587,757.88,3.5,1102.0,129.0,67,9761,15,223.5,False,False,False,698.5,336.0
30,0503,2,1997,1997-10-11,1.1022000193595884,964.54,4.0,915.0,120.0,71,10559,16,223.5,False,False,False,698.5,394.0
30,0503,2,1998,1998-06-13,1.1945000052452088,650.84,5.199999809265137,692.0,141.0,67,11157,17,223.5,False,False,False,698.5,245.0
30,0503,4,2002,2002-09-28,0.8308999955654144,589.14,4.5,776.0,148.0,62,15019,21,238.7,False,False,False,713.7,1568.0
30,0503,4,2003,2003-10-18,0.8266999900341034,714.23,5.699999809265137,691.0,126.0,63,16024,22,238.7,False,False,False,713.7,385.0
30,0503,4,2005,2005-06-07,0.8197999954223633,808.62,5.099999904632568,683.0,143.0,67,18192,24,238.7,False,False,False,713.7,598.0
30,0503,4,2007,2007-06-22,0.8297999978065491,672.23,5.300000190734863,839.0,109.0,66,20458,26,238.7,False,False,False,713.7,745.0
30,0504,1,1990,1990-05-03,1.1428750082850456,525.26,4.800000190734863,799.0,138.0,61,5290,9,147.3,False,False,False,632.4,0.0
30,0504,1,1991,1991-05-25,1.3883333603541057,769.57,4.800000190734863,747.0,141.0,65,5956,10,147.3,False,False,False,632.4,387.0
30,0504,2,1991,1991-11-09,0.7231666545073192,769.57,4.800000190734863,747.0,141.0,65,5956,10,254.0,False,False,False,739.1,168.0
30,0504,2,1992,1992-08-26,0.7083999991416932,638.14,5.300000190734863,596.0,141.0,64,6630,11,254.0,False,False,False,739.1,291.0
30,0504,2,1993,1993-09-29,0.7366000056266784,832.0,3.0,941.0,129.0,70,7370,12,254.0,False,False,False,739.1,399.0
30,0504,2,1994,1994-07-25,0.7248999953269959,664.84,5.099999904632568,761.0,122.0,64,8149,13,254.0,False,False,False,739.1,299.0
30,0504,2,1995,1995-10-12,0.7521999955177308,861.41,4.400000095367432,675.0,153.0,67,8954,14,254.0,False,False,False,739.1,444.0
30,0504,2,1996,1996-09-12,0.7907000005245208,757.88,3.5,1102.0,129.0,67,9761,15,254.0,False,False,False,739.1,336.0
30,0504,2,1997,1997-10-11,0.7683999955654144,964.54,4.0,915.0,120.0,71,10559,16,254.0,False,False,False,739.1,394.0
30,0504,2,1998,1998-06-13,0.857400006055832,650.84,5.199999809265137,692.0,141.0,67,11157,17,254.0,False,False,False,739.1,245.0
30,0504,2,1999,1999-06-08,0.8563000082969665,594.07,5.5,499.0,148.0,63,12043,18,254.0,False,False,False,739.1,360.0
30,0504,2,2000,2000-07-13,0.8787999987602234,556.47,5.0,742.0,135.0,63,13065,19,254.0,False,False,False,739.1,401.0
30,0504,3,2001,2001-08-13,0.6945000052452087,528.82,6.0,647.0,139.0,59,14084,20,251.5,False,False,False,736.6,396.0
30,0504,3,2002,2002-09-28,0.703000009059906,589.14,4.5,776.0,148.0,62,15019,21,251.5,False,False,False,736.6,411.0
30,0504,3,2003,2003-10-18,0.7001999974250793,714.23,5.699999809265137,691.0,126.0,63,16024,22,251.5,False,False,False,736.6,385.0
30,0504,3,2005,2005-06-07,0.7023999989032745,808.62,5.099999904632568,683.0,143.0,67,18192,24,251.5,False,False,False,736.6,598.0
30,0504,3,2007,2007-06-22,0.7473999977111816,672.23,5.300000190734863,839.0,109.0,66,20458,26,251.5,False,False,False,736.6,745.0
30,0504,4,2009,2009-07-21,0.7753000080585479,702.39,3.700000047683716,921.0,141.0,68,22570,28,251.5,False,False,False,736.6,760.0
30,0505,1,1990,1990-05-03,0.9063000082969666,525.26,4.800000190734863,799.0,138.0,61,5290,9,142.2,False,False,False,601.9,0.0
30,0505,1,1991,1991-05-25,1.0681249871850014,769.57,4.800000190734863,747.0,141.0,65,5956,10,142.2,False,False,False,601.9,387.0
30,0505,2,1991,1991-11-09,0.6609000027179718,769.57,4.800000190734863,747.0,141.0,65,5956,10,172.7,False,False,False,632.4000000000001,168.0
30,0505,2,1992,1992-08-26,0.7385999917984009,638.14,5.300000190734863,596.0,141.0,64,6630,11,172.7,False,False,False,632.4000000000001,291.0
30,0505,2,1993,1993-09-29,0.7901000082492828,832.0,3.0,941.0,129.0,70,7370,12,172.7,False,False,False,632.4000000000001,399.0
30,0505,2,1994,1994-07-25,0.7993999958038329,664.84,5.099999904632568,761.0,122.0,64,8149,13,172.7,False,False,False,632.4000000000001,299.0
30,0505,2,1995,1995-10-12,0.876500004529953,861.41,4.400000095367432,675.0,153.0,67,8954,14,172.7,False,False,False,632.4000000000001,444.0
30,0505,2,1996,1996-09-12,1.1417999863624573,757.88,3.5,1102.0,129.0,67,9761,15,172.7,False,False,False,632.4000000000001,336.0
30,0505,2,1997,1997-10-11,1.0439999818801882,964.54,4.0,915.0,120.0,71,10559,16,172.7,False,False,False,632.4000000000001,394.0
30,0505,2,1998,1998-06-13,1.37960000038147,650.84,5.199999809265137,692.0,141.0,67,11157,17,172.7,False,False,False,632.4000000000001,245.0
30,0505,2,1999,1999-06-08,1.1824000120162963,594.07,5.5,499.0,148.0,63,12043,18,172.7,False,False,False,632.4000000000001,360.0
30,0505,2,2000,2000-07-13,1.4141000151634215,556.47,5.0,742.0,135.0,63,13065,19,172.7,False,False,False,632.4000000000001,401.0
30,0505,3,2001,2001-08-13,0.6604000091552735,528.82,6.0,647.0,139.0,59,14084,20,190.5,False,False,False,650.2,396.0
30,0505,3,2002,2002-09-28,0.6859000027179718,589.14,4.5,776.0,148.0,62,15019,21,190.5,False,False,False,650.2,411.0
30,0505,3,2003,2003-10-18,0.6882000088691711,714.23,5.699999809265137,691.0,126.0,63,16024,22,190.5,False,False,False,650.2,385.0
30,0505,3,2005,2005-06-07,0.7430999934673309,808.62,5.099999904632568,683.0,143.0,67,18192,24,190.5,False,False,False,650.2,598.0
30,0505,3,2007,2007-06-22,0.9467000186443328,672.23,5.300000190734863,839.0,109.0,66,20458,26,190.5,False,False,False,650.2,745.0
30,0505,4,2009,2009-07-21,0.8671000063419343,702.39,3.700000047683716,921.0,141.0,68,22570,28,190.5,False,False,False,650.2,760.0
30,0506,1,1990,1990-05-03,1.6163999915122984,525.26,4.800000190734863,799.0,138.0,61,5290,9,134.6,False,False,False,594.3,0.0
30,0506,1,1991,1991-05-25,1.9529999494552608,769.57,4.800000190734863,747.0,141.0,65,5956,10,134.6,False,False,False,594.3,387.0
30,0506,2,1991,1991-11-09,0.6741999983787537,769.57,4.800000190734863,747.0,141.0,65,5956,10,172.6,False,False,False,632.3000000000001,168.0
30,0506,2,1992,1992-08-26,0.7731000006198883,638.14,5.300000190734863,596.0,141.0,64,6630,11,172.6,False,False,False,632.3000000000001,291.0
30,0506,2,1993,1993-09-29,0.8156000077724457,832.0,3.0,941.0,129.0,70,7370,12,172.6,False,False,False,632.3000000000001,399.0
30,0506,2,1994,1994-07-25,0.7891000032424926,664.84,5.099999904632568,761.0,122.0,64,8149,13,172.6,False,False,False,632.3000000000001,299.0
30,0506,2,1995,1995-10-12,0.8250000059604645,861.41,4.400000095367432,675.0,153.0,67,8954,14,172.6,False,False,False,632.3000000000001,444.0
30,0506,2,1996,1996-09-12,0.8712000012397767,757.88,3.5,1102.0,129.0,67,9761,15,172.6,False,False,False,632.3000000000001,336.0
30,0506,2,1997,1997-10-11,0.8856000006198883,964.54,4.0,915.0,120.0,71,10559,16,172.6,False,False,False,632.3000000000001,394.0
30,0506,2,1998,1998-06-13,0.9798000037670136,650.84,5.199999809265137,692.0,141.0,67,11157,17,172.6,False,False,False,632.3000000000001,245.0
30,0506,2,1999,1999-06-08,1.0009999930858613,594.07,5.5,499.0,148.0,63,12043,18,172.6,False,False,False,632.3000000000001,360.0
30,0506,2,2000,2000-07-13,1.014000004529953,556.47,5.0,742.0,135.0,63,13065,19,172.6,False,False,False,632.3000000000001,401.0
30,0506,3,2001,2001-08-13,0.8832000017166137,528.82,6.0,647.0,139.0,59,14084,20,185.4,False,False,False,645.1,396.0
30,0506,3,2002,2002-09-28,0.871699994802475,589.14,4.5,776.0,148.0,62,15019,21,185.4,False,False,False,645.1,411.0
30,0506,3,2003,2003-10-18,0.8625,714.23,5.699999809265137,691.0,126.0,63,16024,22,185.4,False,False,False,645.1,385.0
30,0506,3,2005,2005-06-07,0.8859000027179718,808.62,5.099999904632568,683.0,143.0,67,18192,24,185.4,False,False,False,645.1,598.0
30,0506,3,2007,2007-06-22,0.9424000084400176,672.23,5.300000190734863,839.0,109.0,66,20458,26,185.4,False,False,False,645.1,745.0
30,0506,4,2009,2009-07-21,1.0527999877929686,702.39,3.700000047683716,921.0,141.0,68,22570,28,185.4,False,False,False,645.1,760.0
30,0507,1,1990,1990-05-03,0.902299988269806,525.26,4.800000190734863,799.0,138.0,61,5290,9,129.6,False,False,False,614.7,0.0
30,0507,1,1991,1991-05-25,1.030749998986721,769.57,4.800000190734863,747.0,141.0,65,5956,10,129.6,False,False,False,614.7,387.0
30,0507,2,1991,1991-11-09,1.1435999989509582,769.57,4.800000190734863,747.0,141.0,65,5956,10,251.5,False,False,False,736.6,168.0
30,0507,2,1992,1992-08-26,1.0737000107765198,638.14,5.300000190734863,596.0,141.0,64,6630,11,251.5,False,False,False,736.6,291.0
30,0507,2,1993,1993-09-29,1.1042000114917756,832.0,3.0,941.0,129.0,70,7370,12,251.5,False,False,False,736.6,399.0
30,0507,2,1994,1994-07-25,1.0924999952316283,664.84,5.099999904632568,761.0,122.0,64,8149,13,251.5,False,False,False,736.6,299.0
30,0507,2,1995,1995-10-12,1.0971000134944917,861.41,4.400000095367432,675.0,153.0,67,8954,14,251.5,False,False,False,736.6,444.0
30,0507,2,1996,1996-09-12,1.127400016784668,757.88,3.5,1102.0,129.0,67,9761,15,251.5,False,False,False,736.6,336.0
30,0507,2,1997,1997-10-11,1.1150000035762786,964.54,4.0,915.0,120.0,71,10559,16,251.5,False,False,False,736.6,394.0
30,0507,2,1998,1998-06-13,1.1651000142097474,650.84,5.199999809265137,692.0,141.0,67,11157,17,251.5,False,False,False,736.6,245.0
30,0507,2,1999,1999-06-08,1.1561999797821043,594.07,5.5,499.0,148.0,63,12043,18,251.5,False,False,False,736.6,360.0
30,0507,2,2000,2000-07-13,1.1798999786376951,556.47,5.0,742.0,135.0,63,13065,19,251.5,False,False,False,736.6,401.0
30,0507,3,2001,2001-08-13,0.7472000002861023,528.82,6.0,647.0,139.0,59,14084,20,251.5,False,False,False,736.6,396.0
30,0507,3,2002,2002-09-28,0.7227999925613403,589.14,4.5,776.0,148.0,62,15019,21,251.5,False,False,False,736.6,411.0
30,0507,3,2003,2003-10-18,0.7064999997615815,714.23,5.699999809265137,691.0,126.0,63,16024,22,251.5,False,False,False,736.6,385.0
30,0507,3,2005,2005-06-07,0.716899996995926,808.62,5.099999904632568,683.0,143.0,67,18192,24,251.5,False,False,False,736.6,598.0
30,0507,3,2007,2007-06-22,0.7226000010967255,672.23,5.300000190734863,839.0,109.0,66,20458,26,251.5,False,False,False,736.6,745.0
30,0507,4,2009,2009-07-21,0.7532000064849853,702.39,3.700000047683716,921.0,141.0,68,22570,28,251.5,False,False,False,736.6,760.0
30,0508,1,1990,1990-05-03,1.1148749813437462,525.26,4.800000190734863,799.0,138.0,61,5290,9,132.0,False,False,False,619.6999999999999,0.0
30,0508,1,1991,1991-05-25,1.3422500044107435,769.57,4.800000190734863,747.0,141.0,65,5956,10,132.0,False,False,False,619.6999999999999,387.0
30,0508,2,1991,1991-11-09,0.7588333288828533,769.57,4.800000190734863,747.0,141.0,65,5956,10,231.1,False,False,False,718.8,168.0
30,0508,2,1992,1992-08-26,0.7262999951839446,638.14,5.300000190734863,596.0,141.0,64,6630,11,231.1,False,False,False,718.8,291.0
30,0508,2,1993,1993-09-29,0.7409000039100646,832.0,3.0,941.0,129.0,70,7370,12,231.1,False,False,False,718.8,399.0
30,0508,2,1994,1994-07-25,0.7351000070571899,664.84,5.099999904632568,761.0,122.0,64,8149,13,231.1,False,False,False,718.8,299.0
30,0508,2,1995,1995-10-12,0.7510999977588654,861.41,4.400000095367432,675.0,153.0,67,8954,14,231.1,False,False,False,718.8,444.0
30,0508,2,1996,1996-09-12,0.7832000076770782,757.88,3.5,1102.0,129.0,67,9761,15,231.1,False,False,False,718.8,336.0
30,0508,2,1997,1997-10-11,0.8106000006198884,964.54,4.0,915.0,120.0,71,10559,16,231.1,False,False,False,718.8,394.0
30,0508,2,1998,1998-06-13,0.8974000036716461,650.84,5.199999809265137,692.0,141.0,67,11157,17,231.1,False,False,False,718.8,245.0
30,0508,2,1999,1999-06-08,0.9133000075817108,594.07,5.5,499.0,148.0,63,12043,18,231.1,False,False,False,718.8,360.0
30,0508,2,2000,2000-07-13,0.9628999948501586,556.47,5.0,742.0,135.0,63,13065,19,231.1,False,False,False,718.8,401.0
30,0508,3,2001,2001-08-13,0.6888999998569489,528.82,6.0,647.0,139.0,59,14084,20,236.2,False,False,False,723.9,396.0
30,0508,3,2002,2002-09-28,0.6720000028610229,589.14,4.5,776.0,148.0,62,15019,21,236.2,False,False,False,723.9,411.0
30,0508,3,2003,2003-10-18,0.664300000667572,714.23,5.699999809265137,691.0,126.0,63,16024,22,236.2,False,False,False,723.9,385.0
30,0508,3,2005,2005-06-07,0.6707999944686889,808.62,5.099999904632568,683.0,143.0,67,18192,24,236.2,False,False,False,723.9,598.0
30,0508,3,2007,2007-06-22,0.6675000011920929,672.23,5.300000190734863,839.0,109.0,66,20458,26,236.2,False,False,False,723.9,745.0
30,0508,4,2009,2009-07-21,0.6791000008583069,702.39,3.700000047683716,921.0,141.0,68,22570,28,236.2,False,False,False,723.9,760.0
30,0509,1,1990,1990-05-03,0.8277500048279762,525.26,4.800000190734863,799.0,138.0,61,5290,9,134.6,False,False,False,612.1,0.0
30,0509,1,1991,1991-05-25,0.978899997472763,769.57,4.800000190734863,747.0,141.0,65,5956,10,134.6,False,False,False,612.1,387.0
30,0509,2,1991,1991-11-09,0.6899999976158142,769.57,4.800000190734863,747.0,141.0,65,5956,10,182.9,False,False,False,660.4,168.0
30,0509,2,1992,1992-08-26,0.8113999843597413,638.14,5.300000190734863,596.0,141.0,64,6630,11,182.9,False,False,False,660.4,291.0
30,0509,2,1993,1993-09-29,0.8962999999523162,832.0,3.0,941.0,129.0,70,7370,12,182.9,False,False,False,660.4,399.0
30,0509,2,1994,1994-07-25,0.9328000128269196,664.84,5.099999904632568,761.0,122.0,64,8149,13,182.9,False,False,False,660.4,299.0
30,0509,2,1995,1995-10-12,0.9692999958992004,861.41,4.400000095367432,675.0,153.0,67,8954,14,182.9,False,False,False,660.4,444.0
30,0509,2,1996,1996-09-12,1.1227999806404114,757.88,3.5,1102.0,129.0,67,9761,15,182.9,False,False,False,660.4,336.0
30,0509,2,1997,1997-10-11,1.3128000020980837,964.54,4.0,915.0,120.0,71,10559,16,182.9,False,False,False,660.4,394.0
30,0509,2,1998,1998-06-13,1.3489999890327455,650.84,5.199999809265137,692.0,141.0,67,11157,17,182.9,False,False,False,660.4,245.0
30,0509,2,1999,1999-06-08,1.4182000160217283,594.07,5.5,499.0,148.0,63,12043,18,182.9,False,False,False,660.4,360.0
30,0509,2,2000,2000-07-13,1.5312000274658204,556.47,5.0,742.0,135.0,63,13065,19,182.9,False,False,False,660.4,401.0
30,0509,3,2001,2001-08-13,0.7564999997615814,528.82,6.0,647.0,139.0,59,14084,20,152.4,False,False,False,629.9,396.0
30,0509,3,2002,2002-09-28,0.7526000022888184,589.14,4.5,776.0,148.0,62,15019,21,152.4,False,False,False,629.9,411.0
30,0509,3,2003,2003-10-18,0.7420999944210053,714.23,5.699999809265137,691.0,126.0,63,16024,22,152.4,False,False,False,629.9,385.0
30,0509,3,2005,2005-06-07,0.7555000066757203,808.62,5.099999904632568,683.0,143.0,67,18192,24,152.4,False,False,False,629.9,598.0
30,0509,3,2007,2007-06-22,0.7824000000953675,672.23,5.300000190734863,839.0,109.0,66,20458,26,152.4,False,False,False,629.9,745.0
30,0509,4,2009,2009-07-21,0.8048000097274781,702.39,3.700000047683716,921.0,141.0,68,22570,28,152.4,False,False,False,629.9,760.0
30,0560,1,1991,1991-05-25,2.975999996066093,769.57,4.800000190734863,747.0,141.0,65,5956,10,132.0,False,False,False,589.2,0.0
30,0560,2,1991,1991-11-09,0.8451666633288066,769.57,4.800000190734863,747.0,141.0,65,5956,10,228.6,False,False,False,685.8000000000001,168.0
30,0560,2,1992,1992-08-26,0.8431999981403351,638.14,5.300000190734863,596.0,141.0,64,6630,11,228.6,False,False,False,685.8000000000001,291.0
30,0560,2,1993,1993-09-29,0.8662000060081482,832.0,3.0,941.0,129.0,70,7370,12,228.6,False,False,False,685.8000000000001,399.0
30,0560,2,1994,1994-07-25,0.872299998998642,664.84,5.099999904632568,761.0,122.0,64,8149,13,228.6,False,False,False,685.8000000000001,299.0
30,0560,2,1995,1995-10-12,0.8647999942302704,861.41,4.400000095367432,675.0,153.0,67,8954,14,228.6,False,False,False,685.8000000000001,444.0
30,0560,2,1996,1996-09-12,0.9085000038146972,757.88,3.5,1102.0,129.0,67,9761,15,228.6,False,False,False,685.8000000000001,336.0
30,0560,2,1997,1997-10-11,0.9292500019073486,964.54,4.0,915.0,120.0,71,10559,16,228.6,False,False,False,685.8000000000001,394.0
30,0560,2,1998,1998-06-13,1.0069999933242797,650.84,5.199999809265137,692.0,141.0,67,11157,17,228.6,False,False,False,685.8000000000001,245.0
30,0560,2,1999,1999-06-08,0.98299999833107,594.07,5.5,499.0,148.0,63,12043,18,228.6,False,False,False,685.8000000000001,360.0
30,0560,2,2000,2000-07-13,1.0250999987125398,556.47,5.0,742.0,135.0,63,13065,19,228.6,False,False,False,685.8000000000001,401.0
30,0560,3,2001,2001-08-13,0.6951999962329865,528.82,6.0,647.0,139.0,59,14084,20,249.0,False,False,False,706.2,396.0
30,0560,3,2002,2002-09-28,0.6995000004768372,589.14,4.5,776.0,148.0,62,15019,21,249.0,False,False,False,706.2,411.0
30,0560,3,2003,2003-10-18,0.7202999949455261,714.23,5.699999809265137,691.0,126.0,63,16024,22,249.0,False,False,False,706.2,385.0
30,0560,3,2005,2005-06-07,0.7652999997138976,808.62,5.099999904632568,683.0,143.0,67,18192,24,249.0,False,False,False,706.2,598.0
30,0560,3,2007,2007-06-22,0.8247000038623811,672.23,5.300000190734863,839.0,109.0,66,20458,26,249.0,False,False,False,706.2,745.0
30,0560,4,2009,2009-07-21,0.9351000010967254,702.39,3.700000047683716,921.0,141.0,68,22570,28,249.0,False,False,False,706.2,760.0
30,0561,1,1990,1990-05-03,1.1457500085234642,525.26,4.800000190734863,799.0,138.0,61,5290,9,132.0,False,False,False,589.2,0.0
30,0561,1,1991,1991-05-25,1.764000016450882,769.57,4.800000190734863,747.0,141.0,65,5956,10,132.0,False,False,False,589.2,387.0
30,0561,2,1991,1991-11-09,0.8449999988079071,769.57,4.800000190734863,747.0,141.0,65,5956,10,231.1,False,False,False,688.3000000000001,168.0
30,0561,2,1992,1992-08-26,0.8420000016689301,638.14,5.300000190734863,596.0,141.0,64,6630,11,231.1,False,False,False,688.3000000000001,291.0
30,0561,2,1993,1993-09-29,0.864599996805191,832.0,3.0,941.0,129.0,70,7370,12,231.1,False,False,False,688.3000000000001,399.0
30,0561,2,1994,1994-07-25,0.8538000106811523,664.84,5.099999904632568,761.0,122.0,64,8149,13,231.1,False,False,False,688.3000000000001,299.0
30,0561,2,1995,1995-10-12,0.8696999967098236,861.41,4.400000095367432,675.0,153.0,67,8954,14,231.1,False,False,False,688.3000000000001,444.0
30,0561,2,1996,1996-09-12,0.9400000095367432,757.88,3.5,1102.0,129.0,67,9761,15,231.1,False,False,False,688.3000000000001,336.0
30,0561,3,1997,1997-10-11,0.9473749995231628,964.54,4.0,915.0,120.0,71,10559,16,231.1,False,False,False,688.3,394.0
30,0561,3,1998,1998-06-13,1.1776000022888184,650.84,5.199999809265137,692.0,141.0,67,11157,17,231.1,False,False,False,688.3,245.0
30,0561,3,1999,1999-06-08,0.9768999993801116,594.07,5.5,499.0,148.0,63,12043,18,231.1,False,False,False,688.3,360.0
30,0561,3,2000,2000-07-13,1.067199993133545,556.47,5.0,742.0,135.0,63,13065,19,231.1,False,False,False,688.3,401.0
30,0561,4,2001,2001-08-13,0.7612999975681305,528.82,6.0,647.0,139.0,59,14084,20,243.8,False,False,False,701.0,396.0
30,0561,4,2002,2002-09-28,0.7555999994277953,589.14,4.5,776.0,148.0,62,15019,21,243.8,False,False,False,701.0,411.0
30,0561,4,2003,2003-10-18,0.7634999930858613,714.23,5.699999809265137,691.0,126.0,63,16024,22,243.8,False,False,False,701.0,385.0
30,0561,4,2005,2005-06-07,0.7812000095844269,808.62,5.099999904632568,683.0,143.0,67,18192,24,243.8,False,False,False,701.0,598.0
30,0561,4,2007,2007-06-22,0.806900006532669,672.23,5.300000190734863,839.0,109.0,66,20458,26,243.8,False,False,False,701.0,745.0
30,0561,5,2009,2009-07-21,0.8919999897480011,702.39,3.700000047683716,921.0,141.0,68,22570,28,243.8,False,False,False,701.0,760.0
30,1001,1,1989,1989-09-15,1.0313999891281127,1183.12,2.700000047683716,1185.0,108.0,71,1251,8,71.1,False,False,False,657.9,0.0
30,1001,1,1990,1990-07-27,1.0280000030994416,862.54,3.799999952316284,940.0,128.0,67,1423,9,71.1,False,False,False,657.9,315.0
30,1001,1,1991,1991-11-10,1.0251999855041505,1029.06,3.900000095367432,853.0,123.0,70,1578,10,71.1,False,False,False,657.9,471.0
30,1001,1,1992,1992-08-26,1.0576000094413758,833.43,4.699999809265137,637.0,139.0,66,1746,11,71.1,False,False,False,657.9,290.0
30,1001,1,1993,1993-09-28,1.0781999945640566,1090.81,2.0999999046325684,1053.0,116.0,74,1918,12,71.1,False,False,False,657.9,398.0
30,1001,1,1994,1994-07-26,1.1157000064849854,788.25,4.099999904632568,888.0,110.0,68,2113,13,71.1,False,False,False,657.9,301.0
30,1001,1,1995,1995-10-11,1.0815999984741211,1100.82,3.5999999046325684,739.0,154.0,71,2313,14,71.1,False,False,False,657.9,442.0
30,1001,1,1996,1996-09-11,1.1271999955177303,1056.05,2.400000095367432,1240.0,119.0,70,2527,15,71.1,False,False,False,657.9,336.0
30,1001,1,1997,1997-10-09,1.0961000084877015,1032.38,3.299999952316284,941.0,118.0,73,2739,16,71.1,False,False,False,657.9,393.0
30,1001,1,1998,1998-06-10,1.2565999984741212,833.62,4.699999809265137,728.0,135.0,69,2938,17,71.1,False,False,False,657.9,244.0
30,1001,1,1999,1999-05-22,1.1301000118255615,886.87,4.400000095367432,618.0,135.0,67,3127,18,71.1,False,False,False,657.9,346.0
30,6004,1,1989,1989-09-17,1.6470000028610228,427.82,7.599999904632568,850.0,108.0,57,703,25,269.3,False,False,False,802.7,0.0
30,6004,1,1990,1990-10-09,1.5610000133514403,235.65,9.100000381469728,508.0,139.0,52,738,26,269.3,False,False,False,802.7,387.0
30,6004,1,1991,1991-11-07,1.6515999913215638,546.42,8.699999809265137,500.0,137.0,61,769,27,269.3,False,False,False,802.7,394.0
30,6004,1,1992,1992-08-24,1.835800004005432,566.18,8.800000190734863,368.0,135.0,59,802,28,269.3,False,False,False,802.7,291.0
30,6004,1,1993,1993-09-30,1.8374000072479248,498.13,6.599999904632568,673.0,113.0,65,836,29,269.3,False,False,False,802.7,402.0
30,6004,1,1994,1994-07-24,1.898699975013733,470.96,8.399999618530273,695.0,114.0,59,870,30,269.3,False,False,False,802.7,297.0
30,6004,1,1996,1996-09-13,2.1621000170707703,459.06,6.599999904632568,1052.0,108.0,60,947,32,269.3,False,False,False,802.7,782.0
30,6004,1,1997,1997-07-14,2.3675999879837035,311.99,8.600000381469727,572.0,127.0,59,988,33,269.3,False,False,False,802.7,304.0
30,6004,1,1998,1998-06-11,2.5556999921798704,517.4,9.399999618530272,506.0,109.0,61,1023,34,269.3,False,False,False,802.7,332.0
30,6004,1,1999,1999-06-10,2.5462999820709227,482.17,9.5,243.0,135.0,60,1075,35,269.3,False,False,False,802.7,364.0
30,6004,3,2002,2002-09-30,1.0751999974250794,378.62,8.5,442.0,140.0,55,1222,38,340.40000000000003,False,False,False,873.8000000000001,1208.0
30,6004,3,2004,2004-08-14,1.2410999894142152,343.97,9.100000381469728,399.0,126.0,58,1327,40,340.40000000000003,False,False,False,873.8000000000001,684.0
30,6004,3,2007,2007-04-25,1.507700002193451,354.2,9.5,536.0,98.0,57,1474,43,340.40000000000003,False,False,False,873.8000000000001,984.0
30,6004,3,2010,2010-05-13,1.7916000247001649,685.45,8.300000190734863,604.0,97.0,64,1623,46,340.40000000000003,False,False,False,873.8000000000001,1114.0
30,6004,3,2011,2011-07-26,1.85589998960495,692.09,8.0,586.0,124.0,64,1670,47,340.40000000000003,False,False,False,873.8000000000001,439.0
30,6004,3,2013,2013-06-17,2.005299985408783,639.45,8.100000381469727,594.0,132.0,62,1788,49,340.40000000000003,False,False,False,873.8000000000001,692.0
30,6004,3,2014,2014-10-20,2.184899997711182,693.92,7.400000095367432,793.0,102.0,64,1852,50,340.40000000000003,False,False,False,873.8000000000001,490.0
30,6004,3,2015,2015-06-03,2.2720999956130985,428.19,9.800000190734863,479.0,101.0,58,1916,51,340.40000000000003,False,False,False,873.8000000000001,226.0
30,6004,3,2016,2016-08-29,2.3614999771118166,539.25,10.0,395.0,109.0,59,1975,52,340.40000000000003,False,False,False,873.8000000000001,453.0
30,7066,1,1989,1989-09-15,0.7534999966621398,822.15,3.700000047683716,1079.0,115.0,66,4270,8,137.2,False,False,False,617.3,0.0
30,7066,1,1990,1990-05-03,0.7589999973773955,525.26,4.800000190734863,799.0,138.0,61,4917,9,137.2,False,False,False,617.3,230.0
30,7066,1,1991,1991-05-23,0.9678333451350528,769.57,4.800000190734863,747.0,141.0,65,5583,10,137.2,False,False,False,617.3,385.0
30,7066,2,1991,1991-11-09,0.8139000058174133,769.57,4.800000190734863,747.0,141.0,65,5583,10,238.7,False,False,False,718.8,170.0
30,7066,2,1992,1992-08-26,0.8256000101566314,638.14,5.300000190734863,596.0,141.0,64,6257,11,238.7,False,False,False,718.8,291.0
30,7066,2,1993,1993-09-29,0.8497999966144562,832.0,3.0,941.0,129.0,70,6997,12,238.7,False,False,False,718.8,399.0
30,7066,2,1994,1994-07-25,0.8793000102043151,664.84,5.099999904632568,761.0,122.0,64,7777,13,238.7,False,False,False,718.8,299.0
30,7066,2,1995,1995-10-12,0.88960000872612,861.41,4.400000095367432,675.0,153.0,67,8582,14,238.7,False,False,False,718.8,444.0
30,7066,2,1996,1996-09-12,0.9171000063419342,757.88,3.5,1102.0,129.0,67,9406,15,238.7,False,False,False,718.8,336.0
30,7066,2,1997,1997-10-11,0.9560000002384186,964.54,4.0,915.0,120.0,71,10199,16,238.7,False,False,False,718.8,394.0
30,7066,2,1998,1998-06-13,1.0084999799728394,650.84,5.199999809265137,692.0,141.0,67,10844,17,238.7,False,False,False,718.8,245.0
30,7066,2,1999,1999-06-08,1.0314000010490418,594.07,5.5,499.0,148.0,63,11730,18,238.7,False,False,False,718.8,360.0
30,7066,2,2000,2000-07-13,1.034900003671646,556.47,5.0,742.0,135.0,63,12752,19,238.7,False,False,False,718.8,401.0
30,7066,3,2001,2001-08-13,0.7991999983787537,528.82,6.0,647.0,139.0,59,13814,20,246.4,False,False,False,726.5,396.0
30,7066,3,2002,2002-09-28,0.7837000012397766,589.14,4.5,776.0,148.0,62,14810,21,246.4,False,False,False,726.5,411.0
30,7066,3,2003,2003-10-18,0.7711000084877014,714.23,5.699999809265137,691.0,126.0,63,15815,22,246.4,False,False,False,726.5,385.0
30,7066,3,2005,2005-06-07,0.7764999985694885,808.62,5.099999904632568,683.0,143.0,67,17892,24,246.4,False,False,False,726.5,598.0
30,7066,3,2007,2007-06-22,0.7791999995708465,672.23,5.300000190734863,839.0,109.0,66,20226,26,246.4,False,False,False,726.5,745.0
30,7066,4,2009,2009-07-21,0.8185000002384186,702.39,3.700000047683716,921.0,141.0,68,22338,28,246.4,False,False,False,726.5,760.0
30,7075,1,1989,1989-09-16,0.8923999965190887,604.23,7.300000190734863,703.0,123.0,59,12928,26,182.9,False,False,False,995.7,0.0
30,7075,1,1990,1990-10-08,0.8965000033378601,407.7,8.5,466.0,144.0,53,14000,27,182.9,False,False,False,995.7,387.0
30,7075,1,1991,1991-11-07,0.8876000046730042,610.15,8.300000190734863,404.0,139.0,58,14800,28,182.9,False,False,False,995.7,395.0
30,7075,1,1992,1992-08-25,0.9808000087738036,529.51,8.800000190734863,312.0,126.0,57,15501,29,182.9,False,False,False,995.7,292.0
30,7075,1,1993,1993-09-30,0.979700005054474,574.99,6.599999904632568,584.0,121.0,62,16437,30,182.9,False,False,False,995.7,401.0
30,7075,1,1994,1994-07-23,1.0136999845504762,454.25,8.600000381469727,444.0,130.0,56,17461,31,182.9,False,False,False,995.7,296.0
30,7075,1,1996,1996-09-12,1.043299984931946,606.16,6.900000095367432,805.0,127.0,59,19689,33,182.9,False,False,False,995.7,782.0
30,7075,1,1997,1997-07-15,1.1931000113487245,755.81,7.699999809265137,521.0,124.0,64,20753,34,182.9,False,False,False,995.7,306.0
30,7075,1,1998,1998-06-12,1.2766667008399963,603.5,9.0,371.0,128.0,58,21821,35,182.9,False,False,False,995.7,332.0
30,7075,2,2000,2000-07-06,0.932800006866455,510.05,8.800000190734863,358.0,142.0,53,24085,37,190.5,False,False,False,1003.3,755.0
30,7075,3,2001,2001-08-14,0.941299992799759,477.69,9.699999809265137,272.0,143.0,51,25410,38,193.0,False,False,False,1005.8,404.0
30,7075,3,2003,2003-10-17,0.961400020122528,520.39,9.300000190734863,383.0,126.0,53,28261,40,193.0,False,False,False,1005.8,794.0
30,7075,3,2004,2004-08-15,0.9271000027656556,500.8,9.100000381469728,263.0,133.0,56,29793,41,193.0,False,False,False,1005.8,303.0
30,7075,3,2007,2007-04-24,0.8982999980449676,628.17,9.300000190734863,427.0,108.0,56,34724,44,193.0,False,False,False,1005.8,982.0
30,7075,3,2009,2009-07-23,0.8664000034332275,677.46,7.599999904632568,476.0,145.0,59,37949,46,193.0,False,False,False,1005.8,821.0
30,7075,3,2010,2010-07-19,0.8761999964714051,628.18,8.0,452.0,126.0,60,39456,47,193.0,False,False,False,1005.8,361.0
30,7075,3,2011,2011-07-25,0.9059000015258788,796.25,8.0,409.0,148.0,60,40935,48,193.0,False,False,False,1005.8,371.0
30,7075,4,2012,2012-09-29,0.9655999898910522,468.52,10.100000381469728,287.0,116.0,51,42428,49,198.1,False,False,False,1010.9,432.0
30,7075,4,2013,2013-06-16,0.947900003194809,747.25,8.600000381469727,394.0,138.0,57,43838,50,198.1,False,False,False,1010.9,260.0
30,7075,4,2014,2014-10-17,0.9715999960899352,779.74,7.800000190734863,553.0,123.0,61,45270,51,198.1,False,False,False,1010.9,488.0
30,7075,4,2015,2015-04-27,0.9827999830245971,632.79,9.699999809265137,336.0,108.0,57,46812,52,198.1,False,False,False,1010.9,192.0
30,7075,4,2016,2016-08-28,0.9613999903202056,648.6,9.899999618530272,318.0,106.0,55,48837,53,198.1,False,False,False,1010.9,489.0
30,7075,4,2020,2020-08-31,1.1704999923706056,623.71,9.100000381469728,282.0,145.0,58,55698,57,198.1,False,False,False,1010.9,1464.0
30,7076,1,1989,1989-09-18,0.7093999922275543,1015.64,5.900000095367432,813.0,125.0,58,1389,5,132.1,False,True,False,1061.8,0.0
30,7076,1,1990,1990-10-08,0.7392000019550323,666.14,6.599999904632568,654.0,137.0,54,1725,6,132.1,False,True,False,1061.8,385.0
30,7076,1,1991,1991-05-25,0.7856249958276749,964.51,6.599999904632568,580.0,138.0,59,2033,7,132.1,False,True,False,1061.8,229.0
30,7076,2,1991,1991-11-05,0.9930000007152556,964.51,6.599999904632568,580.0,138.0,59,2033,7,157.5,False,True,False,1087.2,164.0
30,7076,2,1992,1992-08-22,0.9954000174999236,737.98,7.0,434.0,134.0,57,2357,8,157.5,False,True,False,1087.2,291.0
30,7076,2,1993,1993-10-04,0.9718999862670898,875.44,5.199999809265137,628.0,146.0,61,2705,9,157.5,False,True,False,1087.2,408.0
30,7076,2,1994,1994-07-23,0.9319999873638152,915.89,6.900000095367432,615.0,124.0,57,3048,10,157.5,False,True,False,1087.2,292.0
30,7076,3,1996,1996-09-14,1.0231000065803528,910.61,5.699999809265137,847.0,136.0,59,4027,12,165.1,False,True,False,1094.8,784.0
30,7076,3,1997,1997-10-11,1.0641000032424928,1042.02,6.099999904632568,669.0,132.0,63,4549,13,165.1,False,True,False,1094.8,392.0
30,7076,3,1998,1998-06-12,1.1461999893188477,976.3,7.099999904632568,495.0,138.0,60,5051,14,165.1,False,True,False,1094.8,244.0
30,7076,3,1999,1999-06-10,1.171999990940094,1068.88,7.400000095367432,321.0,148.0,57,5467,15,165.1,False,True,False,1094.8,363.0
30,7076,3,2001,2001-04-26,1.2591999888420105,730.9,7.900000095367432,453.0,135.0,54,6531,17,165.1,False,True,False,1094.8,686.0
30,7076,4,2001,2001-10-16,0.7221000075340271,730.9,7.900000095367432,453.0,135.0,54,6531,17,200.6,False,True,False,1130.3,173.0
30,7076,5,2003,2003-10-20,0.8,859.47,7.300000190734863,525.0,129.0,57,7401,19,205.7,False,True,False,1135.4,734.0
30,7076,5,2004,2004-08-13,0.8443000018596649,956.22,7.199999809265137,372.0,142.0,59,7837,20,205.7,False,True,False,1135.4,298.0
30,7076,6,2007,2007-04-24,0.961599987745285,1074.75,7.300000190734863,636.0,107.0,59,9305,23,205.7,False,True,False,1135.4,984.0
30,7076,6,2010,2010-07-19,1.098699998855591,1057.46,6.400000095367432,541.0,144.0,60,10848,26,205.7,False,True,False,1135.4,1182.0
30,7076,6,2011,2011-07-27,1.1803000211715695,1367.26,6.099999904632568,562.0,158.0,62,11386,27,205.7,False,True,False,1135.4,373.0
30,7076,6,2012,2012-09-29,1.142799985408783,739.39,8.300000190734863,425.0,127.0,52,11936,28,205.7,False,True,False,1135.4,430.0
30,7076,6,2013,2013-06-13,1.1967000007629394,1222.86,6.199999809265137,705.0,137.0,62,12499,29,205.7,False,True,False,1135.4,257.0
30,7076,7,2014,2014-10-21,0.6195000052452088,1220.39,6.0,715.0,120.0,63,12969,30,213.3,False,True,False,1143.0,495.0
30,7076,7,2015,2015-04-28,0.6820000052452088,882.66,8.100000381469727,448.0,125.0,57,13433,31,213.3,False,True,False,1143.0,189.0
30,7076,7,2016,2016-08-29,0.6158999979496003,1053.07,8.199999809265137,400.0,117.0,56,14035,32,213.3,False,True,False,1143.0,489.0
30,7088,1,1989,1989-09-16,0.8824000000953673,822.15,3.700000047683716,1079.0,115.0,66,5206,9,124.4,False,False,False,571.4000000000001,0.0
30,7088,1,1990,1990-07-23,1.0333999931812283,525.26,4.800000190734863,799.0,138.0,61,5853,10,124.4,False,False,False,571.4000000000001,310.0
30,7088,1,1991,1991-05-24,1.093400001525879,769.57,4.800000190734863,747.0,141.0,65,6559,11,124.4,False,False,False,571.4000000000001,305.0
30,7088,2,1991,1991-11-09,0.6335999965667725,769.57,4.800000190734863,747.0,141.0,65,6559,11,246.3,False,False,False,693.3,169.0
30,7088,2,1992,1992-08-26,0.6851000010967254,638.14,5.300000190734863,596.0,141.0,64,7280,12,246.3,False,False,False,693.3,291.0
30,7088,2,1993,1993-09-29,0.7013999938964843,832.0,3.0,941.0,129.0,70,8079,13,246.3,False,False,False,693.3,399.0
30,7088,2,1994,1994-07-25,0.6996999979019165,664.84,5.099999904632568,761.0,122.0,64,8918,14,246.3,False,False,False,693.3,299.0
30,7088,2,1997,1997-10-11,0.7881999909877777,964.54,4.0,915.0,120.0,71,11505,17,246.3,False,False,False,693.3,1174.0
30,7088,2,1998,1998-06-13,0.9030999958515168,650.84,5.199999809265137,692.0,141.0,67,12488,18,246.3,False,False,False,693.3,245.0
30,7088,2,1999,1999-06-08,0.8477999985218048,594.07,5.5,499.0,148.0,63,13420,19,246.3,False,False,False,693.3,360.0
30,7088,2,2000,2000-07-13,0.855100005865097,556.47,5.0,742.0,135.0,63,14358,20,246.3,False,False,False,693.3,401.0
30,7088,3,2001,2001-08-13,0.7382000029087067,528.82,6.0,647.0,139.0,59,15332,21,259.1,False,False,False,706.1,396.0
30,7088,3,2003,2003-10-18,0.7273000061511994,714.23,5.699999809265137,691.0,126.0,63,17444,23,259.1,False,False,False,706.1,796.0
30,7088,3,2005,2005-06-07,0.7538999855518341,808.62,5.099999904632568,683.0,143.0,67,19544,25,259.1,False,False,False,706.1,598.0
30,7088,3,2007,2007-06-22,0.7754999995231628,672.23,5.300000190734863,839.0,109.0,66,21878,27,259.1,False,False,False,706.1,745.0
30,7088,4,2009,2009-07-21,0.8171999990940093,702.39,3.700000047683716,921.0,141.0,68,23990,29,259.1,False,False,False,706.1,760.0
30,8129,1,1989,1989-09-15,0.8404000043869018,624.11,5.699999809265137,885.0,123.0,62,187,2,81.3,False,False,False,660.4,0.0
30,8129,1,1990,1990-10-12,0.7492000043392182,312.9,7.199999809265137,596.0,134.0,56,312,3,81.3,False,False,False,660.4,392.0
30,8129,1,1991,1991-11-08,0.8583999872207642,505.45,7.099999904632568,506.0,143.0,60,406,4,81.3,False,False,False,660.4,392.0
30,8129,1,1992,1992-09-07,1.0224166532357537,389.02,7.599999904632568,396.0,134.0,58,514,5,81.3,False,False,False,660.4,304.0
30,8129,1,1993,1993-09-29,1.0361999988555908,577.13,5.199999809265137,705.0,124.0,65,627,6,81.3,False,False,False,660.4,387.0
30,8129,1,1994,1994-06-04,1.0178000032901764,402.62,7.400000095367432,542.0,123.0,58,757,7,81.3,False,False,False,660.4,248.0
30,8129,1,1995,1995-04-02,1.1431999921798706,570.45,6.599999904632568,477.0,144.0,62,918,8,81.3,False,False,False,660.4,302.0
30,8129,1,1996,1996-12-12,1.0792000055313111,467.93,5.5,976.0,121.0,61,1063,9,81.3,False,False,False,660.4,620.0
30,8129,1,1997,1997-06-14,1.24412499666214,527.9,6.5,592.0,136.0,64,1205,10,81.3,False,False,False,660.4,184.0
30,8129,1,1998,1998-06-10,1.416399991512299,379.92,7.900000095367432,455.0,131.0,60,1350,11,81.3,False,False,False,660.4,361.0
30,8129,1,1999,1999-06-09,1.2414999842643737,380.46,8.0,231.0,154.0,56,1482,12,81.3,False,False,False,660.4,364.0
30,8129,1,2001,2001-06-15,1.4007000088691712,335.95,8.300000190734863,384.0,146.0,54,1787,14,81.3,False,False,False,660.4,737.0
30,8129,1,2002,2002-06-08,1.4111999988555908,395.97,6.800000190734863,490.0,160.0,57,1934,15,81.3,False,False,False,660.4,358.0
30,8129,2,2003,2003-10-17,0.5902999937534332,498.89,8.0,486.0,134.0,57,2072,16,188.0,False,False,False,767.1,496.0
30,8129,2,2004,2004-08-15,0.5797000110149384,477.6,7.300000190734863,394.0,148.0,61,2234,17,188.0,False,False,False,767.1,303.0
30,8129,2,2007,2007-04-25,0.5835000038146974,477.19,7.5,610.0,113.0,61,2778,20,188.0,False,False,False,767.1,983.0
30,8129,2,2010,2010-07-18,0.5872999966144561,589.52,6.099999904632568,658.0,128.0,66,3281,23,188.0,False,False,False,767.1,1180.0
30,8129,2,2011,2011-07-25,0.6019000053405762,675.26,5.900000095367432,631.0,154.0,66,3467,24,188.0,False,False,False,767.1,372.0
30,8129,2,2012,2012-09-24,0.6056999921798707,438.48,8.100000381469727,451.0,136.0,58,3684,25,188.0,False,False,False,767.1,427.0
30,8129,3,2020,2020-08-31,0.7363999962806702,596.12,7.5,406.0,144.0,62,5424,33,188.0,False,False,False,767.1,2898.0
30,A310,1,1990,1990-05-05,1.217099988460541,862.54,3.799999952316284,940.0,128.0,67,1423,9,76.2,False,False,False,812.8000000000001,0.0
30,A310,2,1990,1990-10-19,1.1629000067710875,862.54,3.799999952316284,940.0,128.0,67,1423,9,124.5,False,False,False,861.1,167.0
30,A310,2,1991,1991-11-10,1.862749978899956,1029.06,3.900000095367432,853.0,123.0,70,1578,10,124.5,False,False,False,861.1,387.0
30,A310,2,1992,1992-08-26,1.8485000133514404,833.43,4.699999809265137,637.0,139.0,66,1746,11,124.5,False,False,False,861.1,290.0
30,A310,2,1994,1994-07-26,1.873199987411499,788.25,4.099999904632568,888.0,110.0,68,2113,13,124.5,False,False,False,861.1,699.0
30,A310,2,1995,1995-10-11,1.833400011062622,1100.82,3.5999999046325684,739.0,154.0,71,2313,14,124.5,False,False,False,861.1,442.0
30,A310,2,1996,1996-09-11,1.8526000022888185,1056.05,2.400000095367432,1240.0,119.0,70,2527,15,124.5,False,False,False,861.1,336.0
30,A310,2,1997,1997-10-09,1.890799987316132,1032.38,3.299999952316284,941.0,118.0,73,2739,16,124.5,False,False,False,861.1,393.0
30,A310,2,1998,1998-06-10,2.0151000142097475,833.62,4.699999809265137,728.0,135.0,69,2938,17,124.5,False,False,False,861.1,244.0
30,A310,2,1999,1999-05-22,1.8975000023841857,886.87,4.400000095367432,618.0,135.0,67,3127,18,124.5,False,False,False,861.1,346.0
30,A320,1,1990,1990-05-05,1.4600000023841857,862.54,3.799999952316284,940.0,128.0,67,1423,9,86.39999999999999,False,False,False,878.8999999999999,0.0
30,A320,2,1990,1990-10-19,1.4594000101089477,862.54,3.799999952316284,940.0,128.0,67,1423,9,91.5,False,False,False,884.0,167.0
30,A320,2,1991,1991-11-10,1.4579000115394591,1029.06,3.900000095367432,853.0,123.0,70,1578,10,91.5,False,False,False,884.0,387.0
30,A320,2,1992,1992-08-26,1.4323000073432923,833.43,4.699999809265137,637.0,139.0,66,1746,11,91.5,False,False,False,884.0,290.0
30,A320,2,1993,1993-09-28,1.448199999332428,1090.81,2.0999999046325684,1053.0,116.0,74,1918,12,91.5,False,False,False,884.0,398.0
30,A320,2,1994,1994-07-26,1.4751999974250791,788.25,4.099999904632568,888.0,110.0,68,2113,13,91.5,False,False,False,884.0,301.0
30,A320,2,1995,1995-10-11,1.4341999888420105,1100.82,3.5999999046325684,739.0,154.0,71,2313,14,91.5,False,False,False,884.0,442.0
30,A320,2,1996,1996-09-11,1.471399986743927,1056.05,2.400000095367432,1240.0,119.0,70,2527,15,91.5,False,False,False,884.0,336.0
30,A320,2,1997,1997-10-09,1.5445999979972838,1032.38,3.299999952316284,941.0,118.0,73,2739,16,91.5,False,False,False,884.0,393.0
30,A320,2,1998,1998-06-10,1.62020001411438,833.62,4.699999809265137,728.0,135.0,69,2938,17,91.5,False,False,False,884.0,244.0
30,A320,2,1999,1999-05-22,1.647100019454956,886.87,4.400000095367432,618.0,135.0,67,3127,18,91.5,False,False,False,884.0,346.0
30,A330,1,1990,1990-05-05,1.3543999910354616,862.54,3.799999952316284,940.0,128.0,67,1423,9,86.3,False,False,False,754.3,0.0
30,A330,2,1990,1990-10-19,1.394799995422363,862.54,3.799999952316284,940.0,128.0,67,1423,9,86.3,False,False,False,754.3,167.0
30,A330,2,1991,1991-11-10,1.433900010585785,1029.06,3.900000095367432,853.0,123.0,70,1578,10,86.3,False,False,False,754.3,387.0
30,A330,2,1992,1992-08-26,1.399999988079071,833.43,4.699999809265137,637.0,139.0,66,1746,11,86.3,False,False,False,754.3,290.0
30,A330,2,1993,1993-09-28,1.4009999990463258,1090.81,2.0999999046325684,1053.0,116.0,74,1918,12,86.3,False,False,False,754.3,398.0
30,A330,2,1994,1994-07-26,1.4008000016212463,788.25,4.099999904632568,888.0,110.0,68,2113,13,86.3,False,False,False,754.3,301.0
30,A330,2,1995,1995-10-11,1.388700008392334,1100.82,3.5999999046325684,739.0,154.0,71,2313,14,86.3,False,False,False,754.3,442.0
30,A330,2,1996,1996-09-11,1.435799980163574,1056.05,2.400000095367432,1240.0,119.0,70,2527,15,86.3,False,False,False,754.3,336.0
30,A330,2,1997,1997-10-09,1.45,1032.38,3.299999952316284,941.0,118.0,73,2739,16,86.3,False,False,False,754.3,393.0
30,A330,2,1998,1998-06-10,1.4756999850273131,833.62,4.699999809265137,728.0,135.0,69,2938,17,86.3,False,False,False,754.3,244.0
30,A330,2,1999,1999-05-22,1.5186000108718871,886.87,4.400000095367432,618.0,135.0,67,3127,18,86.3,False,False,False,754.3,346.0
30,A350,1,1990,1990-05-05,1.4105000019073486,862.54,3.799999952316284,940.0,128.0,67,1423,9,78.7,False,False,False,751.8,0.0
30,A350,2,1990,1990-10-19,1.294800007343292,862.54,3.799999952316284,940.0,128.0,67,1423,9,83.8,False,False,False,756.9,167.0
30,A350,2,1991,1991-11-10,1.4457999944686888,1029.06,3.900000095367432,853.0,123.0,70,1578,10,83.8,False,False,False,756.9,387.0
30,A350,2,1992,1992-08-26,1.4330999851226809,833.43,4.699999809265137,637.0,139.0,66,1746,11,83.8,False,False,False,756.9,290.0
30,A350,2,1993,1993-09-28,1.413800024986267,1090.81,2.0999999046325684,1053.0,116.0,74,1918,12,83.8,False,False,False,756.9,398.0
30,A350,2,1994,1994-07-26,1.442900002002716,788.25,4.099999904632568,888.0,110.0,68,2113,13,83.8,False,False,False,756.9,301.0
30,A350,2,1995,1995-10-11,1.3593000054359434,1100.82,3.5999999046325684,739.0,154.0,71,2313,14,83.8,False,False,False,756.9,442.0
30,A350,2,1996,1996-09-11,1.4036999940872192,1056.05,2.400000095367432,1240.0,119.0,70,2527,15,83.8,False,False,False,756.9,336.0
30,A350,2,1997,1997-10-09,1.4355000138282776,1032.38,3.299999952316284,941.0,118.0,73,2739,16,83.8,False,False,False,756.9,393.0
30,A350,2,1998,1998-06-10,1.5543999910354611,833.62,4.699999809265137,728.0,135.0,69,2938,17,83.8,False,False,False,756.9,244.0
30,A350,2,1999,1999-05-22,1.5571999907493592,886.87,4.400000095367432,618.0,135.0,67,3127,18,83.8,False,False,False,756.9,346.0
31,0113,1,1995,1995-11-01,1.435699987411499,982.19,11.399999618530272,248.0,102.0,69,456,1,129.5,False,False,False,942.3,0.0
31,0113,1,1996,1996-04-17,1.8003999829292296,908.07,10.800000190734863,453.0,106.0,64,788,2,129.5,False,False,False,942.3,168.0
31,0113,1,1997,1997-02-18,1.8003000020980835,716.64,11.5,307.0,115.0,68,1024,3,129.5,False,False,False,942.3,307.0
31,0113,1,1998,1998-05-16,1.9466999888420105,936.19,12.600000381469728,230.0,94.0,71,1427,4,129.5,False,False,False,942.3,452.0
31,0113,1,1999,1999-07-25,1.8132500052452087,809.15,12.600000381469728,146.0,101.0,65,1825,5,129.5,False,False,False,942.3,435.0
31,0113,1,2000,2000-03-20,1.88270001411438,643.51,13.0,294.0,103.0,59,2148,6,129.5,False,False,False,942.3,239.0
31,0114,1,1995,1995-11-01,1.105799996852875,982.19,11.399999618530272,248.0,102.0,69,456,1,167.6,False,False,False,1082.0,0.0
31,0114,1,1996,1996-05-07,1.1825666745503742,908.07,10.800000190734863,453.0,106.0,64,788,2,167.6,False,False,False,1082.0,188.0
31,0114,1,1997,1997-07-05,1.2843499898910524,716.64,11.5,307.0,115.0,68,1024,3,167.6,False,False,False,1082.0,424.0
31,0114,1,1998,1998-07-01,1.345525008440018,936.19,12.600000381469728,230.0,94.0,71,1427,4,167.6,False,False,False,1082.0,361.0
31,0114,1,1999,1999-09-08,1.40546665986379,809.15,12.600000381469728,146.0,101.0,65,1825,5,167.6,False,False,False,1082.0,434.0
31,0114,1,2000,2000-05-10,1.4065999865531922,643.51,13.0,294.0,103.0,59,2148,6,167.6,False,False,False,1082.0,245.0
31,0114,2,2001,2001-07-26,1.1321250021457672,938.25,12.5,253.0,106.0,66,2441,7,162.6,False,False,False,1077.0,442.0
31,0114,2,2002,2002-04-18,1.0599666635195415,500.77,12.5,185.0,122.0,61,2741,8,162.6,False,False,False,1077.0,266.0
31,0115,1,1995,1995-11-01,1.066200006008148,982.19,11.399999618530272,248.0,102.0,69,456,1,170.2,False,True,False,993.2,0.0
31,0115,1,1996,1996-04-17,1.189200019836426,908.07,10.800000190734863,453.0,106.0,64,788,2,170.2,False,True,False,993.2,168.0
31,0115,1,1997,1997-02-18,1.0175999879837037,716.64,11.5,307.0,115.0,68,1024,3,170.2,False,True,False,993.2,307.0
31,0115,1,1998,1998-05-16,1.0496000051498413,936.19,12.600000381469728,230.0,94.0,71,1427,4,170.2,False,True,False,993.2,452.0
31,0115,1,1999,1999-07-25,1.078849995136261,809.15,12.600000381469728,146.0,101.0,65,1825,5,170.2,False,True,False,993.2,435.0
31,0115,1,2000,2000-03-20,1.106599998474121,643.51,13.0,294.0,103.0,59,2148,6,170.2,False,True,False,993.2,239.0
31,0115,2,2001,2001-05-16,1.085700011253357,938.25,12.5,253.0,106.0,66,2441,7,162.6,False,True,False,985.6,422.0
31,0115,2,2002,2002-04-24,1.0341000080108642,500.77,12.5,185.0,122.0,61,2741,8,162.6,False,True,False,985.6,343.0
31,0116,1,1995,1995-11-01,1.0628000020980837,982.19,11.399999618530272,248.0,102.0,69,456,1,104.1,False,True,False,1016.0,0.0
31,0116,1,1996,1996-04-17,1.1962000012397769,908.07,10.800000190734863,453.0,106.0,64,788,2,104.1,False,True,False,1016.0,168.0
31,0116,1,1997,1997-02-18,1.229099977016449,716.64,11.5,307.0,115.0,68,1024,3,104.1,False,True,False,1016.0,307.0
31,0116,1,1998,1998-05-16,1.228700006008148,936.19,12.600000381469728,230.0,94.0,71,1427,4,104.1,False,True,False,1016.0,452.0
31,0116,1,1999,1999-07-25,1.2390500068664552,809.15,12.600000381469728,146.0,101.0,65,1825,5,104.1,False,True,False,1016.0,435.0
31,0116,1,2000,2000-03-20,1.2867999911308288,643.51,13.0,294.0,103.0,59,2148,6,104.1,False,True,False,1016.0,239.0
31,0116,2,2001,2001-05-16,1.0871000111103055,938.25,12.5,253.0,106.0,66,2441,7,96.5,False,True,False,1008.4,422.0
31,0116,2,2002,2002-04-24,1.0458000004291534,500.77,12.5,185.0,122.0,61,2741,8,96.5,False,True,False,1008.4,343.0
31,0117,1,1995,1995-11-01,1.1167999982833865,982.19,11.399999618530272,248.0,102.0,69,456,1,180.3,False,True,False,988.0,0.0
31,0117,1,1996,1996-04-17,1.2758000016212463,908.07,10.800000190734863,453.0,106.0,64,788,2,180.3,False,True,False,988.0,168.0
31,0117,1,1997,1997-02-18,1.0276000201702118,716.64,11.5,307.0,115.0,68,1024,3,180.3,False,True,False,988.0,307.0
31,0117,1,1998,1998-05-16,1.0888000011444092,936.19,12.600000381469728,230.0,94.0,71,1427,4,180.3,False,True,False,988.0,452.0
31,0117,1,1999,1999-07-25,1.06004998087883,809.15,12.600000381469728,146.0,101.0,65,1825,5,180.3,False,True,False,988.0,435.0
31,0117,1,2000,2000-03-20,1.0860000133514405,643.51,13.0,294.0,103.0,59,2148,6,180.3,False,True,False,988.0,239.0
31,0117,2,2001,2001-05-16,1.1122999787330627,938.25,12.5,253.0,106.0,66,2441,7,167.6,False,True,False,975.3,422.0
31,0117,2,2002,2002-04-24,0.8922999978065491,500.77,12.5,185.0,122.0,61,2741,8,167.6,False,True,False,975.3,343.0
31,0118,1,1995,1995-11-01,1.1378999948501587,982.19,11.399999618530272,248.0,102.0,69,456,1,109.2,False,True,False,1028.7,0.0
31,0118,1,1996,1996-04-17,1.3014999985694886,908.07,10.800000190734863,453.0,106.0,64,788,2,109.2,False,True,False,1028.7,168.0
31,0118,1,1997,1997-02-18,1.3174999952316284,716.64,11.5,307.0,115.0,68,1024,3,109.2,False,True,False,1028.7,307.0
31,0118,1,1998,1998-05-16,1.3282999992370603,936.19,12.600000381469728,230.0,94.0,71,1427,4,109.2,False,True,False,1028.7,452.0
31,0118,1,1999,1999-07-25,1.3092500030994416,809.15,12.600000381469728,146.0,101.0,65,1825,5,109.2,False,True,False,1028.7,435.0
31,0118,1,2000,2000-03-20,1.3091999888420105,643.51,13.0,294.0,103.0,59,2148,6,109.2,False,True,False,1028.7,239.0
31,0118,2,2001,2001-05-16,1.08270001411438,938.25,12.5,253.0,106.0,66,2441,7,101.6,False,True,False,1021.1,422.0
31,0118,2,2002,2002-04-24,0.9344999969005584,500.77,12.5,185.0,122.0,61,2741,8,101.6,False,True,False,1021.1,343.0
31,0119,1,1995,1995-11-01,1.2309000015258789,982.19,11.399999618530272,248.0,102.0,69,456,1,198.1,False,True,False,706.1,0.0
31,0119,1,1996,1996-04-17,1.366400015354157,908.07,10.800000190734863,453.0,106.0,64,788,2,198.1,False,True,False,706.1,168.0
31,0119,1,1997,1997-02-18,1.3119999885559084,716.64,11.5,307.0,115.0,68,1024,3,198.1,False,True,False,706.1,307.0
31,0119,1,1998,1998-05-16,1.313599991798401,936.19,12.600000381469728,230.0,94.0,71,1427,4,198.1,False,True,False,706.1,452.0
31,0119,1,1999,1999-07-25,1.3032499969005586,809.15,12.600000381469728,146.0,101.0,65,1825,5,198.1,False,True,False,706.1,435.0
31,0119,1,2000,2000-03-20,1.3416999936103822,643.51,13.0,294.0,103.0,59,2148,6,198.1,False,True,False,706.1,239.0
31,0119,2,2001,2001-05-16,1.1984000086784363,938.25,12.5,253.0,106.0,66,2441,7,185.4,False,True,False,693.4,422.0
31,0119,2,2002,2002-04-24,1.0000999927520753,500.77,12.5,185.0,122.0,61,2741,8,185.4,False,True,False,693.4,343.0
31,0120,1,1995,1995-11-01,1.2641000151634216,982.19,11.399999618530272,248.0,102.0,69,456,1,106.7,False,True,False,1021.1,0.0
31,0120,1,1996,1996-04-17,1.380299997329712,908.07,10.800000190734863,453.0,106.0,64,788,2,106.7,False,True,False,1021.1,168.0
31,0120,1,1997,1997-02-18,1.30900000333786,716.64,11.5,307.0,115.0,68,1024,3,106.7,False,True,False,1021.1,307.0
31,0120,1,1998,1998-05-16,1.3876999974250794,936.19,12.600000381469728,230.0,94.0,71,1427,4,106.7,False,True,False,1021.1,452.0
31,0120,1,1999,1999-07-25,1.3505000054836271,809.15,12.600000381469728,146.0,101.0,65,1825,5,106.7,False,True,False,1021.1,435.0
31,0120,1,2000,2000-03-20,1.3794000029563902,643.51,13.0,294.0,103.0,59,2148,6,106.7,False,True,False,1021.1,239.0
31,0120,2,2001,2001-05-16,1.2115999937057496,938.25,12.5,253.0,106.0,66,2441,7,104.1,False,True,False,1018.5,422.0
31,0120,2,2002,2002-04-24,1.0965999960899353,500.77,12.5,185.0,122.0,61,2741,8,104.1,False,True,False,1018.5,343.0
31,0121,1,1995,1995-11-01,1.2133000016212463,982.19,11.399999618530272,248.0,102.0,69,456,1,121.9,False,True,False,1137.9,0.0
31,0121,1,1996,1996-04-17,1.3161999821662902,908.07,10.800000190734863,453.0,106.0,64,788,2,121.9,False,True,False,1137.9,168.0
31,0121,1,1997,1997-02-18,1.2758000016212463,716.64,11.5,307.0,115.0,68,1024,3,121.9,False,True,False,1137.9,307.0
31,0121,1,1998,1998-05-16,1.3546000003814698,936.19,12.600000381469728,230.0,94.0,71,1427,4,121.9,False,True,False,1137.9,452.0
31,0121,1,1999,1999-07-25,1.4343500077724456,809.15,12.600000381469728,146.0,101.0,65,1825,5,121.9,False,True,False,1137.9,435.0
31,0121,1,2000,2000-03-20,1.4931999921798704,643.51,13.0,294.0,103.0,59,2148,6,121.9,False,True,False,1137.9,239.0
31,0121,2,2001,2001-05-16,1.3728999853134156,938.25,12.5,253.0,106.0,66,2441,7,109.2,False,True,False,1125.2,422.0
31,0121,2,2002,2002-04-24,1.2473000049591063,500.77,12.5,185.0,122.0,61,2741,8,109.2,False,True,False,1125.2,343.0
31,0122,1,1995,1995-11-01,1.1156999826431275,982.19,11.399999618530272,248.0,102.0,69,456,1,96.5,False,True,False,919.5,0.0
31,0122,1,1996,1996-04-17,1.3695000171661378,908.07,10.800000190734863,453.0,106.0,64,788,2,96.5,False,True,False,919.5,168.0
31,0122,1,1997,1997-02-18,1.4323999881744385,716.64,11.5,307.0,115.0,68,1024,3,96.5,False,True,False,919.5,307.0
31,0122,1,1998,1998-05-16,1.4238999843597413,936.19,12.600000381469728,230.0,94.0,71,1427,4,96.5,False,True,False,919.5,452.0
31,0122,1,1999,1999-07-25,1.3926499903202056,809.15,12.600000381469728,146.0,101.0,65,1825,5,96.5,False,True,False,919.5,435.0
31,0122,1,2000,2000-03-20,1.4257000088691711,643.51,13.0,294.0,103.0,59,2148,6,96.5,False,True,False,919.5,239.0
31,0122,2,2001,2001-05-16,1.1800999879837035,938.25,12.5,253.0,106.0,66,2441,7,91.4,False,True,False,914.4,422.0
31,0122,2,2002,2002-04-24,1.1432999849319456,500.77,12.5,185.0,122.0,61,2741,8,91.4,False,True,False,914.4,343.0
31,0123,1,1995,1995-11-01,0.9137999892234804,982.19,11.399999618530272,248.0,102.0,69,456,1,182.9,False,True,False,792.5,0.0
31,0123,1,1996,1996-04-17,1.0580000042915343,908.07,10.800000190734863,453.0,106.0,64,788,2,182.9,False,True,False,792.5,168.0
31,0123,1,1997,1997-02-18,1.0075999915599825,716.64,11.5,307.0,115.0,68,1024,3,182.9,False,True,False,792.5,307.0
31,0123,1,1998,1998-05-16,1.0912999987602234,936.19,12.600000381469728,230.0,94.0,71,1427,4,182.9,False,True,False,792.5,452.0
31,0123,1,1999,1999-07-25,1.0030499994754791,809.15,12.600000381469728,146.0,101.0,65,1825,5,182.9,False,True,False,792.5,435.0
31,0123,1,2000,2000-03-20,0.9843999981880188,643.51,13.0,294.0,103.0,59,2148,6,182.9,False,True,False,792.5,239.0
31,0123,2,2001,2001-05-16,0.9273999989032746,938.25,12.5,253.0,106.0,66,2441,7,180.3,False,True,False,789.9,422.0
31,0123,2,2002,2002-04-24,0.7823000013828278,500.77,12.5,185.0,122.0,61,2741,8,180.3,False,True,False,789.9,343.0
31,0124,1,1995,1995-11-01,1.010900014638901,982.19,11.399999618530272,248.0,102.0,69,456,1,195.6,False,True,False,1226.8,0.0
31,0124,1,1996,1996-04-17,1.1599999904632567,908.07,10.800000190734863,453.0,106.0,64,788,2,195.6,False,True,False,1226.8,168.0
31,0124,1,1997,1997-02-18,1.012800008058548,716.64,11.5,307.0,115.0,68,1024,3,195.6,False,True,False,1226.8,307.0
31,0124,1,1998,1998-05-16,1.0474000155925751,936.19,12.600000381469728,230.0,94.0,71,1427,4,195.6,False,True,False,1226.8,452.0
31,0124,1,1999,1999-07-25,1.0212999999523162,809.15,12.600000381469728,146.0,101.0,65,1825,5,195.6,False,True,False,1226.8,435.0
31,0124,1,2000,2000-03-20,1.0811999976634978,643.51,13.0,294.0,103.0,59,2148,6,195.6,False,True,False,1226.8,239.0
31,0124,2,2001,2001-05-16,1.0929000079631803,938.25,12.5,253.0,106.0,66,2441,7,188.0,False,True,False,1219.2,422.0
31,0124,2,2002,2002-04-24,0.91700000166893,500.77,12.5,185.0,122.0,61,2741,8,188.0,False,True,False,1219.2,343.0
31,1030,2,1990,1990-04-24,1.1,508.68,12.300000190734863,240.0,109.0,55,1050,9,185.4,False,False,False,185.4,0.0
31,1030,2,1991,1991-06-10,1.2242500066757205,652.96,12.199999809265137,229.0,121.0,58,1141,10,185.4,False,False,False,185.4,412.0
31,1030,2,1992,1992-05-06,1.5920000195503234,807.23,11.199999809265137,184.0,116.0,64,1238,11,185.4,False,False,False,185.4,331.0
31,1030,2,1993,1993-11-26,1.7118000030517575,1163.07,9.600000381469728,407.0,115.0,69,1335,12,185.4,False,False,False,185.4,569.0
31,1030,2,1994,1994-08-21,2.093399977684021,536.56,11.600000381469728,317.0,115.0,62,1432,13,185.4,False,False,False,185.4,268.0
31,1030,2,1995,1995-10-29,2.182799983024597,637.58,11.5,216.0,113.0,61,1513,14,185.4,False,False,False,185.4,434.0
31,1030,3,1996,1996-09-19,1.0272000074386596,726.0,10.100000381469728,440.0,112.0,63,1633,15,187.9,False,False,False,187.9,326.0
31,1030,3,1997,1997-02-17,1.0474999845027924,591.7,11.399999618530272,281.0,117.0,62,1755,16,187.9,False,False,False,187.9,151.0
31,1030,3,1998,1998-05-18,1.8129999876022336,571.07,12.399999618530272,187.0,110.0,61,1878,17,187.9,False,False,False,187.9,455.0
31,6700,2,1990,1990-04-16,1.2927000164985656,571.55,12.100000381469728,245.0,107.0,57,1609,15,236.3,False,False,False,236.3,0.0
31,6700,3,1991,1991-08-15,1.445899987220764,595.07,12.100000381469728,252.0,114.0,59,1690,16,236.3,False,False,False,236.3,486.0
31,6700,3,1992,1992-05-06,1.389299988746643,839.6,11.199999809265137,192.0,118.0,65,1791,17,236.3,False,False,False,236.3,265.0
31,6700,3,1993,1993-11-27,1.5717999935150146,1268.04,9.5,418.0,111.0,72,1888,18,236.3,False,False,False,236.3,570.0
31,6700,4,1994,1994-08-22,1.937400007247925,552.47,11.199999809265137,356.0,113.0,65,1997,19,236.3,False,False,False,236.3,268.0
31,6700,4,1995,1995-10-29,2.061199986934662,692.76,11.199999809265137,240.0,115.0,64,2107,20,236.3,False,False,False,236.3,433.0
31,6700,4,1997,1997-02-18,2.411099982261658,726.18,11.199999809265137,305.0,117.0,63,2326,22,236.3,False,False,False,236.3,478.0
31,6700,5,1998,1998-05-18,0.779499989748001,728.25,12.300000190734863,210.0,106.0,64,2430,23,246.5,False,False,False,246.5,454.0
31,6700,6,1999,1999-05-09,0.8696999967098236,824.99,12.199999809265137,127.0,115.0,61,2555,24,246.5,False,False,False,246.5,356.0
31,6700,6,2000,2000-03-19,0.9675000071525574,485.39,12.199999809265137,300.0,107.0,57,2670,25,246.5,False,False,False,246.5,315.0
31,6700,7,2001,2001-05-14,1.2071999967098237,794.57,12.199999809265137,230.0,111.0,62,2817,26,246.5,False,False,False,246.5,421.0
31,6700,8,2002,2002-09-12,1.529799997806549,423.27,12.199999809265137,206.0,123.0,55,2955,27,269.4,False,False,False,269.4,486.0
31,6700,8,2004,2004-04-17,1.6105999946594238,665.92,11.899999618530272,272.0,100.0,62,3237,29,269.4,False,False,False,269.4,583.0
31,A310,1,1990,1990-05-02,0.8483000099658966,508.68,12.300000190734863,240.0,109.0,55,1050,9,177.8,False,False,False,177.8,0.0
31,A310,2,1991,1991-06-10,0.7850999981164932,652.96,12.199999809265137,229.0,121.0,58,1141,10,203.2,False,False,False,203.2,404.0
31,A310,2,1992,1992-05-06,0.7658999919891358,807.23,11.199999809265137,184.0,116.0,64,1238,11,203.2,False,False,False,203.2,331.0
31,A310,2,1993,1993-11-26,1.014100009202957,1163.07,9.600000381469728,407.0,115.0,69,1335,12,203.2,False,False,False,203.2,569.0
31,A310,2,1994,1994-08-21,1.2960999965667723,536.56,11.600000381469728,317.0,115.0,62,1432,13,203.2,False,False,False,203.2,268.0
31,A310,2,1995,1995-10-29,1.5314999938011171,637.58,11.5,216.0,113.0,61,1513,14,203.2,False,False,False,203.2,434.0
31,A310,3,1997,1997-02-17,1.8758999824523923,591.7,11.399999618530272,281.0,117.0,62,1755,16,203.2,False,False,False,203.2,477.0
31,A310,3,1998,1998-05-18,2.4770000219345096,571.07,12.399999618530272,187.0,110.0,61,1878,17,203.2,False,False,False,203.2,455.0
31,A320,1,1990,1990-05-02,1.0759999990463256,508.68,12.300000190734863,240.0,109.0,55,1050,9,185.4,False,False,False,185.4,0.0
31,A320,2,1991,1991-06-10,1.144900006055832,652.96,12.199999809265137,229.0,121.0,58,1141,10,187.9,False,False,False,187.9,404.0
31,A320,2,1992,1992-05-06,1.2136000156402589,807.23,11.199999809265137,184.0,116.0,64,1238,11,187.9,False,False,False,187.9,331.0
31,A320,2,1993,1993-11-26,1.274899995326996,1163.07,9.600000381469728,407.0,115.0,69,1335,12,187.9,False,False,False,187.9,569.0
31,A320,2,1994,1994-08-21,1.4034000039100647,536.56,11.600000381469728,317.0,115.0,62,1432,13,187.9,False,False,False,187.9,268.0
31,A320,2,1995,1995-10-29,1.4472999930381776,637.58,11.5,216.0,113.0,61,1513,14,187.9,False,False,False,187.9,434.0
31,A320,3,1996,1996-09-19,1.3662000060081485,726.0,10.100000381469728,440.0,112.0,63,1633,15,187.9,False,False,False,187.9,326.0
31,A320,3,1997,1997-02-17,1.5902000069618225,591.7,11.399999618530272,281.0,117.0,62,1755,16,187.9,False,False,False,187.9,151.0
31,A320,3,1998,1998-05-18,2.152100002765656,571.07,12.399999618530272,187.0,110.0,61,1878,17,187.9,False,False,False,187.9,455.0
31,A330,1,1990,1990-05-02,0.9162000000476838,508.68,12.300000190734863,240.0,109.0,55,1050,9,182.9,False,False,False,182.9,0.0
31,A330,2,1991,1991-06-10,0.9436000108718872,652.96,12.199999809265137,229.0,121.0,58,1141,10,182.9,False,False,False,182.9,404.0
31,A330,2,1992,1992-05-06,0.9727999985218048,807.23,11.199999809265137,184.0,116.0,64,1238,11,182.9,False,False,False,182.9,331.0
31,A330,2,1993,1993-11-26,1.1170999884605406,1163.07,9.600000381469728,407.0,115.0,69,1335,12,182.9,False,False,False,182.9,569.0
31,A330,2,1994,1994-08-21,1.100700008869171,536.56,11.600000381469728,317.0,115.0,62,1432,13,182.9,False,False,False,182.9,268.0
31,A330,2,1995,1995-10-29,1.166200029850006,637.58,11.5,216.0,113.0,61,1513,14,182.9,False,False,False,182.9,434.0
31,A330,4,1996,1996-09-19,0.8718999981880188,726.0,10.100000381469728,440.0,112.0,63,1633,15,193.1,False,False,False,193.1,326.0
31,A330,4,1997,1997-02-17,1.1161000072956084,591.7,11.399999618530272,281.0,117.0,62,1755,16,193.1,False,False,False,193.1,151.0
31,A330,4,1998,1998-05-18,1.3222000002861023,571.07,12.399999618530272,187.0,110.0,61,1878,17,193.1,False,False,False,193.1,455.0
31,A340,1,1990,1990-05-02,0.8900999963283539,508.68,12.300000190734863,240.0,109.0,55,1050,9,177.8,False,False,False,177.8,0.0
31,A340,1,1991,1991-06-10,0.977649998664856,652.96,12.199999809265137,229.0,121.0,58,1141,10,177.8,False,False,False,177.8,404.0
31,A340,1,1992,1992-05-06,1.0397999942302705,807.23,11.199999809265137,184.0,116.0,64,1238,11,177.8,False,False,False,177.8,331.0
31,A340,1,1993,1993-11-26,1.1923999905586242,1163.07,9.600000381469728,407.0,115.0,69,1335,12,177.8,False,False,False,177.8,569.0
31,A340,1,1994,1994-08-21,1.354600012302399,536.56,11.600000381469728,317.0,115.0,62,1432,13,177.8,False,False,False,177.8,268.0
31,A340,1,1995,1995-10-29,1.4656000137329102,637.58,11.5,216.0,113.0,61,1513,14,177.8,False,False,False,177.8,434.0
31,A340,1,1996,1996-09-19,1.7067999958992006,726.0,10.100000381469728,440.0,112.0,63,1633,15,177.8,False,False,False,177.8,326.0
31,A340,1,1997,1997-02-17,1.9401000380516047,591.7,11.399999618530272,281.0,117.0,62,1755,16,177.8,False,False,False,177.8,151.0
31,A340,1,1998,1998-05-18,2.5353000164031982,571.07,12.399999618530272,187.0,110.0,61,1878,17,177.8,False,False,False,177.8,455.0
31,A350,1,1990,1990-05-02,1.128800004720688,508.68,12.300000190734863,240.0,109.0,55,1050,9,215.9,False,False,False,215.9,0.0
31,A350,2,1991,1991-06-10,1.1578500002622605,652.96,12.199999809265137,229.0,121.0,58,1141,10,221.0,False,False,False,221.0,404.0
31,A350,2,1992,1992-05-06,1.1646000027656556,807.23,11.199999809265137,184.0,116.0,64,1238,11,221.0,False,False,False,221.0,331.0
31,A350,2,1993,1993-11-26,1.4056000113487244,1163.07,9.600000381469728,407.0,115.0,69,1335,12,221.0,False,False,False,221.0,569.0
31,A350,2,1994,1994-08-21,1.5380000114440917,536.56,11.600000381469728,317.0,115.0,62,1432,13,221.0,False,False,False,221.0,268.0
31,A350,2,1995,1995-10-29,1.8286999940872195,637.58,11.5,216.0,113.0,61,1513,14,221.0,False,False,False,221.0,434.0
31,A350,3,1996,1996-09-19,1.812999999523163,726.0,10.100000381469728,440.0,112.0,63,1633,15,221.0,False,False,False,221.0,326.0
31,A350,3,1997,1997-02-17,2.4319000244140625,591.7,11.399999618530272,281.0,117.0,62,1755,16,221.0,False,False,False,221.0,151.0
31,A350,3,1998,1998-05-18,2.246399998664856,571.07,12.399999618530272,187.0,110.0,61,1878,17,221.0,False,False,False,221.0,455.0
31,A351,1,1990,1990-05-02,0.8301999986171722,508.68,12.300000190734863,240.0,109.0,55,1050,9,236.2,False,False,False,236.2,0.0
31,A351,2,1991,1991-06-10,0.852700001001358,652.96,12.199999809265137,229.0,121.0,58,1141,10,238.7,False,False,False,238.7,404.0
31,A351,2,1992,1992-05-06,0.8160000085830689,807.23,11.199999809265137,184.0,116.0,64,1238,11,238.7,False,False,False,238.7,331.0
31,A351,2,1993,1993-11-26,1.0625000178813933,1163.07,9.600000381469728,407.0,115.0,69,1335,12,238.7,False,False,False,238.7,569.0
31,A351,2,1994,1994-08-21,1.1089000046253203,536.56,11.600000381469728,317.0,115.0,62,1432,13,238.7,False,False,False,238.7,268.0
31,A351,2,1995,1995-10-29,1.326499992609024,637.58,11.5,216.0,113.0,61,1513,14,238.7,False,False,False,238.7,434.0
31,A351,3,1996,1996-09-19,1.4312000036239625,726.0,10.100000381469728,440.0,112.0,63,1633,15,238.7,False,False,False,238.7,326.0
31,A351,3,1997,1997-02-17,1.9105000019073488,591.7,11.399999618530272,281.0,117.0,62,1755,16,238.7,False,False,False,238.7,151.0
31,A351,3,1998,1998-05-18,2.2194000005722048,571.07,12.399999618530272,187.0,110.0,61,1878,17,238.7,False,False,False,238.7,455.0
31,A352,1,1990,1990-05-02,0.8867000043392181,508.68,12.300000190734863,240.0,109.0,55,1050,9,236.2,False,False,False,236.2,0.0
31,A352,2,1991,1991-06-10,0.8812500059604644,652.96,12.199999809265137,229.0,121.0,58,1141,10,238.7,False,False,False,238.7,404.0
31,A352,2,1992,1992-05-06,0.8998000085353852,807.23,11.199999809265137,184.0,116.0,64,1238,11,238.7,False,False,False,238.7,331.0
31,A352,2,1993,1993-11-26,0.970000010728836,1163.07,9.600000381469728,407.0,115.0,69,1335,12,238.7,False,False,False,238.7,569.0
31,A352,2,1994,1994-08-21,1.1429000079631804,536.56,11.600000381469728,317.0,115.0,62,1432,13,238.7,False,False,False,238.7,268.0
31,A352,2,1995,1995-10-29,1.2863999962806705,637.58,11.5,216.0,113.0,61,1513,14,238.7,False,False,False,238.7,434.0
31,A352,3,1996,1996-09-19,1.3872999906539918,726.0,10.100000381469728,440.0,112.0,63,1633,15,238.7,False,False,False,238.7,326.0
31,A352,3,1997,1997-02-17,1.828799998760224,591.7,11.399999618530272,281.0,117.0,62,1755,16,238.7,False,False,False,238.7,151.0
31,A352,3,1998,1998-05-18,2.0153000116348267,571.07,12.399999618530272,187.0,110.0,61,1878,17,238.7,False,False,False,238.7,455.0
31,A353,1,1990,1990-05-02,1.1723000049591064,508.68,12.300000190734863,240.0,109.0,55,1050,9,269.2,False,False,False,269.2,0.0
31,A353,2,1991,1991-06-10,1.169199997186661,652.96,12.199999809265137,229.0,121.0,58,1141,10,271.7,False,False,False,271.7,404.0
31,A353,2,1992,1992-05-06,1.2449000000953676,807.23,11.199999809265137,184.0,116.0,64,1238,11,271.7,False,False,False,271.7,331.0
31,A353,2,1993,1993-11-26,1.358899986743927,1163.07,9.600000381469728,407.0,115.0,69,1335,12,271.7,False,False,False,271.7,569.0
31,A353,2,1994,1994-08-21,1.402899992465973,536.56,11.600000381469728,317.0,115.0,62,1432,13,271.7,False,False,False,271.7,268.0
31,A353,2,1995,1995-10-29,1.591100001335144,637.58,11.5,216.0,113.0,61,1513,14,271.7,False,False,False,271.7,434.0
31,A353,3,1996,1996-09-19,1.7983000040054322,726.0,10.100000381469728,440.0,112.0,63,1633,15,271.7,False,False,False,271.7,326.0
31,A353,3,1997,1997-02-17,2.276600015163422,591.7,11.399999618530272,281.0,117.0,62,1755,16,271.7,False,False,False,271.7,151.0
31,A353,3,1998,1998-05-18,2.240999972820282,571.07,12.399999618530272,187.0,110.0,61,1878,17,271.7,False,False,False,271.7,455.0
32,0101,1,1996,1996-12-03,0.8307000041007996,361.91,10.399999618530272,174.0,146.0,47,2313,4,182.9,False,False,True,1282.7,0.0
32,0101,1,1997,1997-07-13,0.8242799997329712,348.41,10.100000381469728,182.0,137.0,50,3525,5,182.9,False,False,True,1282.7,222.0
32,0101,1,1998,1998-08-28,0.83989999294281,446.0,9.300000190734863,160.0,151.0,53,4812,6,182.9,False,False,True,1282.7,411.0
32,0101,1,1999,1999-10-16,0.8171000003814697,228.92,10.5,80.0,153.0,41,6208,7,182.9,False,False,True,1282.7,414.0
32,0101,1,2000,2000-06-25,0.8127000010013581,249.93,10.899999618530272,92.0,144.0,44,7577,8,182.9,False,False,True,1282.7,253.0
32,0101,1,2001,2001-07-15,0.8092000019550323,237.53,11.100000381469728,180.0,124.0,43,8833,9,182.9,False,False,True,1282.7,385.0
32,0101,1,2002,2002-02-24,0.8111999928951263,243.08,10.600000381469728,145.0,133.0,43,10118,10,182.9,False,False,True,1282.7,224.0
32,0101,2,2002,2002-08-07,0.7975999981164932,243.08,10.600000381469728,145.0,133.0,43,10118,10,182.9,False,False,True,1282.7,164.0
32,0101,2,2003,2003-05-04,0.7895666718482972,359.64,11.300000190734863,90.0,134.0,45,11522,11,182.9,False,False,True,1282.7,270.0
32,0101,2,2004,2004-05-19,0.8033499985933303,323.25,10.600000381469728,181.0,116.0,48,13001,12,182.9,False,False,True,1282.7,381.0
32,0101,2,2006,2006-08-27,0.8033999979496003,341.53,10.699999809265137,154.0,135.0,45,15497,14,182.9,False,False,True,1282.7,830.0
32,0101,3,2009,2009-06-24,0.9552000045776368,359.79,9.899999618530272,205.0,139.0,47,18597,17,182.9,False,False,True,1282.7,1032.0
32,0102,1,1997,1997-08-05,0.6805999994277954,348.41,10.100000381469728,182.0,137.0,50,3525,5,109.2,False,False,True,1254.8,0.0
32,0102,1,1998,1998-08-28,0.7358000040054322,446.0,9.300000190734863,160.0,151.0,53,4812,6,109.2,False,False,True,1254.8,388.0
32,0102,2,1999,1999-10-16,0.9200999975204468,228.92,10.5,80.0,153.0,41,6208,7,109.2,False,False,True,1254.8,414.0
32,0102,2,2000,2000-06-14,0.9139999985694884,249.93,10.899999618530272,92.0,144.0,44,7577,8,109.2,False,False,True,1254.8,242.0
32,0102,2,2001,2001-06-19,1.1699000120162966,237.53,11.100000381469728,180.0,124.0,43,8833,9,109.2,False,False,True,1254.8,370.0
32,0102,3,2002,2002-07-05,0.9623000055551528,243.08,10.600000381469728,145.0,133.0,43,10118,10,109.2,False,False,True,1254.8,381.0
32,0102,3,2003,2003-10-13,1.402999997138977,359.64,11.300000190734863,90.0,134.0,45,11522,11,109.2,False,False,True,1254.8,465.0
32,0102,3,2004,2004-04-15,2.590400004386902,323.25,10.600000381469728,181.0,116.0,48,13001,12,109.2,False,False,True,1254.8,185.0
32,0103,1,1997,1997-08-05,0.7268499940633775,348.41,10.100000381469728,182.0,137.0,50,3525,5,104.1,False,True,True,1254.6999999999998,0.0
32,0103,1,1998,1998-08-28,0.7370999872684478,446.0,9.300000190734863,160.0,151.0,53,4812,6,104.1,False,True,True,1254.6999999999998,388.0
32,0103,1,1999,1999-10-16,0.7541000068187713,228.92,10.5,80.0,153.0,41,6208,7,104.1,False,True,True,1254.6999999999998,414.0
32,0103,1,2000,2000-06-14,0.7275000035762786,249.93,10.899999618530272,92.0,144.0,44,7577,8,104.1,False,True,True,1254.6999999999998,242.0
32,0103,1,2001,2001-06-19,0.7304000079631805,237.53,11.100000381469728,180.0,124.0,43,8833,9,104.1,False,True,True,1254.6999999999998,370.0
32,0103,2,2002,2002-07-05,0.7203499972820282,243.08,10.600000381469728,145.0,133.0,43,10118,10,104.1,False,True,True,1254.6999999999998,381.0
32,0103,2,2003,2003-10-13,0.6985999882221222,359.64,11.300000190734863,90.0,134.0,45,11522,11,104.1,False,True,True,1254.6999999999998,465.0
32,0103,2,2004,2004-04-15,0.7012000024318694,323.25,10.600000381469728,181.0,116.0,48,13001,12,104.1,False,True,True,1254.6999999999998,185.0
32,0104,1,1997,1997-08-05,0.6664500027894973,348.41,10.100000381469728,182.0,137.0,50,3525,5,185.4,False,True,True,1272.6,0.0
32,0104,1,1998,1998-08-28,0.673499995470047,446.0,9.300000190734863,160.0,151.0,53,4812,6,185.4,False,True,True,1272.6,388.0
32,0104,1,1999,1999-10-16,0.6626000046730041,228.92,10.5,80.0,153.0,41,6208,7,185.4,False,True,True,1272.6,414.0
32,0104,1,2000,2000-06-14,0.6429999947547913,249.93,10.899999618530272,92.0,144.0,44,7577,8,185.4,False,True,True,1272.6,242.0
32,0104,1,2001,2001-06-19,0.6445000052452088,237.53,11.100000381469728,180.0,124.0,43,8833,9,185.4,False,True,True,1272.6,370.0
32,0104,2,2002,2002-07-05,0.6467500001192092,243.08,10.600000381469728,145.0,133.0,43,10118,10,185.4,False,True,True,1272.6,381.0
32,0104,2,2003,2003-10-13,0.6466000020503997,359.64,11.300000190734863,90.0,134.0,45,11522,11,185.4,False,True,True,1272.6,465.0
32,0104,2,2004,2004-08-04,0.6568999946117402,323.25,10.600000381469728,181.0,116.0,48,13001,12,185.4,False,True,True,1272.6,296.0
32,0104,2,2006,2006-08-27,0.6464000046253204,341.53,10.699999809265137,154.0,135.0,45,15497,14,185.4,False,True,True,1272.6,753.0
32,0104,3,2009,2009-06-24,0.6804000020027161,359.79,9.899999618530272,205.0,139.0,47,18597,17,185.4,False,True,True,1272.6,1032.0
32,0105,1,1997,1997-08-05,0.7310999959707261,348.41,10.100000381469728,182.0,137.0,50,3525,5,106.7,False,True,True,1226.8,0.0
32,0105,1,1998,1998-08-28,0.7322999954223632,446.0,9.300000190734863,160.0,151.0,53,4812,6,106.7,False,True,True,1226.8,388.0
32,0105,1,1999,1999-10-16,0.7211000025272369,228.92,10.5,80.0,153.0,41,6208,7,106.7,False,True,True,1226.8,414.0
32,0105,1,2000,2000-06-14,0.7046999990940094,249.93,10.899999618530272,92.0,144.0,44,7577,8,106.7,False,True,True,1226.8,242.0
32,0105,1,2001,2001-06-19,0.7053000032901764,237.53,11.100000381469728,180.0,124.0,43,8833,9,106.7,False,True,True,1226.8,370.0
32,0105,2,2002,2002-07-05,0.7016999989748001,243.08,10.600000381469728,145.0,133.0,43,10118,10,106.7,False,True,True,1226.8,381.0
32,0105,2,2003,2003-10-13,0.6994000017642975,359.64,11.300000190734863,90.0,134.0,45,11522,11,106.7,False,True,True,1226.8,465.0
32,0105,2,2004,2004-04-15,0.7046000063419342,323.25,10.600000381469728,181.0,116.0,48,13001,12,106.7,False,True,True,1226.8,185.0
32,0106,1,1997,1997-08-05,0.6569499969482422,348.41,10.100000381469728,182.0,137.0,50,3525,5,182.9,False,True,True,1270.0,0.0
32,0106,1,1998,1998-08-28,0.6807000041007996,446.0,9.300000190734863,160.0,151.0,53,4812,6,182.9,False,True,True,1270.0,388.0
32,0106,1,1999,1999-10-16,0.6711999952793122,228.92,10.5,80.0,153.0,41,6208,7,182.9,False,True,True,1270.0,414.0
32,0106,1,2000,2000-06-14,0.6561999976634979,249.93,10.899999618530272,92.0,144.0,44,7577,8,182.9,False,True,True,1270.0,242.0
32,0106,1,2001,2001-06-19,0.6603000044822693,237.53,11.100000381469728,180.0,124.0,43,8833,9,182.9,False,True,True,1270.0,370.0
32,0106,1,2002,2002-07-05,0.6541500002145768,243.08,10.600000381469728,145.0,133.0,43,10118,10,182.9,False,True,True,1270.0,381.0
32,0106,1,2003,2003-10-13,0.6503999948501586,359.64,11.300000190734863,90.0,134.0,45,11522,11,182.9,False,True,True,1270.0,465.0
32,0106,1,2004,2004-06-09,0.6565000027418137,323.25,10.600000381469728,181.0,116.0,48,13001,12,182.9,False,True,True,1270.0,240.0
32,0106,1,2006,2006-08-27,0.6465999960899353,341.53,10.699999809265137,154.0,135.0,45,15497,14,182.9,False,True,True,1270.0,809.0
32,0106,2,2009,2009-06-24,0.6800000011920929,359.79,9.899999618530272,205.0,139.0,47,18597,17,182.9,False,True,True,1270.0,1032.0
32,0107,1,1997,1997-08-05,0.8083000034093857,348.41,10.100000381469728,182.0,137.0,50,3525,5,111.8,False,True,True,1242.0,0.0
32,0107,1,1998,1998-08-28,0.8120999932289124,446.0,9.300000190734863,160.0,151.0,53,4812,6,111.8,False,True,True,1242.0,388.0
32,0107,1,1999,1999-10-16,0.8025000035762787,228.92,10.5,80.0,153.0,41,6208,7,111.8,False,True,True,1242.0,414.0
32,0107,1,2000,2000-06-14,0.7841999888420105,249.93,10.899999618530272,92.0,144.0,44,7577,8,111.8,False,True,True,1242.0,242.0
32,0107,1,2001,2001-06-19,0.7951000034809113,237.53,11.100000381469728,180.0,124.0,43,8833,9,111.8,False,True,True,1242.0,370.0
32,0107,2,2002,2002-07-05,0.819300001859665,243.08,10.600000381469728,145.0,133.0,43,10118,10,111.8,False,True,True,1242.0,381.0
32,0107,2,2003,2003-10-13,0.886599999666214,359.64,11.300000190734863,90.0,134.0,45,11522,11,111.8,False,True,True,1242.0,465.0
32,0107,2,2004,2004-06-09,0.960250011086464,323.25,10.600000381469728,181.0,116.0,48,13001,12,111.8,False,True,True,1242.0,240.0
32,0107,3,2006,2006-08-27,1.3352999925613402,341.53,10.699999809265137,154.0,135.0,45,15497,14,111.8,False,True,True,1242.0,809.0
32,0107,4,2009,2009-06-25,1.701799988746643,359.79,9.899999618530272,205.0,139.0,47,18597,17,111.8,False,True,True,1242.0,1033.0
32,0108,1,1997,1997-08-05,0.6976000010967255,348.41,10.100000381469728,182.0,137.0,50,3525,5,177.8,False,True,True,1226.8,0.0
32,0108,1,1998,1998-08-28,0.7,446.0,9.300000190734863,160.0,151.0,53,4812,6,177.8,False,True,True,1226.8,388.0
32,0108,1,1999,1999-10-16,0.7015999913215638,228.92,10.5,80.0,153.0,41,6208,7,177.8,False,True,True,1226.8,414.0
32,0108,1,2000,2000-06-14,0.6766000032424927,249.93,10.899999618530272,92.0,144.0,44,7577,8,177.8,False,True,True,1226.8,242.0
32,0108,1,2001,2001-06-19,0.6818000018596649,237.53,11.100000381469728,180.0,124.0,43,8833,9,177.8,False,True,True,1226.8,370.0
32,0108,2,2002,2002-07-05,0.6726500004529953,243.08,10.600000381469728,145.0,133.0,43,10118,10,177.8,False,True,True,1226.8,381.0
32,0108,2,2003,2003-10-13,0.6833999931812287,359.64,11.300000190734863,90.0,134.0,45,11522,11,177.8,False,True,True,1226.8,465.0
32,0108,2,2004,2004-06-09,0.680249997973442,323.25,10.600000381469728,181.0,116.0,48,13001,12,177.8,False,True,True,1226.8,240.0
32,0108,2,2006,2006-08-27,0.7750999927520752,341.53,10.699999809265137,154.0,135.0,45,15497,14,177.8,False,True,True,1226.8,809.0
32,0108,3,2009,2009-06-25,1.0680999875068664,359.79,9.899999618530272,205.0,139.0,47,18597,17,177.8,False,True,True,1226.8,1033.0
32,0109,1,1997,1997-08-05,0.647599995136261,348.41,10.100000381469728,182.0,137.0,50,3525,5,177.8,False,True,True,1257.3000000000002,0.0
32,0109,1,1998,1998-08-28,0.652700001001358,446.0,9.300000190734863,160.0,151.0,53,4812,6,177.8,False,True,True,1257.3000000000002,388.0
32,0109,1,1999,1999-10-16,0.6412999987602234,228.92,10.5,80.0,153.0,41,6208,7,177.8,False,True,True,1257.3000000000002,414.0
32,0109,1,2000,2000-06-14,0.6293000042438508,249.93,10.899999618530272,92.0,144.0,44,7577,8,177.8,False,True,True,1257.3000000000002,242.0
32,0109,1,2001,2001-06-19,0.6280999958515168,237.53,11.100000381469728,180.0,124.0,43,8833,9,177.8,False,True,True,1257.3000000000002,370.0
32,0109,1,2002,2002-07-05,0.6258499890565872,243.08,10.600000381469728,145.0,133.0,43,10118,10,177.8,False,True,True,1257.3000000000002,381.0
32,0109,1,2003,2003-10-13,0.6147000014781951,359.64,11.300000190734863,90.0,134.0,45,11522,11,177.8,False,True,True,1257.3000000000002,465.0
32,0109,1,2004,2004-04-15,0.6188999891281128,323.25,10.600000381469728,181.0,116.0,48,13001,12,177.8,False,True,True,1257.3000000000002,185.0
32,0109,2,2004,2004-08-04,0.7504999935626984,323.25,10.600000381469728,181.0,116.0,48,13001,12,177.8,False,True,True,1257.3,111.0
32,0109,2,2006,2006-08-27,0.920199990272522,341.53,10.699999809265137,154.0,135.0,45,15497,14,177.8,False,True,True,1257.3,753.0
32,0109,2,2009,2009-06-25,1.279699981212616,359.79,9.899999618530272,205.0,139.0,47,18597,17,177.8,False,True,True,1257.3,1033.0
32,0110,1,1997,1997-08-05,0.6605499982833862,348.41,10.100000381469728,182.0,137.0,50,3525,5,167.6,False,True,True,1262.4,0.0
32,0110,1,1998,1998-08-28,0.6608999907970428,446.0,9.300000190734863,160.0,151.0,53,4812,6,167.6,False,True,True,1262.4,388.0
32,0110,1,1999,1999-10-16,0.6715999960899353,228.92,10.5,80.0,153.0,41,6208,7,167.6,False,True,True,1262.4,414.0
32,0110,1,2000,2000-06-14,0.6519999980926514,249.93,10.899999618530272,92.0,144.0,44,7577,8,167.6,False,True,True,1262.4,242.0
32,0110,1,2001,2001-06-19,0.6573000073432922,237.53,11.100000381469728,180.0,124.0,43,8833,9,167.6,False,True,True,1262.4,370.0
32,0110,1,2002,2002-07-05,0.6553500026464463,243.08,10.600000381469728,145.0,133.0,43,10118,10,167.6,False,True,True,1262.4,381.0
32,0110,1,2003,2003-10-13,0.6484000027179718,359.64,11.300000190734863,90.0,134.0,45,11522,11,167.6,False,True,True,1262.4,465.0
32,0110,1,2004,2004-06-09,0.6572500050067902,323.25,10.600000381469728,181.0,116.0,48,13001,12,167.6,False,True,True,1262.4,240.0
32,0110,1,2006,2006-08-27,0.6628000020980835,341.53,10.699999809265137,154.0,135.0,45,15497,14,167.6,False,True,True,1262.4,809.0
32,0111,1,1997,1997-08-05,0.7179499983787536,348.41,10.100000381469728,182.0,137.0,50,3525,5,104.1,False,True,True,1239.6,0.0
32,0111,1,1998,1998-08-28,0.722400003671646,446.0,9.300000190734863,160.0,151.0,53,4812,6,104.1,False,True,True,1239.6,388.0
32,0111,1,1999,1999-10-16,0.7189999938011169,228.92,10.5,80.0,153.0,41,6208,7,104.1,False,True,True,1239.6,414.0
32,0111,1,2000,2000-06-14,0.7023999989032745,249.93,10.899999618530272,92.0,144.0,44,7577,8,104.1,False,True,True,1239.6,242.0
32,0111,1,2001,2001-06-19,0.7020999908447265,237.53,11.100000381469728,180.0,124.0,43,8833,9,104.1,False,True,True,1239.6,370.0
32,0111,1,2002,2002-07-05,0.6871500045061112,243.08,10.600000381469728,145.0,133.0,43,10118,10,104.1,False,True,True,1239.6,381.0
32,0111,1,2003,2003-10-13,0.6748999953269958,359.64,11.300000190734863,90.0,134.0,45,11522,11,104.1,False,True,True,1239.6,465.0
32,0111,1,2004,2004-06-09,0.6768999934196471,323.25,10.600000381469728,181.0,116.0,48,13001,12,104.1,False,True,True,1239.6,240.0
32,0111,1,2006,2006-08-27,0.6863999962806702,341.53,10.699999809265137,154.0,135.0,45,15497,14,104.1,False,True,True,1239.6,809.0
32,0112,1,1997,1997-08-05,0.734799998998642,348.41,10.100000381469728,182.0,137.0,50,3525,5,114.3,False,True,True,1224.3,0.0
32,0112,1,1998,1998-08-28,0.7552000045776367,446.0,9.300000190734863,160.0,151.0,53,4812,6,114.3,False,True,True,1224.3,388.0
32,0112,1,1999,1999-10-16,0.7381999969482422,228.92,10.5,80.0,153.0,41,6208,7,114.3,False,True,True,1224.3,414.0
32,0112,1,2000,2000-06-14,0.7274999916553497,249.93,10.899999618530272,92.0,144.0,44,7577,8,114.3,False,True,True,1224.3,242.0
32,0112,1,2001,2001-06-19,0.7348999977111816,237.53,11.100000381469728,180.0,124.0,43,8833,9,114.3,False,True,True,1224.3,370.0
32,0112,1,2002,2002-07-05,0.7264000028371811,243.08,10.600000381469728,145.0,133.0,43,10118,10,114.3,False,True,True,1224.3,381.0
32,0112,1,2003,2003-10-13,0.7322999954223632,359.64,11.300000190734863,90.0,134.0,45,11522,11,114.3,False,True,True,1224.3,465.0
32,0112,1,2004,2004-06-09,0.7295999944210052,323.25,10.600000381469728,181.0,116.0,48,13001,12,114.3,False,True,True,1224.3,240.0
32,0112,1,2006,2006-08-27,0.7447000026702881,341.53,10.699999809265137,154.0,135.0,45,15497,14,114.3,False,True,True,1224.3,809.0
32,0112,2,2009,2009-06-25,0.8045999944210053,359.79,9.899999618530272,205.0,139.0,47,18597,17,114.3,False,True,True,1224.3,1033.0
32,1020,1,1989,1989-08-09,0.6867999851703643,150.44,10.600000381469728,182.0,112.0,40,845,6,177.8,False,False,False,297.20000000000005,0.0
32,1020,1,1990,1990-09-08,0.7208999991416931,188.68,10.600000381469728,245.0,103.0,39,1013,7,177.8,False,False,False,297.20000000000005,395.0
32,1020,1,1992,1992-03-22,0.9221999943256378,168.98,10.800000190734863,145.0,116.0,45,1354,9,177.8,False,False,False,297.20000000000005,561.0
32,1020,1,1993,1993-07-11,0.9704000115394592,201.23,9.800000190734863,148.0,137.0,46,1548,10,177.8,False,False,False,297.20000000000005,476.0
32,1020,1,1994,1994-07-01,1.028750017285347,223.65,10.699999809265137,140.0,133.0,41,1778,11,177.8,False,False,False,297.20000000000005,355.0
32,1020,2,1997,1997-01-20,1.188100004196167,228.78,10.600000381469728,138.0,126.0,47,2612,14,177.8,False,False,False,297.20000000000005,934.0
32,1020,2,1998,1998-04-06,1.377899992465973,387.59,9.300000190734863,131.0,153.0,50,2852,15,177.8,False,False,False,297.20000000000005,441.0
32,1020,2,1999,1999-03-13,1.3986000061035155,175.69,10.899999618530272,87.0,140.0,39,3242,16,177.8,False,False,False,297.20000000000005,341.0
32,1020,4,2001,2001-02-05,0.4555000007152557,228.37,11.600000381469728,158.0,119.0,40,3895,18,231.1,False,False,False,350.5,695.0
32,1020,4,2002,2002-07-10,0.4747000023722648,148.08,11.399999618530272,132.0,126.0,38,4237,19,231.1,False,False,False,350.5,520.0
32,1020,4,2004,2004-03-30,0.4916999965906143,261.51,11.199999809265137,130.0,127.0,42,4900,21,231.1,False,False,False,350.5,629.0
32,1020,4,2006,2006-09-26,0.5190999984741211,234.65,10.899999618530272,130.0,128.0,43,5747,23,231.1,False,False,False,350.5,910.0
32,1020,5,2012,2012-04-06,0.7046000003814697,202.49,12.199999809265137,114.0,123.0,38,8987,29,236.2,False,False,False,355.6,2019.0
32,1020,6,2013,2013-05-01,0.514900004863739,315.26,11.199999809265137,181.0,110.0,40,9649,30,264.20000000000005,False,False,False,383.6,390.0
32,1020,6,2014,2014-11-03,0.517600005865097,339.16,12.5,56.0,82.0,39,10351,31,264.20000000000005,False,False,False,383.6,551.0
32,1021,1,1989,1989-11-30,1.5253000020980836,352.65,8.199999809265137,302.0,130.0,57,772,8,198.1,False,False,False,350.5,0.0
32,1021,1,1990,1990-08-29,1.4896499931812288,301.35,8.600000381469727,329.0,118.0,53,897,9,198.1,False,False,False,350.5,272.0
32,1021,1,1991,1991-04-26,1.5408750176429749,360.49,8.800000190734863,120.0,171.0,54,1074,10,198.1,False,False,False,350.5,240.0
32,1021,1,1992,1992-03-26,1.5728000044822692,384.33,9.5,200.0,118.0,56,1288,11,198.1,False,False,False,350.5,335.0
32,1021,2,1993,1993-01-28,1.980799996852875,459.36,7.699999809265137,292.0,133.0,61,1418,12,198.1,False,False,False,350.5,308.0
32,1021,2,1997,1997-04-24,3.042200040817261,375.82,8.899999618530273,166.0,133.0,59,2059,16,198.1,False,False,False,350.5,1547.0
32,1030,1,1989,1989-08-07,0.9236000061035156,34.73,19.799999237060547,5.0,40.0,25,2603,15,193.0,False,True,False,309.79999999999995,0.0
32,1030,1,1990,1990-09-08,0.8751999974250794,66.82,19.0,13.0,47.0,30,3021,16,193.0,False,True,False,309.79999999999995,397.0
32,1030,1,1992,1992-02-18,0.9329000055789948,157.7,19.0,0.0,48.0,38,3853,18,193.0,False,True,False,309.79999999999995,528.0
32,1030,2,1993,1993-01-29,1.044799989461899,150.91,18.0,1.0,36.0,38,4406,19,261.6,False,True,False,378.4,346.0
32,1030,2,1995,1995-03-23,0.9930999994277954,79.32,19.39999961853028,0.0,25.0,34,5585,21,261.6,False,True,False,378.4,783.0
32,1030,2,1996,1996-08-07,1.0203000009059906,66.72,20.100000381469727,0.0,23.0,30,6033,22,261.6,False,True,False,378.4,503.0
32,1030,2,1997,1997-01-21,1.0185000061988831,169.71,19.600000381469727,0.0,33.0,32,6872,23,261.6,False,True,False,378.4,167.0
32,2027,1,1989,1989-09-30,1.1162000179290772,188.49,8.899999618530273,383.0,129.0,47,7322,14,144.8,False,True,False,414.1,0.0
32,2027,1,1990,1990-08-20,1.1950500011444092,187.46,9.100000381469728,435.0,125.0,44,8120,15,144.8,False,True,False,414.1,324.0
32,2027,2,1991,1991-08-28,1.357000005245209,237.09,8.699999809265137,250.0,166.0,48,8811,16,160.0,False,True,False,429.3,373.0
32,2027,3,1993,1993-12-07,1.002400004863739,269.32,7.400000095367432,474.0,140.0,52,9998,18,160.0,False,True,False,429.3,832.0
32,2027,3,1995,1995-11-14,1.2662000060081482,325.9,9.0,165.0,146.0,52,11552,20,160.0,False,True,False,429.3,707.0
32,2027,4,1997,1997-05-06,1.215499985218048,278.94,8.800000190734863,308.0,141.0,53,13369,22,162.5,False,True,False,431.8,539.0
32,7000,1,1989,1989-09-30,1.1748999953269958,188.49,8.899999618530273,383.0,129.0,47,6778,12,122.0,False,True,False,386.1,0.0
32,7000,1,1990,1990-09-27,1.1110000133514404,187.46,9.100000381469728,435.0,125.0,44,7483,13,122.0,False,True,False,386.1,362.0
32,7000,1,1991,1991-08-26,1.1779000043869017,237.09,8.699999809265137,250.0,166.0,48,8170,14,122.0,False,True,False,386.1,333.0
32,7000,1,1992,1992-11-16,1.032200002670288,149.8,9.899999618530272,289.0,124.0,45,8996,15,122.0,False,True,False,386.1,448.0
32,7000,1,1993,1993-12-08,1.1259999930858613,269.32,7.400000095367432,474.0,140.0,52,9357,16,122.0,False,True,False,386.1,387.0
32,7000,2,1995,1995-11-14,1.1572999894618987,325.9,9.0,165.0,146.0,52,11006,18,122.0,False,True,False,386.1,706.0
32,7000,2,1997,1997-05-06,1.2180000126361847,278.94,8.800000190734863,308.0,141.0,53,12861,20,122.0,False,True,False,386.1,539.0
32,A310,1,1990,1990-08-10,1.1377000153064727,301.35,8.600000381469727,329.0,118.0,53,897,9,210.8,False,False,False,533.4,0.0
32,A310,2,1990,1990-09-17,1.1482999920845032,301.35,8.600000381469727,329.0,118.0,53,897,9,238.7,False,False,False,561.3,38.0
32,A310,2,1991,1991-04-26,1.6769999861717224,360.49,8.800000190734863,120.0,171.0,54,1074,10,238.7,False,False,False,561.3,221.0
32,A310,2,1992,1992-03-27,1.7773749828338623,384.33,9.5,200.0,118.0,56,1288,11,238.7,False,False,False,561.3,336.0
32,A310,2,1997,1997-04-24,1.95019999742508,375.82,8.899999618530273,166.0,133.0,59,2059,16,238.7,False,False,False,561.3,1854.0
32,A320,1,1990,1990-08-10,1.318999993801117,301.35,8.600000381469727,329.0,118.0,53,897,9,205.7,False,False,False,490.2,0.0
32,A320,2,1990,1990-09-17,1.392299997806549,301.35,8.600000381469727,329.0,118.0,53,897,9,213.3,False,False,False,497.8,38.0
32,A320,2,1991,1991-04-26,1.4670000076293943,360.49,8.800000190734863,120.0,171.0,54,1074,10,213.3,False,False,False,497.8,221.0
32,A320,2,1992,1992-03-27,1.5563999891281126,384.33,9.5,200.0,118.0,56,1288,11,213.3,False,False,False,497.8,336.0
32,A320,4,1997,1997-04-24,2.993800020217895,375.82,8.899999618530273,166.0,133.0,59,2059,16,213.3,False,False,False,497.8,1854.0
32,A330,1,1990,1990-08-10,1.217099976539612,301.35,8.600000381469727,329.0,118.0,53,897,9,213.4,False,False,True,497.9,0.0
32,A330,2,1990,1990-09-17,1.254100000858307,301.35,8.600000381469727,329.0,118.0,53,897,9,213.4,False,False,True,497.9,38.0
32,A330,2,1991,1991-04-26,1.3505000174045565,360.49,8.800000190734863,120.0,171.0,54,1074,10,213.4,False,False,True,497.9,221.0
32,A330,2,1992,1992-03-27,1.3948000073432922,384.33,9.5,200.0,118.0,56,1288,11,213.4,False,False,True,497.9,336.0
32,A330,4,1997,1997-04-24,3.497100019454956,375.82,8.899999618530273,166.0,133.0,59,2059,16,213.4,False,False,True,497.9,1854.0
32,A350,1,1990,1990-08-10,1.3807999968528748,301.35,8.600000381469727,329.0,118.0,53,897,9,228.6,False,False,False,546.1,0.0
32,A350,2,1990,1990-09-17,1.37039999961853,301.35,8.600000381469727,329.0,118.0,53,897,9,236.2,False,False,False,553.7,38.0
32,A350,2,1992,1992-03-27,1.464300012588501,384.33,9.5,200.0,118.0,56,1288,11,236.2,False,False,False,553.7,557.0
32,A351,1,1990,1990-08-10,1.903199982643128,301.35,8.600000381469727,329.0,118.0,53,897,9,269.2,False,False,False,548.6,0.0
32,A351,2,1990,1990-09-17,1.8827999830245967,301.35,8.600000381469727,329.0,118.0,53,897,9,281.9,False,False,False,561.3,38.0
32,A351,2,1992,1992-03-27,1.4176999926567078,384.33,9.5,200.0,118.0,56,1288,11,281.9,False,False,False,561.3,557.0
32,A352,1,1990,1990-08-10,1.9264000177383425,301.35,8.600000381469727,329.0,118.0,53,897,9,297.1,False,False,False,553.7,0.0
32,A352,2,1990,1990-09-17,2.011200034618378,301.35,8.600000381469727,329.0,118.0,53,897,9,309.79999999999995,False,False,False,566.4,38.0
32,A352,2,1991,1991-04-26,2.200249969959259,360.49,8.800000190734863,120.0,171.0,54,1074,10,309.79999999999995,False,False,False,566.4,221.0
32,A352,2,1992,1992-03-27,1.5048999905586242,384.33,9.5,200.0,118.0,56,1288,11,309.79999999999995,False,False,False,566.4,336.0
32,B310,1,1990,1990-07-09,0.8584999918937684,187.46,9.100000381469728,435.0,125.0,44,7483,13,109.3,False,True,False,358.20000000000005,0.0
32,B310,2,1990,1990-09-27,1.2330000281333924,187.46,9.100000381469728,435.0,125.0,44,7483,13,147.4,False,True,False,396.3,80.0
32,B310,2,1992,1992-11-16,1.1939999938011168,149.8,9.899999618530272,289.0,124.0,45,8996,15,147.4,False,True,False,396.3,781.0
32,B310,2,1993,1993-12-07,1.1246999979019163,269.32,7.400000095367432,474.0,140.0,52,9357,16,147.4,False,True,False,396.3,386.0
32,B310,2,1995,1995-11-14,1.1545999765396118,325.9,9.0,165.0,146.0,52,11006,18,147.4,False,True,False,396.3,707.0
32,B310,2,1997,1997-05-06,1.2264000058174132,278.94,8.800000190734863,308.0,141.0,53,12861,20,147.4,False,True,False,396.3,539.0
32,B320,1,1990,1990-07-07,0.9625999987125398,187.46,9.100000381469728,435.0,125.0,44,7483,13,122.0,False,True,False,452.2,0.0
32,B320,2,1990,1990-09-27,1.1437000155448915,187.46,9.100000381469728,435.0,125.0,44,7483,13,124.5,False,True,False,454.7,82.0
32,B320,2,1991,1991-08-26,1.0843999981880188,237.09,8.699999809265137,250.0,166.0,48,8170,14,124.5,False,True,False,454.7,333.0
32,B320,2,1992,1992-11-16,1.115400004386902,149.8,9.899999618530272,289.0,124.0,45,8996,15,124.5,False,True,False,454.7,448.0
32,B320,3,1993,1993-12-07,1.1184000253677369,269.32,7.400000095367432,474.0,140.0,52,9357,16,124.5,False,True,False,454.7,386.0
32,B320,3,1995,1995-11-14,1.1303999781608582,325.9,9.0,165.0,146.0,52,11006,18,124.5,False,True,False,454.7,707.0
32,B320,3,1997,1997-05-06,1.2016999959945678,278.94,8.800000190734863,308.0,141.0,53,12861,20,124.5,False,True,False,454.7,539.0
32,B330,1,1990,1990-07-07,1.0930999994277957,187.46,9.100000381469728,435.0,125.0,44,7483,13,114.3,False,True,False,342.9,0.0
32,B330,2,1990,1990-09-27,1.2842000007629395,187.46,9.100000381469728,435.0,125.0,44,7483,13,114.3,False,True,False,342.9,82.0
32,B330,2,1991,1991-08-26,1.2605999946594235,237.09,8.699999809265137,250.0,166.0,48,8170,14,114.3,False,True,False,342.9,333.0
32,B330,2,1992,1992-11-16,1.242299997806549,149.8,9.899999618530272,289.0,124.0,45,8996,15,114.3,False,True,False,342.9,448.0
32,B330,2,1993,1993-12-07,1.2582000136375426,269.32,7.400000095367432,474.0,140.0,52,9357,16,114.3,False,True,False,342.9,386.0
32,B330,2,1995,1995-11-14,1.1949000000953671,325.9,9.0,165.0,146.0,52,11006,18,114.3,False,True,False,342.9,707.0
32,B330,2,1997,1997-05-06,1.3104999899864196,278.94,8.800000190734863,308.0,141.0,53,12861,20,114.3,False,True,False,342.9,539.0
32,B340,1,1990,1990-08-17,1.2645000040531158,187.46,9.100000381469728,435.0,125.0,44,7483,13,147.3,False,True,False,528.3,0.0
32,B340,1,1991,1991-08-26,1.2727999985218048,237.09,8.699999809265137,250.0,166.0,48,8170,14,147.3,False,True,False,528.3,374.0
32,B340,1,1992,1992-11-16,1.376699995994568,149.8,9.899999618530272,289.0,124.0,45,8996,15,147.3,False,True,False,528.3,448.0
32,B340,1,1993,1993-12-07,1.310099983215332,269.32,7.400000095367432,474.0,140.0,52,9357,16,147.3,False,True,False,528.3,386.0
32,B340,1,1995,1995-11-14,1.3866999864578249,325.9,9.0,165.0,146.0,52,11006,18,147.3,False,True,False,528.3,707.0
32,B340,1,1997,1997-05-06,1.5227999925613402,278.94,8.800000190734863,308.0,141.0,53,12861,20,147.3,False,True,False,528.3,539.0
32,B350,1,1990,1990-07-07,0.7309000015258789,187.46,9.100000381469728,435.0,125.0,44,7483,13,155.0,False,True,False,485.2,0.0
32,B350,2,1990,1990-09-27,0.7944000065326691,187.46,9.100000381469728,435.0,125.0,44,7483,13,160.1,False,True,False,490.3,82.0
32,B350,2,1991,1991-08-26,0.7853999972343445,237.09,8.699999809265137,250.0,166.0,48,8170,14,160.1,False,True,False,490.3,333.0
32,B350,2,1992,1992-11-16,0.8812000095844269,149.8,9.899999618530272,289.0,124.0,45,8996,15,160.1,False,True,False,490.3,448.0
32,B350,2,1993,1993-12-07,0.8039999961853027,269.32,7.400000095367432,474.0,140.0,52,9357,16,160.1,False,True,False,490.3,386.0
32,B350,2,1995,1995-11-14,0.7800999939441681,325.9,9.0,165.0,146.0,52,11006,18,160.1,False,True,False,490.3,707.0
32,B350,2,1997,1997-05-06,0.8229999959468841,278.94,8.800000190734863,308.0,141.0,53,12861,20,160.1,False,True,False,490.3,539.0
32,C310,1,1990,1990-07-13,1.2848999977111817,187.46,9.100000381469728,435.0,125.0,44,8120,15,144.8,False,True,False,414.1,0.0
32,C310,2,1991,1991-08-28,1.943499994277954,237.09,8.699999809265137,250.0,166.0,48,8811,16,195.6,False,True,False,464.9,411.0
32,C320,1,1990,1990-07-13,1.3045000076293944,187.46,9.100000381469728,435.0,125.0,44,8120,15,144.8,False,True,False,414.1,0.0
32,C320,2,1991,1991-08-28,1.220199990272522,237.09,8.699999809265137,250.0,166.0,48,8811,16,155.0,False,True,False,424.3,411.0
32,C330,1,1990,1990-07-13,1.544800007343292,187.46,9.100000381469728,435.0,125.0,44,8120,15,144.8,False,True,False,414.1,0.0
32,C330,2,1991,1991-08-28,1.6322999954223634,237.09,8.699999809265137,250.0,166.0,48,8811,16,144.8,False,True,False,414.1,411.0
32,C350,1,1990,1990-07-13,1.346000003814697,187.46,9.100000381469728,435.0,125.0,44,8120,15,144.8,False,True,False,414.1,0.0
32,C350,2,1991,1991-08-28,1.587600004673004,237.09,8.699999809265137,250.0,166.0,48,8811,16,155.0,False,True,False,424.3,411.0
33,1001,1,1989,1989-10-16,0.5742000043392181,1283.16,7.199999809265137,713.0,90.0,79,4660,9,213.4,False,False,False,1092.2,0.0
33,1001,1,1991,1991-08-13,0.6167999982833863,1339.28,8.600000381469727,440.0,100.0,80,5566,11,213.4,False,False,False,1092.2,666.0
33,1001,1,1992,1992-07-21,0.6110999941825866,1190.69,7.199999809265137,475.0,123.0,79,5988,12,213.4,False,False,False,1092.2,343.0
33,1001,1,1993,1993-09-16,0.651800000667572,1078.79,7.599999904632568,650.0,92.0,79,6648,13,213.4,False,False,False,1092.2,422.0
33,1001,1,1994,1994-05-30,0.8151999990145364,1306.37,7.699999809265137,726.0,82.0,80,7338,14,213.4,False,False,False,1092.2,256.0
33,1001,1,1995,1995-04-10,0.7427500039339066,1176.5,8.100000381469727,546.0,94.0,78,8068,15,213.4,False,False,False,1092.2,315.0
33,1001,1,1996,1996-11-12,0.7818999946117401,1599.45,7.599999904632568,569.0,101.0,81,8888,16,213.4,False,False,False,1092.2,582.0
33,1001,1,1997,1997-05-17,1.1602800011634828,1193.84,7.599999904632568,474.0,106.0,79,9738,17,213.4,False,False,False,1092.2,186.0
33,1001,1,1998,1998-06-16,1.2621999859809874,1364.86,9.300000190734863,274.0,103.0,81,10618,18,213.4,False,False,False,1092.2,395.0
33,1001,1,1999,1999-07-12,1.3940999865531922,1090.36,9.5,325.0,101.0,76,11518,19,213.4,False,False,False,1092.2,391.0
33,1001,1,2000,2000-10-02,1.031900018453598,1331.56,7.900000095367432,537.0,82.0,79,12468,20,213.4,False,False,False,1092.2,448.0
33,1001,1,2001,2001-04-26,1.4271000146865849,938.2,9.100000381469728,404.0,108.0,76,13618,21,213.4,False,False,False,1092.2,206.0
33,1001,2,2001,2001-08-13,1.3352999925613402,938.2,9.100000381469728,404.0,108.0,76,13618,21,213.4,False,False,False,1092.2,109.0
33,1001,2,2002,2002-02-20,1.5268999934196472,1342.8,9.399999618530272,269.0,125.0,75,14727,22,213.4,False,False,False,1092.2,191.0
33,1001,4,2004,2004-04-15,0.5766000032424927,1259.19,8.0,565.0,95.0,79,16988,24,248.8,False,False,False,1127.6,785.0
33,1001,5,2009,2009-04-16,0.6444999992847442,1465.81,7.800000190734863,588.0,77.0,82,22993,29,248.8,False,False,False,1127.6,1827.0
33,1001,6,2011,2011-06-12,0.5195000052452088,1730.01,8.800000190734863,512.0,86.0,83,25633,31,264.0,False,False,False,1142.8,787.0
33,1001,6,2012,2012-05-02,0.519700002670288,1245.95,10.0,222.0,115.0,79,27004,32,264.0,False,False,False,1142.8,325.0
33,1001,6,2015,2015-09-14,0.5324000000953675,1150.8,8.399999618530273,720.0,69.0,78,31321,35,264.0,False,False,False,1142.8,1230.0
33,1001,6,2016,2016-04-12,0.54310000538826,1103.85,9.600000381469728,357.0,108.0,76,32829,36,264.0,False,False,False,1142.8,211.0
34,0501,1,1992,1992-06-12,1.7643000125885009,1297.41,11.199999809265137,92.0,90.0,77,17743,21,241.3,False,False,False,2171.7000000000003,0.0
34,0501,1,1993,1993-06-14,1.777499997615814,1351.47,11.5,141.0,83.0,78,18855,22,241.3,False,False,False,2171.7000000000003,367.0
34,0501,1,1994,1994-06-09,1.9473999857902529,1251.45,11.199999809265137,255.0,81.0,80,19709,23,241.3,False,False,False,2171.7000000000003,360.0
34,0501,1,1995,1995-06-23,1.992899990081787,1157.22,11.800000190734863,159.0,83.0,75,20568,24,241.3,False,False,False,2171.7000000000003,379.0
34,0501,2,1997,1997-12-13,2.211900019645692,1285.79,11.300000190734863,86.0,91.0,77,22589,26,241.3,False,False,False,2171.7000000000003,904.0
34,0501,2,1998,1998-08-05,2.121500015258789,1110.65,12.899999618530272,33.0,57.0,78,23762,27,241.3,False,False,False,2171.7000000000003,235.0
34,0501,2,1999,1999-09-07,1.8973000288009645,1237.95,12.600000381469728,75.0,74.0,75,25013,28,241.3,False,False,False,2171.7000000000003,398.0
34,0501,3,2000,2000-10-04,2.209299993515015,1170.82,11.399999618530272,185.0,73.0,78,26280,29,241.3,False,False,False,2171.7000000000003,393.0
34,0501,4,2001,2001-12-05,2.380499982833862,950.78,12.600000381469728,70.0,83.0,75,27677,30,241.3,False,False,False,2171.7000000000003,427.0
34,0501,4,2002,2002-08-16,2.319149994850159,1385.66,13.199999809265137,39.0,77.0,73,29131,31,241.3,False,False,False,2171.7000000000003,254.0
34,0501,4,2003,2003-05-24,2.3998000065485634,1712.74,11.199999809265137,198.0,67.0,82,30659,32,241.3,False,False,False,2171.7000000000003,281.0
34,0501,4,2004,2004-03-02,2.555649995803833,1472.26,11.899999618530272,202.0,69.0,80,32219,33,241.3,False,False,False,2171.7000000000003,283.0
34,0502,1,1992,1992-01-25,2.0739000082015995,1297.41,11.199999809265137,92.0,90.0,77,17743,21,221.0,False,False,False,1526.6,0.0
34,0502,2,1992,1992-10-30,0.9931999921798704,1297.41,11.199999809265137,92.0,90.0,77,17743,21,264.2,False,False,False,1569.8000000000002,279.0
34,0502,2,1993,1993-06-14,0.9950999796390534,1351.47,11.5,141.0,83.0,78,18855,22,264.2,False,False,False,1569.8000000000002,227.0
34,0502,2,1994,1994-06-09,1.0717000007629394,1251.45,11.199999809265137,255.0,81.0,80,19709,23,264.2,False,False,False,1569.8000000000002,360.0
34,0502,2,1995,1995-06-23,1.0199000120162962,1157.22,11.800000190734863,159.0,83.0,75,20568,24,264.2,False,False,False,1569.8000000000002,379.0
34,0502,2,1997,1997-12-13,1.0718999981880186,1285.79,11.300000190734863,86.0,91.0,77,22589,26,264.2,False,False,False,1569.8000000000002,904.0
34,0502,2,1998,1998-08-05,1.0865999937057496,1110.65,12.899999618530272,33.0,57.0,78,23762,27,264.2,False,False,False,1569.8000000000002,235.0
34,0502,2,1999,1999-09-07,1.0600000023841858,1237.95,12.600000381469728,75.0,74.0,75,25013,28,264.2,False,False,False,1569.8000000000002,398.0
34,0502,2,2000,2000-10-04,1.0769999861717223,1170.82,11.399999618530272,185.0,73.0,78,26280,29,264.2,False,False,False,1569.8000000000002,393.0
34,0502,3,2001,2001-12-05,1.095200002193451,950.78,12.600000381469728,70.0,83.0,75,27677,30,264.20000000000005,False,False,False,1569.8000000000002,427.0
34,0502,3,2002,2002-08-16,1.127900004386902,1385.66,13.199999809265137,39.0,77.0,73,29131,31,264.20000000000005,False,False,False,1569.8000000000002,254.0
34,0502,3,2003,2003-03-08,1.1240500032901763,1712.74,11.199999809265137,198.0,67.0,82,30659,32,264.20000000000005,False,False,False,1569.8000000000002,204.0
34,0502,4,2003,2003-10-25,1.1146999955177308,1712.74,11.199999809265137,198.0,67.0,82,30659,32,264.20000000000005,False,False,False,1569.8000000000002,231.0
34,0502,4,2004,2004-03-02,1.1444999992847444,1472.26,11.899999618530272,202.0,69.0,80,32219,33,264.20000000000005,False,False,False,1569.8000000000002,129.0
34,0502,4,2005,2005-08-11,1.3461000084877015,1343.28,12.399999618530272,163.0,79.0,77,33654,34,264.20000000000005,False,False,False,1569.8000000000002,527.0
34,0502,4,2006,2006-06-10,1.3488999962806705,1304.33,13.0,48.0,65.0,78,34977,35,264.20000000000005,False,False,False,1569.8000000000002,303.0
34,0502,4,2009,2009-04-24,1.4296000003814695,1683.28,11.699999809265137,162.0,68.0,81,38568,38,264.20000000000005,False,False,False,1569.8000000000002,1049.0
34,0502,4,2010,2010-03-08,1.8692000031471248,1292.43,12.399999618530272,153.0,78.0,78,39603,39,264.20000000000005,False,False,False,1569.8000000000002,318.0
34,0503,1,1992,1992-01-25,2.0157000064849853,1297.41,11.199999809265137,92.0,90.0,77,17743,21,233.7,False,False,False,1003.3,0.0
34,0503,2,1992,1992-10-30,0.6700000047683716,1297.41,11.199999809265137,92.0,90.0,77,17743,21,353.1,False,False,False,1122.7,279.0
34,0503,2,1993,1993-06-14,0.6668000102043152,1351.47,11.5,141.0,83.0,78,18855,22,353.1,False,False,False,1122.7,227.0
34,0503,2,1995,1995-06-23,0.6995000064373016,1157.22,11.800000190734863,159.0,83.0,75,20568,24,353.1,False,False,False,1122.7,739.0
34,0503,2,1997,1997-12-13,0.7023000001907349,1285.79,11.300000190734863,86.0,91.0,77,22589,26,353.1,False,False,False,1122.7,904.0
34,0503,2,1998,1998-08-06,0.7218000054359437,1110.65,12.899999618530272,33.0,57.0,78,23762,27,353.1,False,False,False,1122.7,236.0
34,0503,2,1999,1999-09-07,0.6973999977111816,1237.95,12.600000381469728,75.0,74.0,75,25013,28,353.1,False,False,False,1122.7,397.0
34,0503,2,2000,2000-10-04,0.6986000001430512,1170.82,11.399999618530272,185.0,73.0,78,26280,29,353.1,False,False,False,1122.7,393.0
34,0503,2,2001,2001-12-05,0.7199000120162964,950.78,12.600000381469728,70.0,83.0,75,27677,30,353.1,False,False,False,1122.7,427.0
34,0503,2,2002,2002-08-16,0.7282499969005585,1385.66,13.199999809265137,39.0,77.0,73,29131,31,353.1,False,False,False,1122.7,254.0
34,0503,2,2003,2003-05-24,0.7084000051021576,1712.74,11.199999809265137,198.0,67.0,82,30659,32,353.1,False,False,False,1122.7,281.0
34,0503,2,2004,2004-03-02,0.725749996304512,1472.26,11.899999618530272,202.0,69.0,80,32219,33,353.1,False,False,False,1122.7,283.0
34,0503,2,2005,2005-08-11,0.7965000033378602,1343.28,12.399999618530272,163.0,79.0,77,33654,34,353.1,False,False,False,1122.7,527.0
34,0503,2,2006,2006-06-10,0.8986999988555908,1304.33,13.0,48.0,65.0,78,34977,35,353.1,False,False,False,1122.7,303.0
34,0503,2,2009,2009-04-24,0.839599996805191,1683.28,11.699999809265137,162.0,68.0,81,38568,38,353.1,False,False,False,1122.7,1049.0
34,0503,2,2010,2010-03-08,1.0467000007629397,1292.43,12.399999618530272,153.0,78.0,78,39603,39,353.1,False,False,False,1122.7,318.0
34,0504,1,1992,1992-01-25,1.6143000006675718,1297.41,11.199999809265137,92.0,90.0,77,17743,21,221.0,False,False,False,1026.2,0.0
34,0504,2,1992,1992-10-30,0.7163999915122986,1297.41,11.199999809265137,92.0,90.0,77,17743,21,340.40000000000003,False,False,False,1145.6,279.0
34,0504,2,1993,1993-06-14,0.6994000017642974,1351.47,11.5,141.0,83.0,78,18855,22,340.40000000000003,False,False,False,1145.6,227.0
34,0504,2,1994,1994-06-09,0.7318000018596649,1251.45,11.199999809265137,255.0,81.0,80,19709,23,340.40000000000003,False,False,False,1145.6,360.0
34,0504,2,1995,1995-06-23,0.7348999977111816,1157.22,11.800000190734863,159.0,83.0,75,20568,24,340.40000000000003,False,False,False,1145.6,379.0
34,0504,2,1997,1997-12-13,0.7861000001430511,1285.79,11.300000190734863,86.0,91.0,77,22589,26,340.40000000000003,False,False,False,1145.6,904.0
34,0504,2,1998,1998-08-05,0.797599995136261,1110.65,12.899999618530272,33.0,57.0,78,23762,27,340.40000000000003,False,False,False,1145.6,235.0
34,0504,2,1999,1999-09-07,0.8088999927043915,1237.95,12.600000381469728,75.0,74.0,75,25013,28,340.40000000000003,False,False,False,1145.6,398.0
34,0504,2,2000,2000-10-04,0.8033999979496003,1170.82,11.399999618530272,185.0,73.0,78,26280,29,340.40000000000003,False,False,False,1145.6,393.0
34,0504,2,2001,2001-12-05,0.8629999935626984,950.78,12.600000381469728,70.0,83.0,75,27677,30,340.40000000000003,False,False,False,1145.6,427.0
34,0504,2,2002,2002-08-16,0.8532999962568283,1385.66,13.199999809265137,39.0,77.0,73,29131,31,340.40000000000003,False,False,False,1145.6,254.0
34,0504,2,2003,2003-05-24,0.8420666674772899,1712.74,11.199999809265137,198.0,67.0,82,30659,32,340.40000000000003,False,False,False,1145.6,281.0
34,0504,2,2004,2004-03-02,0.824949997663498,1472.26,11.899999618530272,202.0,69.0,80,32219,33,340.40000000000003,False,False,False,1145.6,283.0
34,0504,2,2005,2005-08-11,0.954800009727478,1343.28,12.399999618530272,163.0,79.0,77,33654,34,340.40000000000003,False,False,False,1145.6,527.0
34,0504,2,2006,2006-06-10,0.978199988603592,1304.33,13.0,48.0,65.0,78,34977,35,340.40000000000003,False,False,False,1145.6,303.0
34,0504,2,2009,2009-04-24,0.9080999970436096,1683.28,11.699999809265137,162.0,68.0,81,38568,38,340.40000000000003,False,False,False,1145.6,1049.0
34,0504,2,2010,2010-03-08,1.0642999947071077,1292.43,12.399999618530272,153.0,78.0,78,39603,39,340.40000000000003,False,False,False,1145.6,318.0
34,0505,1,1992,1992-01-25,1.8035000085830688,1297.41,11.199999809265137,92.0,90.0,77,17743,21,231.1,False,False,False,993.1,0.0
34,0505,2,1992,1992-10-30,0.8852000057697296,1297.41,11.199999809265137,92.0,90.0,77,17743,21,276.8,False,False,False,1038.8,279.0
34,0505,2,1993,1993-06-14,0.874699991941452,1351.47,11.5,141.0,83.0,78,18855,22,276.8,False,False,False,1038.8,227.0
34,0505,2,1994,1994-06-09,0.8802999973297119,1251.45,11.199999809265137,255.0,81.0,80,19709,23,276.8,False,False,False,1038.8,360.0
34,0505,2,1995,1995-06-23,0.8866999924182892,1157.22,11.800000190734863,159.0,83.0,75,20568,24,276.8,False,False,False,1038.8,379.0
34,0505,2,1997,1997-12-13,0.8747999966144562,1285.79,11.300000190734863,86.0,91.0,77,22589,26,276.8,False,False,False,1038.8,904.0
34,0505,2,1998,1998-08-05,0.8856999933719635,1110.65,12.899999618530272,33.0,57.0,78,23762,27,276.8,False,False,False,1038.8,235.0
34,0505,2,1999,1999-09-07,0.8988999903202057,1237.95,12.600000381469728,75.0,74.0,75,25013,28,276.8,False,False,False,1038.8,398.0
34,0505,2,2000,2000-10-04,0.9023999989032744,1170.82,11.399999618530272,185.0,73.0,78,26280,29,276.8,False,False,False,1038.8,393.0
34,0505,2,2001,2001-12-05,0.9204000055789948,950.78,12.600000381469728,70.0,83.0,75,27677,30,276.8,False,False,False,1038.8,427.0
34,0505,2,2002,2002-08-16,0.9138000011444092,1385.66,13.199999809265137,39.0,77.0,73,29131,31,276.8,False,False,False,1038.8,254.0
34,0505,2,2003,2003-05-24,0.9142333348592122,1712.74,11.199999809265137,198.0,67.0,82,30659,32,276.8,False,False,False,1038.8,281.0
34,0505,2,2004,2004-03-02,0.9369499981403352,1472.26,11.899999618530272,202.0,69.0,80,32219,33,276.8,False,False,False,1038.8,283.0
34,0505,2,2005,2005-08-11,0.9615999937057496,1343.28,12.399999618530272,163.0,79.0,77,33654,34,276.8,False,False,False,1038.8,527.0
34,0505,2,2006,2006-06-10,0.986299991607666,1304.33,13.0,48.0,65.0,78,34977,35,276.8,False,False,False,1038.8,303.0
34,0505,2,2009,2009-04-24,0.9984000086784364,1683.28,11.699999809265137,162.0,68.0,81,38568,38,276.8,False,False,False,1038.8,1049.0
34,0505,2,2010,2010-03-08,1.0931999921798703,1292.43,12.399999618530272,153.0,78.0,78,39603,39,276.8,False,False,False,1038.8,318.0
34,0506,1,1992,1992-01-25,1.7447999835014345,1297.41,11.199999809265137,92.0,90.0,77,17743,21,241.3,False,False,False,495.3,0.0
34,0506,2,1992,1992-10-30,0.7327999949455262,1297.41,11.199999809265137,92.0,90.0,77,17743,21,287.1,False,False,False,541.1,279.0
34,0506,2,1993,1993-06-14,0.7417999923229217,1351.47,11.5,141.0,83.0,78,18855,22,287.1,False,False,False,541.1,227.0
34,0506,2,1997,1997-12-13,0.788100004196167,1285.79,11.300000190734863,86.0,91.0,77,22589,26,287.1,False,False,False,541.1,1643.0
34,0506,2,1998,1998-08-06,0.8460999965667725,1110.65,12.899999618530272,33.0,57.0,78,23762,27,287.1,False,False,False,541.1,236.0
34,0506,2,1999,1999-09-07,0.8120000004768371,1237.95,12.600000381469728,75.0,74.0,75,25013,28,287.1,False,False,False,541.1,397.0
34,0506,2,2000,2000-10-04,0.8158999979496002,1170.82,11.399999618530272,185.0,73.0,78,26280,29,287.1,False,False,False,541.1,393.0
34,0506,2,2001,2001-12-05,0.819899994134903,950.78,12.600000381469728,70.0,83.0,75,27677,30,287.1,False,False,False,541.1,427.0
34,0506,2,2002,2002-08-16,0.8259499937295913,1385.66,13.199999809265137,39.0,77.0,73,29131,31,287.1,False,False,False,541.1,254.0
34,0506,2,2003,2003-05-24,0.8180333296457927,1712.74,11.199999809265137,198.0,67.0,82,30659,32,287.1,False,False,False,541.1,281.0
34,0506,2,2004,2004-03-02,0.8216000020503997,1472.26,11.899999618530272,202.0,69.0,80,32219,33,287.1,False,False,False,541.1,283.0
34,0506,2,2005,2005-08-11,0.8685000002384187,1343.28,12.399999618530272,163.0,79.0,77,33654,34,287.1,False,False,False,541.1,527.0
34,0506,2,2006,2006-06-10,0.8787000119686127,1304.33,13.0,48.0,65.0,78,34977,35,287.1,False,False,False,541.1,303.0
34,0506,2,2009,2009-04-24,0.833299994468689,1683.28,11.699999809265137,162.0,68.0,81,38568,38,287.1,False,False,False,541.1,1049.0
34,0506,2,2010,2010-03-08,0.929999989271164,1292.43,12.399999618530272,153.0,78.0,78,39603,39,287.1,False,False,False,541.1,318.0
34,0507,1,1992,1992-01-25,2.0448999881744383,1297.41,11.199999809265137,92.0,90.0,77,17743,21,210.8,False,False,False,1836.4,0.0
34,0507,2,1992,1992-10-30,0.7812000095844269,1297.41,11.199999809265137,92.0,90.0,77,17743,21,348.0,False,False,False,1973.6,279.0
34,0507,2,1993,1993-06-14,0.7524999916553498,1351.47,11.5,141.0,83.0,78,18855,22,348.0,False,False,False,1973.6,227.0
34,0507,2,1995,1995-06-23,0.8006999969482422,1157.22,11.800000190734863,159.0,83.0,75,20568,24,348.0,False,False,False,1973.6,739.0
34,0507,2,1997,1997-12-13,0.7898000001907348,1285.79,11.300000190734863,86.0,91.0,77,22589,26,348.0,False,False,False,1973.6,904.0
34,0507,2,1998,1998-08-06,0.8430999994277955,1110.65,12.899999618530272,33.0,57.0,78,23762,27,348.0,False,False,False,1973.6,236.0
34,0507,2,1999,1999-09-07,0.7910000085830688,1237.95,12.600000381469728,75.0,74.0,75,25013,28,348.0,False,False,False,1973.6,397.0
34,0507,2,2000,2000-10-04,0.8162999987602234,1170.82,11.399999618530272,185.0,73.0,78,26280,29,348.0,False,False,False,1973.6,393.0
34,0507,2,2001,2001-12-05,0.8701000034809112,950.78,12.600000381469728,70.0,83.0,75,27677,30,348.0,False,False,False,1973.6,427.0
34,0507,2,2002,2002-08-16,0.8575499922037124,1385.66,13.199999809265137,39.0,77.0,73,29131,31,348.0,False,False,False,1973.6,254.0
34,0507,2,2003,2003-05-24,0.8401333351929983,1712.74,11.199999809265137,198.0,67.0,82,30659,32,348.0,False,False,False,1973.6,281.0
34,0507,2,2004,2004-03-02,0.8449500024318695,1472.26,11.899999618530272,202.0,69.0,80,32219,33,348.0,False,False,False,1973.6,283.0
34,0507,2,2005,2005-08-11,0.8983000040054321,1343.28,12.399999618530272,163.0,79.0,77,33654,34,348.0,False,False,False,1973.6,527.0
34,0507,2,2006,2006-06-10,0.8024999976158143,1304.33,13.0,48.0,65.0,78,34977,35,348.0,False,False,False,1973.6,303.0
34,0507,2,2009,2009-04-24,0.7796000123023987,1683.28,11.699999809265137,162.0,68.0,81,38568,38,348.0,False,False,False,1973.6,1049.0
34,0507,2,2010,2010-03-08,0.9836999952793122,1292.43,12.399999618530272,153.0,78.0,78,39603,39,348.0,False,False,False,1973.6,318.0
34,0508,1,1992,1992-01-25,1.531599998474121,1297.41,11.199999809265137,92.0,90.0,77,17743,21,223.5,False,False,False,1069.3,0.0
34,0508,2,1992,1992-10-30,0.7397999942302704,1297.41,11.199999809265137,92.0,90.0,77,17743,21,363.2,False,False,False,1209.0,279.0
34,0508,2,1993,1993-06-14,0.7376999974250793,1351.47,11.5,141.0,83.0,78,18855,22,363.2,False,False,False,1209.0,227.0
34,0508,2,1994,1994-06-09,0.7209999918937683,1251.45,11.199999809265137,255.0,81.0,80,19709,23,363.2,False,False,False,1209.0,360.0
34,0508,2,1995,1995-06-23,0.7433000028133392,1157.22,11.800000190734863,159.0,83.0,75,20568,24,363.2,False,False,False,1209.0,379.0
34,0508,2,1997,1997-12-13,0.7398999989032746,1285.79,11.300000190734863,86.0,91.0,77,22589,26,363.2,False,False,False,1209.0,904.0
34,0508,2,1998,1998-08-05,0.7686999976634978,1110.65,12.899999618530272,33.0,57.0,78,23762,27,363.2,False,False,False,1209.0,235.0
34,0508,2,1999,1999-09-07,0.7363999903202056,1237.95,12.600000381469728,75.0,74.0,75,25013,28,363.2,False,False,False,1209.0,398.0
34,0508,2,2000,2000-10-04,0.736599999666214,1170.82,11.399999618530272,185.0,73.0,78,26280,29,363.2,False,False,False,1209.0,393.0
34,0508,2,2001,2001-12-05,0.7719000041484833,950.78,12.600000381469728,70.0,83.0,75,27677,30,363.2,False,False,False,1209.0,427.0
34,0508,2,2002,2002-08-16,0.7477999985218048,1385.66,13.199999809265137,39.0,77.0,73,29131,31,363.2,False,False,False,1209.0,254.0
34,0508,2,2003,2003-05-24,0.7587333301703135,1712.74,11.199999809265137,198.0,67.0,82,30659,32,363.2,False,False,False,1209.0,281.0
34,0508,2,2004,2004-03-02,0.7626499980688095,1472.26,11.899999618530272,202.0,69.0,80,32219,33,363.2,False,False,False,1209.0,283.0
34,0508,2,2005,2005-08-11,0.8020000040531159,1343.28,12.399999618530272,163.0,79.0,77,33654,34,363.2,False,False,False,1209.0,527.0
34,0508,2,2006,2006-06-10,0.8101000010967254,1304.33,13.0,48.0,65.0,78,34977,35,363.2,False,False,False,1209.0,303.0
34,0508,2,2009,2009-04-24,0.875900000333786,1683.28,11.699999809265137,162.0,68.0,81,38568,38,363.2,False,False,False,1209.0,1049.0
34,0508,2,2010,2010-03-08,1.0105999946594235,1292.43,12.399999618530272,153.0,78.0,78,39603,39,363.2,False,False,False,1209.0,318.0
34,0509,1,1992,1992-01-25,2.178999996185303,1297.41,11.199999809265137,92.0,90.0,77,17743,21,238.8,False,False,False,1084.6,0.0
34,0509,2,1992,1992-10-30,0.7533999919891358,1297.41,11.199999809265137,92.0,90.0,77,17743,21,297.1,False,False,False,1142.9,279.0
34,0509,2,1993,1993-06-14,0.7478000044822692,1351.47,11.5,141.0,83.0,78,18855,22,297.1,False,False,False,1142.9,227.0
34,0509,2,1994,1994-06-09,0.7680000007152558,1251.45,11.199999809265137,255.0,81.0,80,19709,23,297.1,False,False,False,1142.9,360.0
34,0509,2,1995,1995-06-23,0.771100002527237,1157.22,11.800000190734863,159.0,83.0,75,20568,24,297.1,False,False,False,1142.9,379.0
34,0509,2,1997,1997-12-13,0.7632999956607818,1285.79,11.300000190734863,86.0,91.0,77,22589,26,297.1,False,False,False,1142.9,904.0
34,0509,2,1998,1998-08-05,0.8031000018119812,1110.65,12.899999618530272,33.0,57.0,78,23762,27,297.1,False,False,False,1142.9,235.0
34,0509,2,1999,1999-09-07,0.7605999946594239,1237.95,12.600000381469728,75.0,74.0,75,25013,28,297.1,False,False,False,1142.9,398.0
34,0509,2,2000,2000-10-04,0.762200003862381,1170.82,11.399999618530272,185.0,73.0,78,26280,29,297.1,False,False,False,1142.9,393.0
34,0509,2,2001,2001-12-05,0.7740000069141388,950.78,12.600000381469728,70.0,83.0,75,27677,30,297.1,False,False,False,1142.9,427.0
34,0509,2,2002,2002-08-16,0.7817999988794326,1385.66,13.199999809265137,39.0,77.0,73,29131,31,297.1,False,False,False,1142.9,254.0
34,0509,2,2003,2003-05-24,0.7867333392302196,1712.74,11.199999809265137,198.0,67.0,82,30659,32,297.1,False,False,False,1142.9,281.0
34,0509,2,2004,2004-03-02,0.7976000010967255,1472.26,11.899999618530272,202.0,69.0,80,32219,33,297.1,False,False,False,1142.9,283.0
34,0509,2,2005,2005-08-11,0.8407000005245209,1343.28,12.399999618530272,163.0,79.0,77,33654,34,297.1,False,False,False,1142.9,527.0
34,0509,2,2006,2006-06-10,0.8412999927997589,1304.33,13.0,48.0,65.0,78,34977,35,297.1,False,False,False,1142.9,303.0
34,0509,2,2009,2009-04-24,0.8483999967575073,1683.28,11.699999809265137,162.0,68.0,81,38568,38,297.1,False,False,False,1142.9,1049.0
34,0509,2,2010,2010-03-08,0.9146000146865844,1292.43,12.399999618530272,153.0,78.0,78,39603,39,297.1,False,False,False,1142.9,318.0
34,0559,1,1992,1992-01-25,2.4044999837875363,1297.41,11.199999809265137,92.0,90.0,77,17743,21,218.4,False,False,False,1247.1,0.0
34,0559,2,1992,1992-10-30,0.861599999666214,1297.41,11.199999809265137,92.0,90.0,77,17743,21,279.4,False,False,False,1308.1,279.0
34,0559,2,1993,1993-06-14,0.8514999985694885,1351.47,11.5,141.0,83.0,78,18855,22,279.4,False,False,False,1308.1,227.0
34,0559,2,1997,1997-12-13,0.8999000012874603,1285.79,11.300000190734863,86.0,91.0,77,22589,26,279.4,False,False,False,1308.1,1643.0
34,0559,2,1998,1998-08-05,0.8824999988079071,1110.65,12.899999618530272,33.0,57.0,78,23762,27,279.4,False,False,False,1308.1,235.0
34,0559,2,1999,1999-09-07,0.8815000116825104,1237.95,12.600000381469728,75.0,74.0,75,25013,28,279.4,False,False,False,1308.1,398.0
34,0559,2,2000,2000-10-04,0.8713000059127808,1170.82,11.399999618530272,185.0,73.0,78,26280,29,279.4,False,False,False,1308.1,393.0
34,0559,2,2001,2001-12-05,0.9152999997138976,950.78,12.600000381469728,70.0,83.0,75,27677,30,279.4,False,False,False,1308.1,427.0
34,0559,2,2002,2002-08-16,0.9051499992609024,1385.66,13.199999809265137,39.0,77.0,73,29131,31,279.4,False,False,False,1308.1,254.0
34,0559,2,2003,2003-05-24,0.8907000025113424,1712.74,11.199999809265137,198.0,67.0,82,30659,32,279.4,False,False,False,1308.1,281.0
34,0559,2,2004,2004-03-02,0.8959000021219253,1472.26,11.899999618530272,202.0,69.0,80,32219,33,279.4,False,False,False,1308.1,283.0
34,0559,2,2005,2005-08-11,0.9076000094413756,1343.28,12.399999618530272,163.0,79.0,77,33654,34,279.4,False,False,False,1308.1,527.0
34,0559,2,2006,2006-06-10,0.9060000061988832,1304.33,13.0,48.0,65.0,78,34977,35,279.4,False,False,False,1308.1,303.0
34,0559,2,2009,2009-04-24,0.9201999962329864,1683.28,11.699999809265137,162.0,68.0,81,38568,38,279.4,False,False,False,1308.1,1049.0
34,0559,2,2010,2010-03-08,1.0316000044345857,1292.43,12.399999618530272,153.0,78.0,78,39603,39,279.4,False,False,False,1308.1,318.0
34,0560,1,1992,1992-01-25,2.671100044250488,1297.41,11.199999809265137,92.0,90.0,77,17743,21,215.9,False,False,False,584.2,0.0
34,0560,2,1992,1992-10-30,0.6132000029087066,1297.41,11.199999809265137,92.0,90.0,77,17743,21,251.4,False,False,False,619.6999999999999,279.0
34,0560,2,1993,1993-06-14,0.6362000048160552,1351.47,11.5,141.0,83.0,78,18855,22,251.4,False,False,False,619.6999999999999,227.0
34,0560,2,1997,1997-12-13,0.8649000167846679,1285.79,11.300000190734863,86.0,91.0,77,22589,26,251.4,False,False,False,619.6999999999999,1643.0
34,0560,2,1998,1998-08-06,0.9242999970912932,1110.65,12.899999618530272,33.0,57.0,78,23762,27,251.4,False,False,False,619.6999999999999,236.0
34,0560,2,1999,1999-09-07,0.9842999935150146,1237.95,12.600000381469728,75.0,74.0,75,25013,28,251.4,False,False,False,619.6999999999999,397.0
34,0560,2,2000,2000-10-04,1.0158999919891358,1170.82,11.399999618530272,185.0,73.0,78,26280,29,251.4,False,False,False,619.6999999999999,393.0
34,0560,2,2001,2001-12-05,1.0217999935150148,950.78,12.600000381469728,70.0,83.0,75,27677,30,251.4,False,False,False,619.6999999999999,427.0
34,0560,2,2002,2002-08-16,1.0695999950170516,1385.66,13.199999809265137,39.0,77.0,73,29131,31,251.4,False,False,False,619.6999999999999,254.0
34,0560,2,2003,2003-05-24,1.0365666687488555,1712.74,11.199999809265137,198.0,67.0,82,30659,32,251.4,False,False,False,619.6999999999999,281.0
34,0560,2,2004,2004-03-02,1.07155000269413,1472.26,11.899999618530272,202.0,69.0,80,32219,33,251.4,False,False,False,619.6999999999999,283.0
34,0560,2,2005,2005-08-11,1.1133999884128571,1343.28,12.399999618530272,163.0,79.0,77,33654,34,251.4,False,False,False,619.6999999999999,527.0
34,0560,2,2006,2006-06-10,1.1262000024318697,1304.33,13.0,48.0,65.0,78,34977,35,251.4,False,False,False,619.6999999999999,303.0
34,0560,2,2009,2009-04-24,1.323199999332428,1683.28,11.699999809265137,162.0,68.0,81,38568,38,251.4,False,False,False,619.6999999999999,1049.0
34,0560,2,2010,2010-03-08,1.1875999867916107,1292.43,12.399999618530272,153.0,78.0,78,39603,39,251.4,False,False,False,619.6999999999999,318.0
34,1003,1,1989,1989-11-24,1.9642500281333923,1680.23,8.899999618530273,456.0,102.0,80,10038,16,190.5,False,False,False,1011.0,0.0
34,1003,1,1991,1991-09-06,1.625699985027313,1399.54,10.899999618530272,213.0,102.0,76,11878,18,190.5,False,False,False,1011.0,651.0
34,1003,1,1992,1992-06-17,1.511300015449524,1341.22,9.199999809265137,249.0,114.0,78,12858,19,190.5,False,False,False,1011.0,285.0
34,1003,1,1993,1993-06-08,1.6325999975204466,1505.25,9.5,403.0,103.0,78,13422,20,190.5,False,False,False,1011.0,356.0
34,1003,2,1994,1994-06-07,1.2973000049591064,1446.42,9.199999809265137,543.0,85.0,80,14021,21,195.6,False,False,False,1016.1,364.0
34,1003,2,1995,1995-06-22,1.3075999975204469,1398.56,9.899999618530272,359.0,105.0,75,14681,22,195.6,False,False,False,1016.1,380.0
34,1003,2,1997,1997-07-19,1.420099997520447,1207.11,9.399999618530272,245.0,124.0,76,16432,24,195.6,False,False,False,1016.1,758.0
34,1003,2,1998,1998-08-09,1.4585999846458435,1284.26,11.199999809265137,124.0,104.0,78,17078,25,195.6,False,False,False,1016.1,386.0
34,1003,2,1999,1999-09-08,1.4728999972343444,1409.7,11.0,203.0,109.0,74,17715,26,195.6,False,False,False,1016.1,395.0
34,1003,3,2002,2002-06-03,1.9159000158309936,1429.63,11.199999809265137,154.0,119.0,73,19854,29,195.6,False,False,False,1016.1,999.0
34,1003,4,2002,2002-08-23,1.69269996881485,1429.63,11.199999809265137,154.0,119.0,73,19854,29,195.6,False,False,False,1016.1,81.0
34,1003,4,2004,2004-04-22,2.8403000354766847,1549.38,9.800000190734863,431.0,90.0,81,21504,31,195.6,False,False,False,1016.1,608.0
34,1003,6,2005,2005-11-18,3.306499981880188,1672.45,10.600000381469728,386.0,93.0,78,22273,32,195.6,False,False,False,1016.1,575.0
34,1003,6,2007,2007-10-11,4.641600012779236,1446.37,10.199999809265137,372.0,87.0,78,23187,34,195.6,False,False,False,1016.1,692.0
34,1011,1,1989,1989-11-30,1.6093999981880187,1564.45,11.0,212.0,76.0,80,13905,18,228.6,False,False,False,1018.6,0.0
34,1011,1,1990,1990-11-30,1.618400013446808,1199.28,12.5,32.0,76.0,80,15200,19,228.6,False,False,False,1018.6,365.0
34,1011,1,1991,1991-09-07,1.713099992275238,1252.53,12.600000381469728,64.0,82.0,77,16465,20,228.6,False,False,False,1018.6,281.0
34,1011,1,1992,1992-06-22,1.6121000289916991,1297.41,11.199999809265137,92.0,90.0,77,17995,21,228.6,False,False,False,1018.6,289.0
34,1011,1,1993,1993-06-10,1.723800003528595,1351.47,11.5,141.0,83.0,78,19094,22,228.6,False,False,False,1018.6,353.0
34,1011,1,1994,1994-06-09,1.8254000306129456,1251.45,11.199999809265137,255.0,81.0,80,20044,23,228.6,False,False,False,1018.6,364.0
34,1011,1,1995,1995-06-23,1.8270000219345093,1157.22,11.800000190734863,159.0,83.0,75,21040,24,228.6,False,False,False,1018.6,379.0
34,1011,1,1997,1997-12-13,1.8616000056266784,1285.79,11.300000190734863,86.0,91.0,77,23245,26,228.6,False,False,False,1018.6,904.0
34,1011,2,1998,1998-08-06,1.0906999945640563,1110.65,12.899999618530272,33.0,57.0,78,24411,27,266.6,False,False,False,1056.6,236.0
34,1011,2,1999,1999-09-02,1.0795000076293946,1237.95,12.600000381469728,75.0,74.0,75,25670,28,266.6,False,False,False,1056.6,392.0
34,1011,2,2000,2000-10-04,1.0922000050544738,1170.82,11.399999618530272,185.0,73.0,78,26963,29,266.6,False,False,False,1056.6,398.0
34,1011,2,2003,2003-01-11,1.1069999933242798,1712.74,11.199999809265137,198.0,67.0,82,31511,32,266.6,False,False,False,1056.6,829.0
34,1011,2,2004,2004-03-15,1.1299999952316284,1472.26,11.899999618530272,202.0,69.0,80,33112,33,266.6,False,False,False,1056.6,429.0
34,1011,2,2007,2007-10-10,1.2769999980926514,1305.58,12.100000381469728,154.0,77.0,78,37072,36,266.6,False,False,False,1056.6,1304.0
34,1011,2,2009,2009-04-24,1.2861000180244446,1683.28,11.699999809265137,162.0,68.0,81,39404,38,266.6,False,False,False,1056.6,562.0
34,1011,2,2010,2010-03-08,1.3682999968528748,1292.43,12.399999618530272,153.0,78.0,78,40420,39,266.6,False,False,False,1056.6,318.0
34,1030,1,1989,1989-11-27,3.5508999824523926,1680.23,8.899999618530273,456.0,102.0,80,8206,21,152.4,False,False,False,919.5,0.0
34,1030,1,1990,1990-11-29,3.9907999992370606,1490.39,10.600000381469728,128.0,112.0,81,8626,22,152.4,False,False,False,919.5,367.0
34,1030,2,1991,1991-09-06,4.770399951934815,1399.54,10.899999618530272,213.0,102.0,76,9046,23,152.4,False,False,False,919.5,281.0
34,1030,2,1992,1992-06-17,4.496099925041198,1341.22,9.199999809265137,249.0,114.0,78,9511,24,152.4,False,False,False,919.5,285.0
34,1030,2,1993,1993-06-08,4.791000032424927,1505.25,9.5,403.0,103.0,78,9874,25,152.4,False,False,False,919.5,356.0
34,1030,2,1994,1994-06-07,5.742899942398071,1446.42,9.199999809265137,543.0,85.0,80,10236,26,152.4,False,False,False,919.5,364.0
34,1030,2,1995,1995-06-22,5.666099929809571,1398.56,9.899999618530272,359.0,105.0,75,10588,27,152.4,False,False,False,919.5,380.0
34,1030,3,1997,1997-07-19,2.8108999729156494,1207.11,9.399999618530272,245.0,124.0,76,11241,29,195.6,False,False,False,962.7,758.0
34,1030,3,1998,1998-08-09,2.8007999658584595,1284.26,11.199999809265137,124.0,104.0,78,11523,30,195.6,False,False,False,962.7,386.0
34,1030,3,1999,1999-09-08,2.7743000030517577,1409.7,11.0,203.0,109.0,74,11909,31,195.6,False,False,False,962.7,395.0
34,1030,3,2002,2002-07-13,2.9505499720573427,1429.63,11.199999809265137,154.0,119.0,73,13036,34,195.6,False,False,False,962.7,1039.0
34,1030,3,2004,2004-04-22,3.2457000017166138,1549.38,9.800000190734863,431.0,90.0,81,14079,36,195.6,False,False,False,962.7,649.0
34,1030,4,2005,2005-11-18,3.7209000110626222,1672.45,10.600000381469728,386.0,93.0,78,14501,37,195.6,False,False,False,962.7,575.0
34,1030,5,2007,2007-06-26,4.436599969863892,1446.37,10.199999809265137,372.0,87.0,78,15227,39,195.6,False,False,False,962.7,585.0
34,1031,1,1989,1989-12-01,1.7555999755859375,1529.72,11.300000190734863,242.0,88.0,81,4414,17,185.4,False,False,False,464.8,0.0
34,1031,1,1990,1990-11-15,1.810700011253357,1172.33,13.0,33.0,85.0,79,5029,18,185.4,False,False,False,464.8,349.0
34,1031,1,1991,1991-09-08,1.922100007534027,1199.56,13.100000381469728,66.0,88.0,76,5858,19,185.4,False,False,False,464.8,297.0
34,1031,1,1992,1992-06-21,1.8167999982833865,1293.52,11.600000381469728,86.0,103.0,76,6693,20,185.4,False,False,False,464.8,287.0
34,1031,1,1993,1993-10-16,1.997900032997132,1310.3,11.899999618530272,143.0,94.0,77,7795,21,185.4,False,False,False,464.8,482.0
34,1031,1,1994,1994-06-10,2.453000020980835,1343.69,11.5,251.0,87.0,79,8849,22,185.4,False,False,False,464.8,237.0
34,1031,1,1995,1995-06-24,2.283900022506714,1229.32,12.100000381469728,172.0,89.0,74,9969,23,185.4,False,False,False,464.8,379.0
34,1031,2,1997,1997-12-09,0.6938000023365021,1269.92,11.699999809265137,92.0,95.0,76,12052,25,236.2,False,False,False,515.5999999999999,899.0
34,1031,2,1998,1998-07-30,0.7528000116348266,1064.96,13.5,35.0,67.0,76,13359,26,236.2,False,False,False,515.5999999999999,233.0
34,1031,2,1999,1999-09-01,0.7055999934673309,1314.24,13.0,79.0,82.0,74,14703,27,236.2,False,False,False,515.5999999999999,398.0
34,1031,2,2000,2000-06-12,0.7076000034809113,1289.54,11.699999809265137,199.0,78.0,77,15919,28,236.2,False,False,False,515.5999999999999,285.0
34,1031,2,2002,2002-08-22,0.6931999921798706,1254.67,13.600000381469728,53.0,85.0,72,18576,30,236.2,False,False,False,515.5999999999999,801.0
34,1031,2,2004,2004-03-17,0.6770999968051911,1438.6,12.300000190734863,209.0,72.0,80,21505,32,236.2,False,False,False,515.5999999999999,573.0
34,1031,2,2005,2005-11-17,0.6890999972820282,1299.94,12.600000381469728,174.0,90.0,78,23080,33,236.2,False,False,False,515.5999999999999,610.0
34,1033,1,1989,1989-11-28,3.1840999841690065,1629.0,9.699999809265137,366.0,99.0,80,5540,16,30.5,False,True,False,538.5,0.0
34,1033,1,1990,1990-11-30,2.743099999427796,1316.71,11.399999618530272,86.0,113.0,80,5905,17,30.5,False,True,False,538.5,367.0
34,1033,1,1991,1991-09-06,2.787399995326996,1136.21,11.600000381469728,155.0,107.0,76,6205,18,30.5,False,True,False,538.5,280.0
34,1033,1,1992,1992-06-18,2.904400026798248,1275.51,10.0,192.0,112.0,77,6435,19,30.5,False,True,False,538.5,286.0
34,1033,1,1993,1993-06-09,2.868099999427796,1374.25,10.199999809265137,303.0,102.0,78,6708,20,30.5,False,True,False,538.5,356.0
34,1033,1,1994,1994-06-08,2.9016000032424927,1364.48,9.899999618530272,450.0,81.0,80,6968,21,30.5,False,True,False,538.5,364.0
34,1033,1,1995,1995-06-22,3.142699992656708,1317.72,10.600000381469728,297.0,104.0,75,7239,22,30.5,False,True,False,538.5,379.0
34,1033,2,1997,1997-12-08,1.269000005722046,1156.78,10.300000190734863,171.0,119.0,76,7671,24,63.5,False,True,False,571.5,900.0
34,1033,2,1998,1998-08-07,1.3030999898910522,1142.38,12.100000381469728,76.0,101.0,77,7969,25,63.5,False,True,False,571.5,242.0
34,1033,2,1999,1999-09-08,1.3603000044822693,1326.7,11.699999809265137,162.0,104.0,74,8143,26,63.5,False,True,False,571.5,397.0
34,1033,2,2002,2002-07-14,1.6430000007152556,1327.88,12.0,124.0,113.0,73,8905,29,63.5,False,True,False,571.5,1040.0
34,1033,2,2003,2003-07-21,1.7732999920845032,1839.77,10.100000381469728,356.0,90.0,83,9155,30,63.5,False,True,False,571.5,372.0
34,1033,3,2004,2004-04-21,1.5728999972343445,1429.01,10.699999809265137,331.0,86.0,81,9447,31,71.1,False,True,False,579.1,275.0
34,1033,3,2007,2007-06-27,1.969399988651276,1355.57,11.100000381469728,303.0,87.0,78,10206,34,71.1,False,True,False,579.1,1162.0
34,1033,4,2009,2009-06-25,2.1508000016212465,1548.62,10.5,290.0,77.0,81,10748,36,71.1,False,True,False,579.1,729.0
34,1033,5,2011,2011-08-04,2.1394999742507936,1792.27,11.5,249.0,91.0,82,11164,38,71.1,False,True,False,579.1,770.0
34,1034,1,1989,1989-11-30,1.345199978351593,1480.25,10.600000381469728,287.0,95.0,80,4828,5,76.2,False,True,False,297.2,0.0
34,1034,1,1990,1990-11-17,1.348699998855591,1169.93,12.399999618530272,47.0,101.0,79,6078,6,76.2,False,True,False,297.2,352.0
34,1034,1,1991,1991-09-07,1.3913999915122983,1168.28,12.5,100.0,101.0,76,7508,7,76.2,False,True,False,297.2,294.0
34,1034,1,1992,1992-06-20,1.3837999820709228,1288.77,11.0,127.0,110.0,77,9123,8,76.2,False,True,False,297.2,287.0
34,1034,1,1993,1993-06-11,1.4020999908447265,1283.71,11.199999809265137,200.0,102.0,78,10280,9,76.2,False,True,False,297.2,356.0
34,1034,1,1994,1994-06-10,1.4334999918937683,1312.14,10.699999809265137,359.0,87.0,80,11469,10,76.2,False,True,False,297.2,364.0
34,1034,1,1995,1995-06-24,1.471999990940094,1219.36,11.5,236.0,99.0,74,12652,11,76.2,False,True,False,297.2,379.0
34,1034,1,1997,1997-12-09,1.4860000133514406,1203.1,11.100000381469728,117.0,109.0,76,15165,13,76.2,False,True,False,297.2,899.0
34,1034,1,1998,1998-08-12,1.4987000107765198,1010.69,13.0,44.0,77.0,76,16505,14,76.2,False,True,False,297.2,246.0
34,1034,1,1999,1999-09-01,1.4760000109672546,1262.47,12.5,109.0,95.0,74,17813,15,76.2,False,True,False,297.2,385.0
34,1034,1,2001,2001-12-06,1.5552000164985658,993.11,12.5,104.0,98.0,73,20635,17,76.2,False,True,False,297.2,827.0
34,1034,1,2002,2002-08-22,1.5199000000953675,1277.68,13.0,81.0,101.0,72,22196,18,76.2,False,True,False,297.2,259.0
34,1034,1,2004,2004-03-17,1.518300008773804,1413.33,11.600000381469728,259.0,82.0,81,25409,20,76.2,False,True,False,297.2,573.0
34,1034,2,2005,2005-11-17,1.540499997138977,1343.11,12.100000381469728,239.0,93.0,78,26895,21,76.2,False,True,False,297.2,610.0
34,1034,3,2007,2007-06-28,1.6044000029563903,1333.85,12.0,221.0,90.0,77,29499,23,76.2,False,True,False,297.2,588.0
34,1638,1,1989,1989-11-30,0.8986000061035156,1480.25,10.600000381469728,287.0,95.0,80,4813,5,233.7,False,True,False,421.7,0.0
34,1638,1,1990,1990-11-16,0.94200000166893,1169.93,12.399999618530272,47.0,101.0,79,6063,6,233.7,False,True,False,421.7,351.0
34,1638,1,1991,1991-09-07,0.939300000667572,1168.28,12.5,100.0,101.0,76,7493,7,233.7,False,True,False,421.7,295.0
34,1638,1,1992,1992-06-20,0.898799991607666,1288.77,11.0,127.0,110.0,77,9108,8,233.7,False,True,False,421.7,287.0
34,1638,1,1993,1993-06-11,0.92260000705719,1283.71,11.199999809265137,200.0,102.0,78,10254,9,233.7,False,True,False,421.7,356.0
34,1638,1,1994,1994-06-10,0.9605999886989594,1312.14,10.699999809265137,359.0,87.0,80,11403,10,233.7,False,True,False,421.7,364.0
34,1638,1,1997,1997-12-09,1.0300000071525577,1203.1,11.100000381469728,117.0,109.0,76,15013,13,233.7,False,True,False,421.7,1278.0
34,1638,1,1998,1998-08-12,0.9989000141620636,1010.69,13.0,44.0,77.0,76,16282,14,233.7,False,True,False,421.7,246.0
34,1638,1,1999,1999-09-01,1.0278999984264372,1262.47,12.5,109.0,95.0,74,17460,15,233.7,False,True,False,421.7,385.0
34,1638,1,2001,2001-12-06,1.0633000016212464,993.11,12.5,104.0,98.0,73,20432,17,233.7,False,True,False,421.7,827.0
34,1638,1,2002,2002-07-14,1.0416499972343445,1277.68,13.0,81.0,101.0,72,22041,18,233.7,False,True,False,421.7,220.0
34,1638,1,2003,2003-05-18,1.0198000133037568,1770.76,11.0,261.0,82.0,82,23955,19,233.7,False,True,False,421.7,308.0
34,1638,1,2004,2004-03-17,1.0309000253677367,1413.33,11.600000381469728,259.0,82.0,81,25815,20,233.7,False,True,False,421.7,304.0
34,1638,1,2005,2005-11-17,1.0423999965190889,1343.11,12.100000381469728,239.0,93.0,78,27515,21,233.7,False,True,False,421.7,610.0
34,6057,1,1990,1990-11-29,1.5168999910354617,1316.71,11.399999618530272,86.0,113.0,80,33308,30,200.6,False,False,False,391.1,0.0
34,6057,1,1991,1991-09-06,1.5015999913215636,1136.21,11.600000381469728,155.0,107.0,76,35008,31,200.6,False,False,False,391.1,281.0
34,6057,1,1992,1992-06-18,1.5070999741554258,1275.51,10.0,192.0,112.0,77,36768,32,200.6,False,False,False,391.1,286.0
34,6057,1,1993,1993-10-16,1.5179000020027162,1374.25,10.199999809265137,303.0,102.0,78,37403,33,200.6,False,False,False,391.1,485.0
34,6057,1,1994,1994-06-08,1.51379998922348,1364.48,9.899999618530272,450.0,81.0,80,38009,34,200.6,False,False,False,391.1,235.0
34,6057,1,1995,1995-06-26,1.535300004482269,1317.72,10.600000381469728,297.0,104.0,75,38633,35,200.6,False,False,False,391.1,383.0
34,6057,1,1997,1997-12-08,1.5673999905586244,1156.78,10.300000190734863,171.0,119.0,76,41310,37,200.6,False,False,False,391.1,896.0
34,6057,1,1998,1998-08-07,1.58400000333786,1142.38,12.100000381469728,76.0,101.0,77,41862,38,200.6,False,False,False,391.1,242.0
34,6057,1,1999,1999-09-08,1.5623000144958494,1326.7,11.699999809265137,162.0,104.0,74,42443,39,200.6,False,False,False,391.1,397.0
34,6057,1,2002,2002-06-03,1.562000000476837,1327.88,12.0,124.0,113.0,73,46014,42,200.6,False,False,False,391.1,999.0
34,6057,1,2004,2004-04-21,1.5537999868392944,1429.01,10.699999809265137,331.0,86.0,81,51510,44,200.6,False,False,False,391.1,688.0
34,6057,1,2005,2005-08-10,1.6077000021934509,1484.24,11.300000190734863,317.0,92.0,77,54424,45,200.6,False,False,False,391.1,476.0
35,0101,1,1997,1997-03-11,0.5937000155448914,259.53,16.600000381469727,14.0,74.0,42,725,4,188.0,False,False,True,543.6,0.0
35,0101,1,2000,2000-05-21,0.709499990940094,305.37,17.600000381469727,0.0,64.0,37,1546,7,188.0,False,False,True,543.6,1167.0
35,0101,1,2001,2001-05-04,0.8469000041484833,189.41,17.5,0.0,70.0,38,1579,8,188.0,False,False,True,543.6,348.0
35,0101,1,2003,2003-01-09,1.081300002336502,147.27,17.799999237060547,1.0,57.0,36,1672,10,188.0,False,False,True,543.6,615.0
35,0101,1,2004,2004-06-09,1.1537999987602232,308.47,16.600000381469727,4.0,62.0,42,1724,11,188.0,False,False,True,543.6,517.0
35,0101,1,2005,2005-03-11,1.4497000217437743,261.54,17.299999237060547,2.0,49.0,41,2343,12,188.0,False,False,True,543.6,275.0
35,0101,1,2006,2006-04-24,1.5995000123977663,331.64,17.100000381469727,0.0,58.0,39,2995,13,188.0,False,False,True,543.6,409.0
35,0102,1,1997,1997-03-11,0.6712999999523163,259.53,16.600000381469727,14.0,74.0,42,725,4,152.4,False,False,True,614.7,0.0
35,0102,1,2000,2000-05-21,0.8647999942302704,305.37,17.600000381469727,0.0,64.0,37,1546,7,152.4,False,False,True,614.7,1167.0
35,0102,1,2001,2001-05-04,1.003799992799759,189.41,17.5,0.0,70.0,38,1579,8,152.4,False,False,True,614.7,348.0
35,0102,1,2003,2003-01-09,1.2524000287055967,147.27,17.799999237060547,1.0,57.0,36,1672,10,152.4,False,False,True,614.7,615.0
35,0102,1,2004,2004-06-09,1.6021999835968015,308.47,16.600000381469727,4.0,62.0,42,1724,11,152.4,False,False,True,614.7,517.0
35,0102,1,2005,2005-03-11,1.388199996948242,261.54,17.299999237060547,2.0,49.0,41,2343,12,152.4,False,False,True,614.7,275.0
35,0102,2,2006,2006-04-24,1.4728999972343444,331.64,17.100000381469727,0.0,58.0,39,2995,13,121.9,False,False,True,584.2,409.0
35,0103,1,1997,1997-03-11,0.6378999948501587,259.53,16.600000381469727,14.0,74.0,42,725,4,134.6,False,True,True,464.8,0.0
35,0103,1,2000,2000-05-21,0.7771999955177307,305.37,17.600000381469727,0.0,64.0,37,1546,7,134.6,False,True,True,464.8,1167.0
35,0103,1,2001,2001-05-04,0.8820999920368194,189.41,17.5,0.0,70.0,38,1579,8,134.6,False,True,True,464.8,348.0
35,0103,1,2003,2003-01-09,1.3514000058174134,147.27,17.799999237060547,1.0,57.0,36,1672,10,134.6,False,True,True,464.8,615.0
35,0103,1,2004,2004-06-09,1.8087000250816343,308.47,16.600000381469727,4.0,62.0,42,1724,11,134.6,False,True,True,464.8,517.0
35,0103,1,2005,2005-03-11,1.9425000190734865,261.54,17.299999237060547,2.0,49.0,41,2343,12,134.6,False,True,True,464.8,275.0
35,0103,1,2006,2006-04-24,1.9925000071525567,331.64,17.100000381469727,0.0,58.0,39,2995,13,134.6,False,True,True,464.8,409.0
35,0104,1,1997,1997-03-11,0.5599999994039535,259.53,16.600000381469727,14.0,74.0,42,725,4,213.3,False,True,True,645.1,0.0
35,0104,1,2000,2000-05-21,0.6706999957561492,305.37,17.600000381469727,0.0,64.0,37,1546,7,213.3,False,True,True,645.1,1167.0
35,0104,1,2001,2001-05-04,0.715499997138977,189.41,17.5,0.0,70.0,38,1579,8,213.3,False,True,True,645.1,348.0
35,0104,1,2003,2003-01-09,0.8544000029563903,147.27,17.799999237060547,1.0,57.0,36,1672,10,213.3,False,True,True,645.1,615.0
35,0104,1,2004,2004-06-09,1.0300999999046323,308.47,16.600000381469727,4.0,62.0,42,1724,11,213.3,False,True,True,645.1,517.0
35,0104,1,2005,2005-03-11,1.047800010442734,261.54,17.299999237060547,2.0,49.0,41,2343,12,213.3,False,True,True,645.1,275.0
35,0104,1,2006,2006-04-24,1.091799998283386,331.64,17.100000381469727,0.0,58.0,39,2995,13,213.3,False,True,True,645.1,409.0
35,0105,1,1997,1997-03-11,0.5680000007152557,259.53,16.600000381469727,14.0,74.0,42,725,4,147.3,False,True,True,502.9,0.0
35,0105,1,2000,2000-05-21,0.6352999985218049,305.37,17.600000381469727,0.0,64.0,37,1546,7,147.3,False,True,True,502.9,1167.0
35,0105,1,2001,2001-05-04,0.7008000016212463,189.41,17.5,0.0,70.0,38,1579,8,147.3,False,True,True,502.9,348.0
35,0105,1,2003,2003-01-09,0.9211000025272368,147.27,17.799999237060547,1.0,57.0,36,1672,10,147.3,False,True,True,502.9,615.0
35,0105,1,2004,2004-06-09,1.0569999814033508,308.47,16.600000381469727,4.0,62.0,42,1724,11,147.3,False,True,True,502.9,517.0
35,0105,1,2005,2005-03-11,1.1211999893188476,261.54,17.299999237060547,2.0,49.0,41,2343,12,147.3,False,True,True,502.9,275.0
35,0105,1,2006,2006-04-24,0.988400000333786,331.64,17.100000381469727,0.0,58.0,39,2995,13,147.3,False,True,True,502.9,409.0
35,0106,1,1997,1997-03-11,0.5751000076532364,259.53,16.600000381469727,14.0,74.0,42,725,4,198.1,False,True,True,629.9,0.0
35,0106,1,2000,2000-05-21,0.7097000062465668,305.37,17.600000381469727,0.0,64.0,37,1546,7,198.1,False,True,True,629.9,1167.0
35,0106,1,2001,2001-05-04,0.8442000031471253,189.41,17.5,0.0,70.0,38,1579,8,198.1,False,True,True,629.9,348.0
35,0106,1,2003,2003-01-09,0.9873000025749206,147.27,17.799999237060547,1.0,57.0,36,1672,10,198.1,False,True,True,629.9,615.0
35,0106,1,2004,2004-06-09,1.0408999979496003,308.47,16.600000381469727,4.0,62.0,42,1724,11,198.1,False,True,True,629.9,517.0
35,0106,1,2005,2005-03-11,1.060800015926361,261.54,17.299999237060547,2.0,49.0,41,2343,12,198.1,False,True,True,629.9,275.0
35,0106,1,2006,2006-04-24,1.0467999935150147,331.64,17.100000381469727,0.0,58.0,39,2995,13,198.1,False,True,True,629.9,409.0
35,0107,1,1997,1997-03-11,0.6655000030994416,259.53,16.600000381469727,14.0,74.0,42,725,4,152.4,False,True,True,505.5,0.0
35,0107,1,2000,2000-05-21,0.8390999972820282,305.37,17.600000381469727,0.0,64.0,37,1546,7,152.4,False,True,True,505.5,1167.0
35,0107,1,2001,2001-05-04,0.8798999965190888,189.41,17.5,0.0,70.0,38,1579,8,152.4,False,True,True,505.5,348.0
35,0107,1,2003,2003-01-09,1.2169999957084656,147.27,17.799999237060547,1.0,57.0,36,1672,10,152.4,False,True,True,505.5,615.0
35,0107,1,2004,2004-06-09,1.3499000072479248,308.47,16.600000381469727,4.0,62.0,42,1724,11,152.4,False,True,True,505.5,517.0
35,0107,1,2005,2005-03-11,1.6044999837875369,261.54,17.299999237060547,2.0,49.0,41,2343,12,152.4,False,True,True,505.5,275.0
35,0107,1,2006,2006-04-24,1.6520999908447265,331.64,17.100000381469727,0.0,58.0,39,2995,13,152.4,False,True,True,505.5,409.0
35,0108,1,1997,1997-03-11,0.8294000029563904,259.53,16.600000381469727,14.0,74.0,42,725,4,198.1,False,True,True,662.9000000000001,0.0
35,0108,1,2000,2000-05-21,0.8223999977111817,305.37,17.600000381469727,0.0,64.0,37,1546,7,198.1,False,True,True,662.9000000000001,1167.0
35,0108,1,2001,2001-05-04,0.8513999998569488,189.41,17.5,0.0,70.0,38,1579,8,198.1,False,True,True,662.9000000000001,348.0
35,0108,1,2003,2003-01-09,0.9840000152587892,147.27,17.799999237060547,1.0,57.0,36,1672,10,198.1,False,True,True,662.9000000000001,615.0
35,0108,1,2004,2004-06-09,1.0796999812126158,308.47,16.600000381469727,4.0,62.0,42,1724,11,198.1,False,True,True,662.9000000000001,517.0
35,0108,1,2005,2005-03-11,1.091100001335144,261.54,17.299999237060547,2.0,49.0,41,2343,12,198.1,False,True,True,662.9000000000001,275.0
35,0108,1,2006,2006-04-24,1.21599999666214,331.64,17.100000381469727,0.0,58.0,39,2995,13,198.1,False,True,True,662.9000000000001,409.0
35,0109,1,1997,1997-03-11,0.5882000148296356,259.53,16.600000381469727,14.0,74.0,42,725,4,205.8,False,True,True,754.4000000000001,0.0
35,0109,1,2000,2000-05-21,0.6307999968528748,305.37,17.600000381469727,0.0,64.0,37,1546,7,205.8,False,True,True,754.4000000000001,1167.0
35,0109,1,2001,2001-05-04,0.7029000043869018,189.41,17.5,0.0,70.0,38,1579,8,205.8,False,True,True,754.4000000000001,348.0
35,0109,1,2003,2003-01-09,0.8540000021457672,147.27,17.799999237060547,1.0,57.0,36,1672,10,205.8,False,True,True,754.4000000000001,615.0
35,0109,1,2004,2004-06-09,0.9839999973773956,308.47,16.600000381469727,4.0,62.0,42,1724,11,205.8,False,True,True,754.4000000000001,517.0
35,0109,1,2005,2005-03-11,1.0480999886989593,261.54,17.299999237060547,2.0,49.0,41,2343,12,205.8,False,True,True,754.4000000000001,275.0
35,0109,1,2006,2006-04-24,1.0880000114440918,331.64,17.100000381469727,0.0,58.0,39,2995,13,205.8,False,True,True,754.4000000000001,409.0
35,0110,1,1997,1997-03-11,0.6148999989032746,259.53,16.600000381469727,14.0,74.0,42,725,4,203.2,True,True,True,563.8000000000001,0.0
35,0110,1,2000,2000-05-21,0.6094999969005584,305.37,17.600000381469727,0.0,64.0,37,1546,7,203.2,True,True,True,563.8000000000001,1167.0
35,0110,1,2001,2001-05-04,0.619999998807907,189.41,17.5,0.0,70.0,38,1579,8,203.2,True,True,True,563.8000000000001,348.0
35,0110,1,2003,2003-01-09,0.7167999982833861,147.27,17.799999237060547,1.0,57.0,36,1672,10,203.2,True,True,True,563.8000000000001,615.0
35,0110,1,2004,2004-06-09,0.8393000066280365,308.47,16.600000381469727,4.0,62.0,42,1724,11,203.2,True,True,True,563.8000000000001,517.0
35,0110,1,2005,2005-03-11,0.8442000091075897,261.54,17.299999237060547,2.0,49.0,41,2343,12,203.2,True,True,True,563.8000000000001,275.0
35,0110,1,2006,2006-04-24,0.866400009393692,331.64,17.100000381469727,0.0,58.0,39,2995,13,203.2,True,True,True,563.8000000000001,409.0
35,0110,1,2008,2008-05-15,1.0203000009059906,324.6,16.299999237060547,1.0,60.0,40,4261,15,203.2,True,True,True,563.8000000000001,752.0
35,0111,1,1997,1997-03-11,0.4796000003814697,259.53,16.600000381469727,14.0,74.0,42,725,4,127.0,True,True,True,568.9,0.0
35,0111,1,2000,2000-05-21,0.582399994134903,305.37,17.600000381469727,0.0,64.0,37,1546,7,127.0,True,True,True,568.9,1167.0
35,0111,1,2001,2001-05-04,0.6073000013828278,189.41,17.5,0.0,70.0,38,1579,8,127.0,True,True,True,568.9,348.0
35,0111,1,2003,2003-01-09,0.7157999932765962,147.27,17.799999237060547,1.0,57.0,36,1672,10,127.0,True,True,True,568.9,615.0
35,0111,1,2004,2004-06-09,0.7394000113010406,308.47,16.600000381469727,4.0,62.0,42,1724,11,127.0,True,True,True,568.9,517.0
35,0111,1,2005,2005-03-11,0.8825000047683715,261.54,17.299999237060547,2.0,49.0,41,2343,12,127.0,True,True,True,568.9,275.0
35,0111,2,2006,2006-04-24,0.8620999932289124,331.64,17.100000381469727,0.0,58.0,39,2995,13,124.4,True,True,True,566.3,409.0
35,0111,2,2008,2008-05-15,1.038399988412857,324.6,16.299999237060547,1.0,60.0,40,4261,15,124.4,True,True,True,566.3,752.0
35,0112,1,1997,1997-03-11,0.6938999891281128,259.53,16.600000381469727,14.0,74.0,42,725,4,137.2,True,True,True,670.5999999999999,0.0
35,0112,1,2000,2000-05-21,0.8773000001907348,305.37,17.600000381469727,0.0,64.0,37,1546,7,137.2,True,True,True,670.5999999999999,1167.0
35,0112,1,2001,2001-05-04,0.8886000037193298,189.41,17.5,0.0,70.0,38,1579,8,137.2,True,True,True,670.5999999999999,348.0
35,0112,1,2003,2003-01-09,1.1616999864578248,147.27,17.799999237060547,1.0,57.0,36,1672,10,137.2,True,True,True,670.5999999999999,615.0
35,0112,1,2004,2004-06-09,1.313700008392334,308.47,16.600000381469727,4.0,62.0,42,1724,11,137.2,True,True,True,670.5999999999999,517.0
35,0112,1,2005,2005-03-11,1.3719000101089478,261.54,17.299999237060547,2.0,49.0,41,2343,12,137.2,True,True,True,670.5999999999999,275.0
35,0112,1,2006,2006-04-24,1.428499984741211,331.64,17.100000381469727,0.0,58.0,39,2995,13,137.2,True,True,True,670.5999999999999,409.0
35,0501,3,1997,1997-03-09,0.4534000039100647,314.94,16.799999237060547,11.0,68.0,41,73943,33,266.7,False,False,False,571.5,0.0
35,0501,3,2000,2000-05-23,0.5235000073909759,246.92,17.600000381469727,0.0,60.0,37,80072,36,266.7,False,False,False,571.5,1171.0
35,0501,3,2001,2001-05-02,0.5517999976873398,194.95,17.299999237060547,0.0,65.0,40,82541,37,266.7,False,False,False,571.5,344.0
35,0501,6,2003,2003-01-08,0.7476999938488007,194.27,17.899999618530273,1.0,46.0,36,83520,39,266.7,False,False,False,571.5,616.0
35,0502,2,1997,1997-03-09,0.5940000116825104,314.94,16.799999237060547,11.0,68.0,41,73943,33,287.0,False,False,False,604.5,0.0
35,0502,2,2000,2000-05-23,0.570799994468689,246.92,17.600000381469727,0.0,60.0,37,80072,36,287.0,False,False,False,604.5,1171.0
35,0502,2,2001,2001-05-02,0.6072000026702881,194.95,17.299999237060547,0.0,65.0,40,82541,37,287.0,False,False,False,604.5,344.0
35,0502,2,2003,2003-01-08,0.6843999981880188,194.27,17.899999618530273,1.0,46.0,36,83520,39,287.0,False,False,False,604.5,616.0
35,0502,2,2004,2004-06-08,0.7660999953746797,341.33,16.600000381469727,2.0,54.0,42,84497,40,287.0,False,False,False,604.5,517.0
35,0502,3,2005,2005-03-09,0.866700005531311,233.96,17.5,2.0,37.0,40,87621,41,287.0,False,False,False,604.5,274.0
35,0502,3,2006,2006-04-24,1.0112999856472014,331.53,17.0,1.0,51.0,40,90890,42,287.0,False,False,False,604.5,411.0
35,0503,2,1997,1997-03-09,0.4473999977111816,314.94,16.799999237060547,11.0,68.0,41,73943,33,353.1,False,False,False,734.1,0.0
35,0503,2,2000,2000-05-23,0.435699999332428,246.92,17.600000381469727,0.0,60.0,37,80072,36,353.1,False,False,False,734.1,1171.0
35,0503,2,2001,2001-05-02,0.4516000002622604,194.95,17.299999237060547,0.0,65.0,40,82541,37,353.1,False,False,False,734.1,344.0
35,0503,2,2003,2003-01-08,0.5056999981403351,194.27,17.899999618530273,1.0,46.0,36,83520,39,353.1,False,False,False,734.1,616.0
35,0503,2,2004,2004-06-08,0.5650999963283538,341.33,16.600000381469727,2.0,54.0,42,84497,40,353.1,False,False,False,734.1,517.0
35,0503,2,2005,2005-03-09,0.6064000070095062,233.96,17.5,2.0,37.0,40,87621,41,353.1,False,False,False,734.1,274.0
35,0503,2,2006,2006-04-24,0.7007999956607819,331.53,17.0,1.0,51.0,40,90890,42,353.1,False,False,False,734.1,411.0
35,0504,2,1997,1997-03-09,0.4433999985456467,314.94,16.799999237060547,11.0,68.0,41,73943,33,342.9,False,False,False,665.5,0.0
35,0504,2,2000,2000-05-23,0.4287000000476837,246.92,17.600000381469727,0.0,60.0,37,80072,36,342.9,False,False,False,665.5,1171.0
35,0504,2,2001,2001-05-02,0.4358999967575073,194.95,17.299999237060547,0.0,65.0,40,82541,37,342.9,False,False,False,665.5,344.0
35,0504,2,2003,2003-01-08,0.5226000010967254,194.27,17.899999618530273,1.0,46.0,36,83520,39,342.9,False,False,False,665.5,616.0
35,0504,3,2004,2004-06-08,0.601200008392334,341.33,16.600000381469727,2.0,54.0,42,84497,40,342.9,False,False,False,665.5,517.0
35,0504,3,2005,2005-03-09,0.693099993467331,233.96,17.5,2.0,37.0,40,87621,41,342.9,False,False,False,665.5,274.0
35,0504,3,2006,2006-04-24,0.7923999905586243,331.53,17.0,1.0,51.0,40,90890,42,342.9,False,False,False,665.5,411.0
35,0505,2,1997,1997-03-09,0.4652999937534332,314.94,16.799999237060547,11.0,68.0,41,73943,33,279.4,False,False,False,482.6,0.0
35,0505,2,2000,2000-05-23,0.5542999982833863,246.92,17.600000381469727,0.0,60.0,37,80072,36,279.4,False,False,False,482.6,1171.0
35,0505,2,2001,2001-05-02,0.4635000050067901,194.95,17.299999237060547,0.0,65.0,40,82541,37,279.4,False,False,False,482.6,344.0
35,0505,2,2003,2003-01-08,0.5833000004291534,194.27,17.899999618530273,1.0,46.0,36,83520,39,279.4,False,False,False,482.6,616.0
35,0505,2,2004,2004-06-08,0.5995000004768372,341.33,16.600000381469727,2.0,54.0,42,84497,40,279.4,False,False,False,482.6,517.0
35,0505,2,2005,2005-03-09,0.6800999939441681,233.96,17.5,2.0,37.0,40,87621,41,279.4,False,False,False,482.6,274.0
35,0505,2,2006,2006-04-24,0.7845000088214875,331.53,17.0,1.0,51.0,40,90890,42,279.4,False,False,False,482.6,411.0
35,0506,3,1997,1997-03-09,0.4366999983787537,314.94,16.799999237060547,11.0,68.0,41,73943,33,287.0,False,False,False,591.8,0.0
35,0506,3,2000,2000-05-23,0.4337999999523163,246.92,17.600000381469727,0.0,60.0,37,80072,36,287.0,False,False,False,591.8,1171.0
35,0506,3,2001,2001-05-02,0.4411999970674515,194.95,17.299999237060547,0.0,65.0,40,82541,37,287.0,False,False,False,591.8,344.0
35,0506,3,2003,2003-01-08,0.5444999963045121,194.27,17.899999618530273,1.0,46.0,36,83520,39,287.0,False,False,False,591.8,616.0
35,0506,3,2004,2004-06-08,0.5462000042200088,341.33,16.600000381469727,2.0,54.0,42,84497,40,287.0,False,False,False,591.8,517.0
35,0506,3,2005,2005-03-09,0.622900003194809,233.96,17.5,2.0,37.0,40,87621,41,287.0,False,False,False,591.8,274.0
35,0506,3,2006,2006-04-24,0.7040000021457672,331.53,17.0,1.0,51.0,40,90890,42,287.0,False,False,False,591.8,411.0
35,0507,3,1997,1997-03-09,0.5060000091791153,314.94,16.799999237060547,11.0,68.0,41,73943,33,337.8,False,False,False,744.2,0.0
35,0507,3,2000,2000-05-23,0.4785000026226044,246.92,17.600000381469727,0.0,60.0,37,80072,36,337.8,False,False,False,744.2,1171.0
35,0507,3,2001,2001-05-02,0.4696000009775162,194.95,17.299999237060547,0.0,65.0,40,82541,37,337.8,False,False,False,744.2,344.0
35,0507,3,2003,2003-01-08,0.5625000089406967,194.27,17.899999618530273,1.0,46.0,36,83520,39,337.8,False,False,False,744.2,616.0
35,0507,3,2004,2004-06-08,0.7812999993562699,341.33,16.600000381469727,2.0,54.0,42,84497,40,337.8,False,False,False,744.2,517.0
35,0507,3,2005,2005-03-09,0.9202999949455262,233.96,17.5,2.0,37.0,40,87621,41,337.8,False,False,False,744.2,274.0
35,0507,3,2006,2006-04-24,1.1810999989509583,331.53,17.0,1.0,51.0,40,90890,42,337.8,False,False,False,744.2,411.0
35,0508,3,1997,1997-03-09,0.4854000002145767,314.94,16.799999237060547,11.0,68.0,41,73943,33,375.9,False,False,False,680.7,0.0
35,0508,3,2000,2000-05-23,0.4645000010728836,246.92,17.600000381469727,0.0,60.0,37,80072,36,375.9,False,False,False,680.7,1171.0
35,0508,3,2001,2001-05-02,0.4751000046730042,194.95,17.299999237060547,0.0,65.0,40,82541,37,375.9,False,False,False,680.7,344.0
35,0508,3,2003,2003-01-08,0.5331999957561493,194.27,17.899999618530273,1.0,46.0,36,83520,39,375.9,False,False,False,680.7,616.0
35,0508,3,2004,2004-06-08,0.6136000037193299,341.33,16.600000381469727,2.0,54.0,42,84497,40,375.9,False,False,False,680.7,517.0
35,0508,3,2005,2005-03-09,0.6474999964237214,233.96,17.5,2.0,37.0,40,87621,41,375.9,False,False,False,680.7,274.0
35,0508,3,2006,2006-04-24,0.7572000086307527,331.53,17.0,1.0,51.0,40,90890,42,375.9,False,False,False,680.7,411.0
35,0509,3,1997,1997-03-09,0.5042999923229217,314.94,16.799999237060547,11.0,68.0,41,73943,33,294.7,False,False,False,574.1,0.0
35,0509,3,2000,2000-05-23,0.5081000030040741,246.92,17.600000381469727,0.0,60.0,37,80072,36,294.7,False,False,False,574.1,1171.0
35,0509,3,2001,2001-05-02,0.5093999981880188,194.95,17.299999237060547,0.0,65.0,40,82541,37,294.7,False,False,False,574.1,344.0
35,0509,3,2003,2003-01-08,0.5583000123500824,194.27,17.899999618530273,1.0,46.0,36,83520,39,294.7,False,False,False,574.1,616.0
35,0509,3,2004,2004-06-08,0.6319999992847443,341.33,16.600000381469727,2.0,54.0,42,84497,40,294.7,False,False,False,574.1,517.0
35,0509,3,2005,2005-03-09,0.6518999993801117,233.96,17.5,2.0,37.0,40,87621,41,294.7,False,False,False,574.1,274.0
35,0509,3,2006,2006-04-24,0.7792999923229218,331.53,17.0,1.0,51.0,40,90890,42,294.7,False,False,False,574.1,411.0
35,1002,1,1990,1990-10-18,0.6826000034809112,323.1,15.100000381469728,11.0,73.0,43,5277,33,195.5,True,False,False,363.1,0.0
35,1002,1,1991,1991-11-18,0.8139000058174133,453.82,14.300000190734863,10.0,90.0,48,5574,34,195.5,True,False,False,363.1,396.0
35,1002,1,1993,1993-11-30,1.0495999932289124,310.89,15.0,5.0,82.0,45,6228,36,195.5,True,False,False,363.1,743.0
35,1002,2,1995,1995-05-09,0.9759999930858612,238.7,15.600000381469728,2.0,58.0,42,6988,38,208.2,True,False,False,375.8,525.0
35,1002,2,1997,1997-05-14,1.1836999893188476,454.56,14.800000190734863,63.0,82.0,47,7660,40,208.2,True,False,False,375.8,736.0
35,1002,2,2001,2001-06-13,1.0001999974250793,357.64,15.899999618530272,16.0,75.0,42,9230,44,208.2,True,False,False,375.8,1491.0
35,1002,2,2002,2002-05-08,0.9368000030517578,317.86,15.800000190734863,17.0,88.0,40,9725,45,208.2,True,False,False,375.8,329.0
35,1003,1,1990,1990-10-18,0.8760999977588654,323.1,15.100000381469728,11.0,73.0,43,2252,8,185.4,False,False,False,350.5,0.0
35,1003,1,1991,1991-11-18,0.9852999985218048,453.82,14.300000190734863,10.0,90.0,48,2637,9,185.4,False,False,False,350.5,396.0
35,1003,1,1993,1993-11-30,1.0428999960422516,310.89,15.0,5.0,82.0,45,3519,11,185.4,False,False,False,350.5,743.0
35,1003,1,1995,1995-05-09,1.158300018310547,238.7,15.600000381469728,2.0,58.0,42,4478,13,185.4,False,False,False,350.5,525.0
35,1003,1,1997,1997-05-14,1.6707000017166138,454.56,14.800000190734863,63.0,82.0,47,5346,15,185.4,False,False,False,350.5,736.0
35,1003,2,1999,1999-02-09,1.3402000069618225,317.5,15.800000190734863,3.0,67.0,41,6180,17,185.4,False,False,False,350.5,636.0
35,1003,2,2001,2001-06-13,0.5122500047087669,357.64,15.899999618530272,16.0,75.0,42,7065,19,185.4,False,False,False,350.5,855.0
35,1005,1,1990,1990-10-17,0.5296000003814697,339.89,10.899999618530272,186.0,127.0,49,4292,8,221.0,False,False,False,431.8,0.0
35,1005,1,1991,1991-11-21,0.610999995470047,474.95,10.399999618530272,85.0,160.0,53,4490,9,221.0,False,False,False,431.8,400.0
35,1005,1,1993,1993-12-06,0.665200001001358,345.41,10.699999809265137,75.0,163.0,51,6448,11,221.0,False,False,False,431.8,746.0
35,1005,1,1995,1995-05-12,0.6293999910354615,271.17,11.5,48.0,155.0,48,8899,13,221.0,False,False,False,431.8,522.0
35,1005,1,1997,1997-05-21,0.6838000059127808,464.16,10.800000190734863,173.0,150.0,54,12791,15,221.0,False,False,False,431.8,740.0
35,1005,2,2000,2000-06-01,0.6359000027179718,339.77,12.399999618530272,56.0,148.0,45,15226,18,221.0,False,False,False,431.8,1107.0
35,1005,2,2003,2003-01-13,0.6590999960899353,304.69,12.5,42.0,140.0,44,17587,21,221.0,False,False,False,431.8,956.0
35,1005,3,2005,2005-03-17,0.7486000001430512,458.61,12.0,58.0,134.0,49,19702,23,221.0,False,False,False,431.8,794.0
35,1022,1,1990,1990-10-16,0.682700002193451,339.31,11.399999618530272,194.0,121.0,47,1856,5,160.0,False,False,False,429.2,0.0
35,1022,1,1991,1991-11-20,0.7346999943256378,369.48,10.899999618530272,94.0,157.0,48,2468,6,160.0,False,False,False,429.2,400.0
35,1022,1,1993,1993-12-02,0.765200001001358,362.07,10.699999809265137,104.0,155.0,51,3686,8,160.0,False,False,False,429.2,743.0
35,1022,1,1995,1995-05-11,0.7817000031471253,287.0,11.399999618530272,52.0,140.0,48,5328,10,160.0,False,False,False,429.2,525.0
35,1022,1,1997,1997-05-21,0.8477999985218048,373.87,11.100000381469728,133.0,144.0,51,6568,12,160.0,False,False,False,429.2,741.0
35,1022,1,1999,1999-03-09,0.8226999998092652,245.5,11.800000190734863,36.0,140.0,44,7545,14,160.0,False,False,False,429.2,657.0
35,1112,1,1990,1990-10-18,0.7807999968528747,291.14,17.399999618530273,4.0,57.0,45,1565,7,157.5,False,False,False,320.1,0.0
35,1112,1,1991,1991-02-19,0.753600001335144,411.79,16.700000762939453,3.0,56.0,49,1580,8,157.5,False,False,False,320.1,124.0
35,1112,1,1992,1992-11-17,0.7826999962329864,520.26,16.799999237060547,6.0,58.0,51,1596,9,157.5,False,False,False,320.1,637.0
35,1112,1,1994,1994-08-26,0.8419500023126603,211.66,18.200000762939453,4.0,49.0,41,2507,11,157.5,False,False,False,320.1,647.0
35,1112,1,1995,1995-04-06,0.8366666674613953,216.98,17.799999237060547,0.0,44.0,43,2544,12,157.5,False,False,False,320.1,223.0
35,1112,1,1997,1997-06-05,0.876349999010563,353.03,17.0,25.0,65.0,48,3089,14,157.5,False,False,False,320.1,791.0
35,1112,1,2000,2000-08-10,0.8371499955654145,185.06,18.5,5.0,57.0,40,4082,17,157.5,False,False,False,320.1,1162.0
35,1112,1,2001,2001-06-07,0.8699499979615212,196.31,18.39999961853028,3.0,56.0,42,4113,18,157.5,False,False,False,320.1,301.0
35,1112,1,2002,2002-06-06,0.9157999992370606,436.44,18.0,7.0,65.0,42,4158,19,157.5,False,False,False,320.1,364.0
35,1112,1,2003,2003-01-31,1.0056999951601029,257.14,18.5,2.0,48.0,42,4207,20,157.5,False,False,False,320.1,239.0
35,1112,1,2004,2004-06-07,1.1836000204086303,650.33,17.399999618530273,15.0,48.0,50,4346,21,157.5,False,False,False,320.1,493.0
35,2006,1,1990,1990-10-16,1.4086999773979183,324.51,10.100000381469728,252.0,127.0,47,2391,9,129.5,False,True,False,406.3,0.0
35,2006,1,1991,1991-11-20,1.4343000054359436,318.99,9.699999809265137,142.0,165.0,49,2688,10,129.5,False,True,False,406.3,400.0
35,2007,2,1990,1990-10-16,0.4675000011920929,324.51,10.100000381469728,252.0,127.0,47,3332,14,228.6,False,True,False,477.5,0.0
35,2007,2,1991,1991-11-20,0.513299998641014,318.99,9.699999809265137,142.0,165.0,49,3629,15,228.6,False,True,False,477.5,400.0
35,2007,3,1993,1993-12-02,0.5468000054359436,441.75,9.699999809265137,131.0,166.0,50,4283,17,228.6,False,True,False,477.5,743.0
35,2007,3,1995,1995-05-11,0.5943000018596649,244.54,10.5,78.0,153.0,47,5043,19,228.6,False,True,False,477.5,525.0
35,2007,3,1997,1997-05-21,0.7206000030040741,436.33,10.0,196.0,152.0,51,5715,21,228.6,False,True,False,477.5,741.0
35,2007,3,1999,1999-03-09,0.8866999983787536,353.31,10.699999809265137,73.0,147.0,44,6360,23,228.6,False,True,False,477.5,657.0
35,2118,1,1990,1990-10-25,1.134900003671646,319.53,15.0,28.0,96.0,45,14582,11,119.4,False,True,False,764.6,0.0
35,2118,1,1991,1991-11-14,1.1668999910354614,444.76,14.100000381469728,23.0,111.0,51,16702,12,119.4,False,True,False,764.6,385.0
35,2118,1,1993,1993-12-07,1.249400007724762,272.72,14.5,17.0,117.0,48,21643,14,119.4,False,True,False,764.6,754.0
35,2118,1,1995,1995-05-13,1.2934000194072723,295.14,15.199999809265137,12.0,81.0,45,25498,16,119.4,False,True,False,764.6,522.0
35,2118,1,1997,1997-05-22,1.4138999938964845,522.55,14.100000381469728,116.0,108.0,53,29640,18,119.4,False,True,False,764.6,740.0
35,2118,1,2000,2000-06-02,1.5592000007629396,417.74,15.800000190734863,22.0,92.0,44,39182,21,119.4,False,True,False,764.6,1107.0
35,2118,1,2001,2001-07-19,1.6425000071525573,346.1,15.800000190734863,27.0,96.0,47,41385,22,119.4,False,True,False,764.6,412.0
35,2118,2,2003,2003-11-21,0.7638000011444092,291.48,15.899999618530272,13.0,91.0,43,47402,24,256.5,False,True,False,901.7,855.0
35,2118,2,2007,2007-09-19,0.8725000083446504,388.38,15.0,32.0,93.0,50,60270,28,256.5,False,True,False,901.7,1398.0
35,2118,2,2010,2010-04-28,0.8775000095367431,349.91,15.199999809265137,28.0,109.0,48,69044,31,256.5,False,True,False,901.7,952.0
35,2118,2,2014,2014-09-10,0.9954999923706056,510.31,15.100000381469728,74.0,82.0,46,82291,35,256.5,False,True,False,901.7,1596.0
35,2118,2,2016,2016-04-25,1.06770002245903,385.63,16.200000762939453,11.0,78.0,46,89768,37,256.5,False,True,False,901.7,593.0
35,2118,2,2019,2019-03-21,1.2032999992370603,527.43,15.600000381469728,24.0,99.0,47,101546,40,256.5,False,True,False,901.7,1060.0
35,6033,1,1990,1990-10-12,1.2694000005722046,311.35,13.899999618530272,36.0,107.0,43,14241,33,167.7,True,False,False,464.8,0.0
35,6033,1,1991,1991-11-18,1.310099995136261,290.05,13.399999618530272,8.0,125.0,46,15516,34,167.7,True,False,False,464.8,402.0
35,6033,1,1993,1993-12-01,1.462399995326996,203.16,14.0,3.0,117.0,45,17260,36,167.7,True,False,False,464.8,744.0
35,6033,1,1995,1995-05-10,1.6383999824523925,167.5,14.600000381469728,3.0,89.0,42,18955,38,167.7,True,False,False,464.8,525.0
35,6033,1,1997,1997-05-15,1.6216999888420105,458.62,14.0,52.0,108.0,46,22119,40,167.7,True,False,False,464.8,736.0
35,6033,2,2000,2000-05-31,1.617900002002716,300.55,15.300000190734863,11.0,107.0,39,23524,43,167.7,True,False,False,464.8,1112.0
35,6033,2,2001,2001-02-23,1.5794000148773195,247.75,15.0,11.0,102.0,42,24021,44,167.7,True,False,False,464.8,268.0
35,6033,3,2001,2001-10-02,1.658399987220764,247.75,15.0,11.0,102.0,42,24021,44,167.7,True,False,False,464.8,221.0
35,6033,4,2001,2001-11-15,1.0807000041007997,247.75,15.0,11.0,102.0,42,24021,44,203.3,True,False,False,500.4,44.0
35,6033,4,2003,2003-01-10,1.33710001707077,231.68,15.5,9.0,96.0,39,25060,46,203.3,True,False,False,500.4,421.0
35,6033,4,2005,2005-03-14,0.7075000047683716,324.15,15.0,5.0,90.0,43,26943,48,203.3,True,False,False,500.4,794.0
35,6033,4,2007,2007-09-19,0.7422000110149384,268.45,14.399999618530272,29.0,97.0,45,28933,50,203.3,True,False,False,500.4,919.0
35,6033,4,2010,2010-04-27,0.7575999975204468,332.42,14.300000190734863,11.0,122.0,44,31030,53,203.3,True,False,False,500.4,951.0
35,6033,5,2014,2014-09-11,0.4676000028848648,444.2,15.199999809265137,10.0,80.0,41,33626,57,203.1,True,False,False,500.2,1598.0
35,6033,5,2016,2016-04-22,0.4864000052213669,455.12,15.5,6.0,75.0,41,35396,59,203.1,True,False,False,500.2,589.0
35,6035,1,1990,1990-10-15,1.129899978637695,350.73,11.300000190734863,158.0,126.0,46,25358,26,200.6,True,False,True,589.2,0.0
35,6035,1,1991,1991-11-19,1.169199991226196,402.69,11.0,57.0,154.0,48,25749,27,200.6,True,False,True,589.2,400.0
35,6035,2,1993,1993-12-03,1.4261000275611877,427.8,11.199999809265137,43.0,154.0,48,30073,29,200.6,True,False,True,589.2,745.0
35,6035,2,1995,1995-05-11,1.496399998664856,232.27,11.899999618530272,36.0,129.0,44,34673,31,200.6,True,False,True,589.2,524.0
35,6035,2,1997,1997-05-20,1.646500027179718,523.18,11.199999809265137,129.0,137.0,49,40284,33,200.6,True,False,True,589.2,740.0
35,6401,1,1990,1990-10-15,0.5863999962806701,350.73,11.300000190734863,158.0,126.0,46,22391,21,208.3,True,False,True,513.1,0.0
35,6401,1,1991,1991-11-19,0.7144999921321868,402.69,11.0,57.0,154.0,48,22719,22,208.3,True,False,True,513.1,400.0
35,6401,1,1995,1995-05-10,1.3778999865055084,232.27,11.899999618530272,36.0,129.0,44,27788,26,208.3,True,False,True,513.1,1268.0
35,6401,1,1997,1997-05-16,2.5193000078201293,523.18,11.199999809265137,129.0,137.0,49,33411,28,208.3,True,False,True,513.1,737.0
35,6401,1,1999,1999-02-09,2.5692000150680543,330.93,12.100000381469728,27.0,126.0,41,37498,30,208.3,True,False,True,513.1,634.0
36,1008,2,1990,1990-06-05,1.233000010251999,1859.14,7.900000095367432,392.0,111.0,82,2739,11,60.9,False,True,False,612.1,0.0
36,1008,2,1991,1991-07-30,1.1677999913692474,1261.0,8.0,513.0,93.0,80,3049,12,60.9,False,True,False,612.1,420.0
36,1008,2,1992,1992-10-23,0.9836999833583832,1553.0,6.300000190734863,578.0,117.0,82,3393,13,60.9,False,True,False,612.1,451.0
36,1008,2,1993,1993-07-29,1.1710999965667723,1508.44,6.400000095367432,786.0,92.0,82,3813,14,60.9,False,True,False,612.1,279.0
36,1008,2,1994,1994-09-07,1.0370000004768372,1462.63,6.099999904632568,936.0,76.0,83,4134,15,60.9,False,True,False,612.1,405.0
36,1008,2,1995,1995-06-13,1.015700000524521,1279.66,7.300000190734863,688.0,86.0,78,4529,16,60.9,False,True,False,612.1,279.0
36,1008,2,1999,1999-08-26,1.234999990463257,1146.08,8.300000190734863,517.0,100.0,76,6305,20,60.9,False,True,False,612.1,1535.0
36,1008,2,2000,2000-04-20,1.3582000136375427,1719.41,6.900000095367432,676.0,91.0,82,6701,21,60.9,False,True,False,612.1,238.0
36,1011,1,1990,1990-06-05,1.0834999978542328,1738.46,9.0,308.0,108.0,79,2360,6,248.9,False,False,False,632.4,0.0
36,1011,1,1991,1991-07-30,1.1608999848365784,1218.14,9.100000381469728,421.0,87.0,77,2792,7,248.9,False,False,False,632.4,420.0
36,1011,1,1992,1992-06-12,1.1409333288669583,1610.4,7.300000190734863,474.0,108.0,81,3399,8,248.9,False,False,False,632.4,318.0
36,1011,1,1993,1993-07-30,1.211300003528595,1447.89,7.5,663.0,87.0,79,3984,9,248.9,False,False,False,632.4,413.0
36,1011,2,1994,1994-09-07,0.8887000024318695,1321.37,7.300000190734863,833.0,77.0,80,4497,10,360.6,False,False,False,744.1,404.0
36,1011,2,1995,1995-06-13,0.8306000113487244,1195.93,8.300000190734863,589.0,85.0,75,5092,11,360.6,False,False,False,744.1,279.0
36,1011,2,1997,1997-07-08,0.8532999992370605,1351.57,7.599999904632568,473.0,102.0,78,6388,13,360.6,False,False,False,744.1,756.0
36,1011,2,1999,1999-08-26,0.8572000086307525,1110.49,9.300000190734863,458.0,88.0,74,7850,15,360.6,False,False,False,744.1,779.0
36,1011,2,2002,2002-05-02,0.8676000028848647,1663.15,9.100000381469728,314.0,119.0,77,10192,18,360.6,False,False,False,744.1,980.0
36,1011,2,2004,2004-04-12,0.911599999666214,1776.82,8.100000381469727,650.0,78.0,82,11867,20,360.6,False,False,False,744.1,711.0
36,1643,2,1990,1990-08-30,1.3544500112533568,1772.78,6.699999809265137,577.0,111.0,83,7147,12,55.9,False,True,False,447.1,0.0
36,1643,2,1991,1991-04-19,1.4694000124931337,1336.26,6.699999809265137,706.0,100.0,82,7631,13,55.9,False,True,False,447.1,232.0
36,1643,3,1992,1992-07-09,1.806599998474121,1267.07,5.199999809265137,771.0,123.0,81,8282,14,55.9,False,True,False,447.1,447.0
36,1643,3,1993,1993-09-14,2.1174999833107,1329.13,5.199999809265137,1012.0,99.0,83,9052,15,55.9,False,True,False,447.1,432.0
36,1643,3,1994,1994-06-28,2.6080000162124635,1368.67,5.099999904632568,1152.0,87.0,83,9817,16,55.9,False,True,False,447.1,287.0
36,1643,3,1995,1995-07-05,2.8009999990463257,1042.72,6.099999904632568,847.0,90.0,79,10583,17,55.9,False,True,False,447.1,372.0
36,1643,5,1996,1996-05-09,2.028499984741212,1561.91,5.699999809265137,839.0,108.0,81,11260,18,55.9,False,True,False,447.1,309.0
36,1643,6,1996,1996-11-07,0.8315999984741211,1561.91,5.699999809265137,839.0,108.0,81,11260,18,129.5,False,True,False,520.7,182.0
36,1643,6,1997,1997-10-16,1.015199989080429,1132.05,5.199999809265137,879.0,98.0,82,11923,19,129.5,False,True,False,520.7,343.0
36,1643,6,1999,1999-08-24,1.061899983882904,1215.88,7.199999809265137,629.0,107.0,78,13302,21,129.5,False,True,False,520.7,677.0
36,1643,6,2002,2002-11-08,1.0560999870300294,1380.85,7.0,555.0,129.0,80,15599,24,129.5,False,True,False,520.7,1172.0
36,1643,6,2004,2004-04-22,1.0776000142097473,1446.2,6.099999904632568,910.0,87.0,83,17315,26,129.5,False,True,False,520.7,531.0
36,1644,1,1990,1990-08-29,0.9579999953508378,1600.24,6.599999904632568,621.0,105.0,81,619,11,58.4,False,True,False,586.7,0.0
36,1644,1,1992,1992-07-07,0.989300000667572,1482.34,4.800000190734863,955.0,93.0,82,748,13,58.4,False,True,False,586.7,678.0
36,1644,1,1993,1993-09-13,1.0621000170707702,1466.12,4.900000095367432,1084.0,85.0,82,787,14,58.4,False,True,False,586.7,433.0
36,1644,1,1994,1994-06-29,1.0781000256538391,1435.27,5.199999809265137,1144.0,76.0,81,835,15,58.4,False,True,False,586.7,289.0
36,1644,1,1995,1995-07-06,1.0925999999046327,1266.28,5.699999809265137,982.0,75.0,79,928,16,58.4,False,True,False,586.7,372.0
36,1644,1,1996,1996-05-09,1.19410001039505,1549.44,5.199999809265137,943.0,99.0,81,997,17,58.4,False,True,False,586.7,308.0
36,1644,2,1996,1996-11-06,0.8016999959945679,1549.44,5.199999809265137,943.0,99.0,81,997,17,91.4,False,True,False,619.7,181.0
36,1644,2,1997,1997-10-16,0.7742999970912934,1396.37,4.900000095367432,943.0,82.0,82,1068,18,91.4,False,True,False,619.7,344.0
36,1644,3,1999,1999-08-24,0.823499995470047,1160.4,7.099999904632568,730.0,94.0,77,1235,20,91.4,False,True,False,619.7,677.0
36,1644,3,2001,2001-08-21,0.8994000017642975,1136.2,7.099999904632568,704.0,81.0,79,1410,22,91.4,False,True,False,619.7,728.0
36,1644,3,2002,2002-11-07,0.8933999955654144,1382.71,6.900000095367432,585.0,103.0,78,1501,23,91.4,False,True,False,619.7,443.0
36,1644,3,2004,2004-04-13,1.1264000117778776,1489.44,5.800000190734863,1037.0,75.0,81,1689,25,91.4,False,True,False,619.7,523.0
36,A310,1,1990,1990-06-08,0.9153999924659728,1772.78,6.699999809265137,577.0,111.0,83,7147,12,55.9,False,True,False,447.1,0.0
36,A310,2,1990,1990-11-21,1.0864000141620636,1772.78,6.699999809265137,577.0,111.0,83,7147,12,81.3,False,True,False,472.5,166.0
36,A310,2,1991,1991-04-19,1.115799993276596,1336.26,6.699999809265137,706.0,100.0,82,7631,13,81.3,False,True,False,472.5,149.0
36,A310,2,1992,1992-07-08,1.080900001525879,1267.07,5.199999809265137,771.0,123.0,81,8282,14,81.3,False,True,False,472.5,446.0
36,A310,2,1993,1993-09-15,1.18370001912117,1329.13,5.199999809265137,1012.0,99.0,83,9052,15,81.3,False,True,False,472.5,434.0
36,A310,2,1994,1994-06-28,1.1942000031471252,1368.67,5.099999904632568,1152.0,87.0,83,9817,16,81.3,False,True,False,472.5,286.0
36,A310,2,1995,1995-07-05,1.2207000136375428,1042.72,6.099999904632568,847.0,90.0,79,10583,17,81.3,False,True,False,472.5,372.0
36,A310,3,1996,1996-05-09,1.143300008773804,1561.91,5.699999809265137,839.0,108.0,81,11260,18,81.3,False,True,False,472.5,309.0
36,A320,1,1990,1990-06-08,0.8814999997615814,1772.78,6.699999809265137,577.0,111.0,83,7147,12,68.6,False,True,False,444.5,0.0
36,A320,2,1990,1990-11-21,1.1842000007629396,1772.78,6.699999809265137,577.0,111.0,83,7147,12,81.3,False,True,False,457.2,166.0
36,A320,2,1991,1991-04-19,1.0012999951839447,1336.26,6.699999809265137,706.0,100.0,82,7631,13,81.3,False,True,False,457.2,149.0
36,A320,3,1992,1992-07-08,1.226799988746643,1267.07,5.199999809265137,771.0,123.0,81,8282,14,81.3,False,True,False,457.2,446.0
36,A320,3,1993,1993-09-15,1.3183000087738037,1329.13,5.199999809265137,1012.0,99.0,83,9052,15,81.3,False,True,False,457.2,434.0
36,A320,4,1994,1994-06-28,1.33199999332428,1368.67,5.099999904632568,1152.0,87.0,83,9817,16,81.3,False,True,False,457.2,286.0
36,A320,4,1995,1995-07-05,1.6448000192642211,1042.72,6.099999904632568,847.0,90.0,79,10583,17,81.3,False,True,False,457.2,372.0
36,A320,5,1996,1996-05-09,1.5070000052452088,1561.91,5.699999809265137,839.0,108.0,81,11260,18,81.3,False,True,False,457.2,309.0
36,A321,1,1990,1990-06-08,1.5136000037193298,1772.78,6.699999809265137,577.0,111.0,83,7147,12,86.4,False,True,False,470.0,0.0
36,A321,2,1991,1991-04-19,1.207200014591217,1336.26,6.699999809265137,706.0,100.0,82,7631,13,99.1,False,True,False,482.7,315.0
36,A321,2,1992,1992-07-08,1.2791999936103822,1267.07,5.199999809265137,771.0,123.0,81,8282,14,99.1,False,True,False,482.7,446.0
36,A321,2,1995,1995-07-05,1.554200005531311,1042.72,6.099999904632568,847.0,90.0,79,10583,17,99.1,False,True,False,482.7,1092.0
36,A321,2,1996,1996-05-09,1.6892000079154967,1561.91,5.699999809265137,839.0,108.0,81,11260,18,99.1,False,True,False,482.7,309.0
36,A330,1,1990,1990-06-08,1.2450000047683716,1772.78,6.699999809265137,577.0,111.0,83,7147,12,55.9,False,True,False,447.1,0.0
36,A330,2,1990,1990-11-21,1.259500002861023,1772.78,6.699999809265137,577.0,111.0,83,7147,12,55.9,False,True,False,447.1,166.0
36,A330,2,1991,1991-04-19,1.351099979877472,1336.26,6.699999809265137,706.0,100.0,82,7631,13,55.9,False,True,False,447.1,149.0
36,A330,3,1992,1992-07-08,1.4645999908447265,1267.07,5.199999809265137,771.0,123.0,81,8282,14,55.9,False,True,False,447.1,446.0
36,A330,3,1993,1993-09-15,1.5972000241279602,1329.13,5.199999809265137,1012.0,99.0,83,9052,15,55.9,False,True,False,447.1,434.0
36,A330,3,1994,1994-06-28,1.6810999870300294,1368.67,5.099999904632568,1152.0,87.0,83,9817,16,55.9,False,True,False,447.1,286.0
36,A330,3,1995,1995-07-05,1.667899990081787,1042.72,6.099999904632568,847.0,90.0,79,10583,17,55.9,False,True,False,447.1,372.0
36,A330,4,1996,1996-05-09,1.9580999612808228,1561.91,5.699999809265137,839.0,108.0,81,11260,18,55.9,False,True,False,447.1,309.0
36,A331,2,1990,1990-09-19,1.515062503516674,1772.78,6.699999809265137,577.0,111.0,83,7147,12,55.9,False,True,False,447.1,0.0
36,A331,2,1991,1991-04-19,1.6733999848365784,1336.26,6.699999809265137,706.0,100.0,82,7631,13,55.9,False,True,False,447.1,212.0
36,A331,3,1992,1992-07-08,1.684249997138977,1267.07,5.199999809265137,771.0,123.0,81,8282,14,55.9,False,True,False,447.1,446.0
36,A331,4,1993,1993-09-15,1.8911999821662904,1329.13,5.199999809265137,1012.0,99.0,83,9052,15,55.9,False,True,False,447.1,434.0
36,A331,4,1994,1994-06-28,1.9321000099182128,1368.67,5.099999904632568,1152.0,87.0,83,9817,16,55.9,False,True,False,447.1,286.0
36,A331,5,1995,1995-07-05,1.94650000333786,1042.72,6.099999904632568,847.0,90.0,79,10583,17,55.9,False,True,False,447.1,372.0
36,A331,6,1996,1996-05-09,1.9707000136375428,1561.91,5.699999809265137,839.0,108.0,81,11260,18,55.9,False,True,False,447.1,309.0
36,A340,1,1990,1990-08-30,1.4162999987602234,1772.78,6.699999809265137,577.0,111.0,83,7147,12,55.9,False,True,False,447.1,0.0
36,A340,1,1991,1991-04-19,1.4948999881744385,1336.26,6.699999809265137,706.0,100.0,82,7631,13,55.9,False,True,False,447.1,232.0
36,A340,1,1992,1992-07-08,1.961299991607666,1267.07,5.199999809265137,771.0,123.0,81,8282,14,55.9,False,True,False,447.1,446.0
36,A340,1,1994,1994-06-28,3.0057000160217284,1368.67,5.099999904632568,1152.0,87.0,83,9817,16,55.9,False,True,False,447.1,720.0
36,A340,1,1995,1995-07-05,3.1795000076293944,1042.72,6.099999904632568,847.0,90.0,79,10583,17,55.9,False,True,False,447.1,372.0
36,A340,2,1996,1996-05-09,2.0119999766349794,1561.91,5.699999809265137,839.0,108.0,81,11260,18,55.9,False,True,False,447.1,309.0
36,A350,1,1990,1990-06-08,1.6757999777793886,1772.78,6.699999809265137,577.0,111.0,83,7147,12,66.0,False,True,False,452.1,0.0
36,A350,2,1990,1990-11-21,1.5348000049591064,1772.78,6.699999809265137,577.0,111.0,83,7147,12,86.3,False,True,False,472.4,166.0
36,A350,2,1991,1991-04-19,1.615499997138977,1336.26,6.699999809265137,706.0,100.0,82,7631,13,86.3,False,True,False,472.4,149.0
36,A350,2,1992,1992-07-08,1.660699999332428,1267.07,5.199999809265137,771.0,123.0,81,8282,14,86.3,False,True,False,472.4,446.0
36,A350,2,1993,1993-09-15,1.823699986934662,1329.13,5.199999809265137,1012.0,99.0,83,9052,15,86.3,False,True,False,472.4,434.0
36,A350,2,1994,1994-06-28,2.03970000743866,1368.67,5.099999904632568,1152.0,87.0,83,9817,16,86.3,False,True,False,472.4,286.0
36,A350,2,1995,1995-07-05,2.27860004901886,1042.72,6.099999904632568,847.0,90.0,79,10583,17,86.3,False,True,False,472.4,372.0
36,A350,2,1996,1996-05-09,2.1613999962806703,1561.91,5.699999809265137,839.0,108.0,81,11260,18,86.3,False,True,False,472.4,309.0
36,B310,1,1990,1990-06-06,1.826099979877472,1600.24,6.599999904632568,621.0,105.0,81,619,11,58.4,False,True,False,586.7,0.0
36,B310,2,1990,1990-11-21,1.4996000170707702,1600.24,6.599999904632568,621.0,105.0,81,619,11,83.8,False,True,False,612.1,168.0
36,B310,2,1991,1991-05-07,1.5640999674797058,1336.23,6.5,791.0,86.0,80,689,12,83.8,False,True,False,612.1,167.0
36,B310,2,1992,1992-07-07,1.5866999983787538,1482.34,4.800000190734863,955.0,93.0,82,748,13,83.8,False,True,False,612.1,427.0
36,B310,2,1993,1993-09-14,1.631499981880188,1466.12,4.900000095367432,1084.0,85.0,82,787,14,83.8,False,True,False,612.1,434.0
36,B310,2,1994,1994-06-29,1.685800015926361,1435.27,5.199999809265137,1144.0,76.0,81,835,15,83.8,False,True,False,612.1,288.0
36,B310,3,1995,1995-07-06,1.7677000164985657,1266.28,5.699999809265137,982.0,75.0,79,928,16,83.8,False,True,False,612.1,372.0
36,B310,3,1996,1996-05-09,1.9656000137329104,1549.44,5.199999809265137,943.0,99.0,81,997,17,83.8,False,True,False,612.1,308.0
36,B320,1,1990,1990-06-06,1.1062500029802322,1600.24,6.599999904632568,621.0,105.0,81,619,11,81.3,False,True,False,624.9,0.0
36,B320,2,1990,1990-11-21,1.104900014400482,1600.24,6.599999904632568,621.0,105.0,81,619,11,94.0,False,True,False,637.6,168.0
36,B320,2,1991,1991-05-07,1.5044000029563904,1336.23,6.5,791.0,86.0,80,689,12,94.0,False,True,False,637.6,167.0
36,B320,3,1992,1992-07-07,1.5330000042915346,1482.34,4.800000190734863,955.0,93.0,82,748,13,94.0,False,True,False,637.6,427.0
36,B320,4,1993,1993-09-14,1.4749000072479248,1466.12,4.900000095367432,1084.0,85.0,82,787,14,94.0,False,True,False,637.6,434.0
36,B320,4,1994,1994-06-29,1.5212000012397766,1435.27,5.199999809265137,1144.0,76.0,81,835,15,94.0,False,True,False,637.6,288.0
36,B320,4,1995,1995-07-06,1.5430999875068665,1266.28,5.699999809265137,982.0,75.0,79,928,16,94.0,False,True,False,637.6,372.0
36,B320,4,1996,1996-05-09,1.7090999841690064,1549.44,5.199999809265137,943.0,99.0,81,997,17,94.0,False,True,False,637.6,308.0
36,B330,1,1990,1990-06-06,1.1454999804496766,1600.24,6.599999904632568,621.0,105.0,81,619,11,58.4,False,True,False,586.7,0.0
36,B330,2,1990,1990-11-21,1.238599991798401,1600.24,6.599999904632568,621.0,105.0,81,619,11,58.4,False,True,False,586.7,168.0
36,B330,2,1991,1991-05-07,1.2592000007629394,1336.23,6.5,791.0,86.0,80,689,12,58.4,False,True,False,586.7,167.0
36,B330,2,1992,1992-07-07,1.224400007724762,1482.34,4.800000190734863,955.0,93.0,82,748,13,58.4,False,True,False,586.7,427.0
36,B330,3,1993,1993-09-14,1.2131999850273134,1466.12,4.900000095367432,1084.0,85.0,82,787,14,58.4,False,True,False,586.7,434.0
36,B330,3,1994,1994-06-29,1.2601999998092652,1435.27,5.199999809265137,1144.0,76.0,81,835,15,58.4,False,True,False,586.7,288.0
36,B330,4,1995,1995-07-06,1.2894999980926514,1266.28,5.699999809265137,982.0,75.0,79,928,16,58.4,False,True,False,586.7,372.0
36,B330,5,1996,1996-05-09,1.7550999999046326,1549.44,5.199999809265137,943.0,99.0,81,997,17,58.4,False,True,False,586.7,308.0
36,B331,2,1990,1990-11-21,1.1476999878883365,1600.24,6.599999904632568,621.0,105.0,81,619,11,58.4,False,True,False,586.7,0.0
36,B331,3,1992,1992-07-07,1.1968000173568725,1482.34,4.800000190734863,955.0,93.0,82,748,13,58.4,False,True,False,586.7,594.0
36,B331,3,1993,1993-09-14,1.1592999935150146,1466.12,4.900000095367432,1084.0,85.0,82,787,14,58.4,False,True,False,586.7,434.0
36,B331,3,1994,1994-06-29,1.1870000123977662,1435.27,5.199999809265137,1144.0,76.0,81,835,15,58.4,False,True,False,586.7,288.0
36,B331,3,1995,1995-07-06,1.2256999850273131,1266.28,5.699999809265137,982.0,75.0,79,928,16,58.4,False,True,False,586.7,372.0
36,B331,3,1996,1996-05-09,1.3224999904632568,1549.44,5.199999809265137,943.0,99.0,81,997,17,58.4,False,True,False,586.7,308.0
36,B340,1,1990,1990-06-06,1.1550999879837036,1600.24,6.599999904632568,621.0,105.0,81,619,11,58.4,False,True,False,586.7,0.0
36,B340,1,1991,1991-05-07,1.186500000953674,1336.23,6.5,791.0,86.0,80,689,12,58.4,False,True,False,586.7,335.0
36,B340,1,1992,1992-07-08,1.0907000064849854,1482.34,4.800000190734863,955.0,93.0,82,748,13,58.4,False,True,False,586.7,428.0
36,B340,1,1993,1993-09-14,1.1165000021457672,1466.12,4.900000095367432,1084.0,85.0,82,787,14,58.4,False,True,False,586.7,433.0
36,B340,1,1995,1995-07-06,1.1665999770164488,1266.28,5.699999809265137,982.0,75.0,79,928,16,58.4,False,True,False,586.7,660.0
36,B340,1,1996,1996-05-09,1.3075999975204469,1549.44,5.199999809265137,943.0,99.0,81,997,17,58.4,False,True,False,586.7,308.0
36,B350,1,1990,1990-06-06,1.16266667842865,1600.24,6.599999904632568,621.0,105.0,81,619,11,50.8,False,True,False,576.6,0.0
36,B350,2,1992,1992-07-08,1.1091000080108642,1482.34,4.800000190734863,955.0,93.0,82,748,13,61.0,False,True,False,586.8,763.0
36,B350,2,1993,1993-09-14,1.149500000476837,1466.12,4.900000095367432,1084.0,85.0,82,787,14,61.0,False,True,False,586.8,433.0
36,B350,2,1994,1994-06-29,1.1694999814033509,1435.27,5.199999809265137,1144.0,76.0,81,835,15,61.0,False,True,False,586.8,288.0
36,B350,2,1995,1995-07-06,1.1926999807357788,1266.28,5.699999809265137,982.0,75.0,79,928,16,61.0,False,True,False,586.8,372.0
36,B350,2,1996,1996-05-09,1.3135000109672543,1549.44,5.199999809265137,943.0,99.0,81,997,17,61.0,False,True,False,586.8,308.0
36,B351,1,1990,1990-06-06,1.1667999982833863,1600.24,6.599999904632568,621.0,105.0,81,619,11,86.4,False,True,False,602.0,0.0
36,B351,2,1990,1990-11-21,1.2174000263214113,1600.24,6.599999904632568,621.0,105.0,81,619,11,99.1,False,True,False,614.7,168.0
36,B351,2,1991,1991-05-07,1.4225000023841856,1336.23,6.5,791.0,86.0,80,689,12,99.1,False,True,False,614.7,167.0
36,B351,2,1992,1992-07-07,1.3628999948501588,1482.34,4.800000190734863,955.0,93.0,82,748,13,99.1,False,True,False,614.7,427.0
36,B351,2,1993,1993-09-14,1.4151999831199646,1466.12,4.900000095367432,1084.0,85.0,82,787,14,99.1,False,True,False,614.7,434.0
36,B351,2,1994,1994-06-29,1.41560001373291,1435.27,5.199999809265137,1144.0,76.0,81,835,15,99.1,False,True,False,614.7,288.0
36,B351,2,1995,1995-07-06,1.39870001077652,1266.28,5.699999809265137,982.0,75.0,79,928,16,99.1,False,True,False,614.7,372.0
36,B351,2,1996,1996-05-09,1.4490000009536743,1549.44,5.199999809265137,943.0,99.0,81,997,17,99.1,False,True,False,614.7,308.0
36,B352,1,1990,1990-06-06,1.2098000049591064,1718.46,5.900000095367432,676.0,100.0,84,619,11,58.4,False,True,False,586.7,0.0
36,B352,2,1990,1990-11-21,1.2503000140190124,1718.46,5.900000095367432,676.0,100.0,84,619,11,71.1,False,True,False,599.4,168.0
36,B352,2,1991,1991-05-07,1.2337000131607057,1375.38,5.699999809265137,816.0,88.0,83,689,12,71.1,False,True,False,599.4,167.0
36,B352,2,1992,1992-07-07,1.2210000038146973,1479.6,4.0,990.0,100.0,84,748,13,71.1,False,True,False,599.4,427.0
36,B352,3,1993,1993-09-14,1.2419999957084658,1506.76,4.300000190734863,1102.0,87.0,84,787,14,71.1,False,True,False,599.4,434.0
36,B352,3,1994,1994-06-29,1.2727999925613402,1382.28,4.300000190734863,1202.0,77.0,83,835,15,71.1,False,True,False,599.4,288.0
36,B352,4,1995,1995-07-06,1.286499989032745,1253.37,4.900000095367432,1028.0,78.0,82,928,16,71.1,False,True,False,599.4,372.0
36,B352,4,1996,1996-05-09,1.3802000164985655,1622.47,4.5,1009.0,97.0,83,997,17,71.1,False,True,False,599.4,308.0
36,B353,1,1990,1990-06-06,1.2147000074386596,1718.46,5.900000095367432,676.0,100.0,84,619,11,58.4,False,True,False,586.7,0.0
36,B353,2,1990,1990-11-21,1.2488999962806702,1718.46,5.900000095367432,676.0,100.0,84,619,11,71.1,False,True,False,599.4,168.0
36,B353,2,1991,1991-05-07,1.373199999332428,1375.38,5.699999809265137,816.0,88.0,83,689,12,71.1,False,True,False,599.4,167.0
36,B353,2,1992,1992-07-07,1.3443999767303465,1479.6,4.0,990.0,100.0,84,748,13,71.1,False,True,False,599.4,427.0
36,B353,2,1993,1993-09-14,1.3774999976158142,1506.76,4.300000190734863,1102.0,87.0,84,787,14,71.1,False,True,False,599.4,434.0
36,B353,2,1994,1994-06-29,1.3626999974250793,1382.28,4.300000190734863,1202.0,77.0,83,835,15,71.1,False,True,False,599.4,288.0
36,B353,2,1995,1995-07-06,1.402899992465973,1253.37,4.900000095367432,1028.0,78.0,82,928,16,71.1,False,True,False,599.4,372.0
36,B353,2,1996,1996-05-09,1.4318999886512755,1622.47,4.5,1009.0,97.0,83,997,17,71.1,False,True,False,599.4,308.0
36,B354,1,1990,1990-06-06,0.8299000024795533,1718.46,5.900000095367432,676.0,100.0,84,619,11,58.4,False,True,False,586.7,0.0
36,B354,2,1990,1990-11-21,0.8324000120162964,1718.46,5.900000095367432,676.0,100.0,84,619,11,71.1,False,True,False,599.4,168.0
36,B354,2,1991,1991-05-07,0.8621000051498413,1375.38,5.699999809265137,816.0,88.0,83,689,12,71.1,False,True,False,599.4,167.0
36,B354,2,1992,1992-07-07,0.8769000053405762,1479.6,4.0,990.0,100.0,84,748,13,71.1,False,True,False,599.4,427.0
36,B354,2,1993,1993-09-14,0.8891000032424927,1506.76,4.300000190734863,1102.0,87.0,84,787,14,71.1,False,True,False,599.4,434.0
36,B354,2,1994,1994-06-29,0.8870999991893769,1382.28,4.300000190734863,1202.0,77.0,83,835,15,71.1,False,True,False,599.4,288.0
36,B354,2,1995,1995-07-06,0.925199991464615,1253.37,4.900000095367432,1028.0,78.0,82,928,16,71.1,False,True,False,599.4,372.0
36,B354,2,1996,1996-05-09,0.9102000057697296,1622.47,4.5,1009.0,97.0,83,997,17,71.1,False,True,False,599.4,308.0
37,1006,1,1990,1990-02-02,0.6977000057697296,1208.35,16.200000762939453,6.0,53.0,75,14344,9,233.7,False,False,False,472.5,0.0
37,1006,2,1992,1992-06-05,0.7437000036239624,1578.61,14.5,13.0,79.0,77,18024,11,241.3,False,False,False,480.1,854.0
37,1006,2,1993,1993-04-26,0.7319000065326691,1135.49,15.0,30.0,79.0,75,19230,12,241.3,False,False,False,480.1,325.0
37,1006,2,1994,1994-09-20,0.7460999965667725,1378.9,15.0,63.0,59.0,76,21512,13,241.3,False,False,False,480.1,512.0
37,1006,3,1998,1998-01-18,0.9415999889373778,1140.19,16.100000381469727,29.0,52.0,75,30489,17,274.4,False,False,False,513.2,1216.0
37,1006,3,2001,2001-01-25,0.9879999935626984,715.95,15.600000381469728,11.0,68.0,70,38140,20,274.4,False,False,False,513.2,1103.0
37,1006,3,2003,2003-08-28,0.9316000163555144,1732.58,14.600000381469728,43.0,80.0,81,43428,22,274.4,False,False,False,513.2,945.0
37,1006,3,2007,2007-12-03,1.0659999907016755,823.19,16.399999618530273,17.0,65.0,70,54817,26,274.4,False,False,False,513.2,1558.0
37,1024,1,1990,1990-03-18,0.9676000118255614,1507.78,12.699999809265137,30.0,82.0,78,1364,11,121.9,False,False,False,426.7,0.0
37,1024,1,1991,1991-10-31,1.1645999908447269,1562.33,12.399999618530272,66.0,83.0,80,1557,12,121.9,False,False,False,426.7,592.0
37,1024,1,1992,1992-04-10,1.0253999829292295,1940.2,11.399999618530272,68.0,100.0,80,1925,13,121.9,False,False,False,426.7,162.0
37,1024,2,1992,1992-12-08,1.347800004482269,1940.2,11.399999618530272,68.0,100.0,80,1925,13,236.2,False,False,False,541.0,242.0
37,1024,2,1993,1993-11-17,1.3811000108718872,1255.1,11.899999618530272,108.0,99.0,76,2292,14,236.2,False,False,False,541.0,344.0
37,1024,2,1994,1994-11-15,1.3870000004768372,2126.5,11.800000190734863,139.0,79.0,80,2682,15,236.2,False,False,False,541.0,363.0
37,1024,2,1997,1997-09-21,1.3771000027656557,1413.07,11.5,115.0,91.0,78,3359,18,236.2,False,False,False,541.0,1041.0
37,1024,2,1999,1999-04-07,1.441000020503998,1260.04,12.5,70.0,87.0,74,3755,20,236.2,False,False,False,541.0,563.0
37,1024,2,2002,2002-05-29,1.44925000667572,1518.77,12.600000381469728,84.0,98.0,77,4342,23,236.2,False,False,False,541.0,1148.0
37,1024,2,2003,2003-11-12,1.4691999912261964,1848.48,11.899999618530272,110.0,85.0,80,4581,24,236.2,False,False,False,541.0,532.0
37,1024,2,2004,2004-06-05,1.554699993133545,1567.43,12.399999618530272,93.0,95.0,79,4790,25,236.2,False,False,False,541.0,206.0
37,1028,1,1990,1990-07-05,0.835850003361702,1049.84,16.5,4.0,21.0,78,1958,9,43.2,False,True,False,248.9,0.0
37,1028,1,1991,1991-03-08,0.8803000032901764,1042.93,16.100000381469727,7.0,31.0,78,2080,10,43.2,False,True,False,248.9,246.0
37,1028,1,1992,1992-06-03,0.92710000872612,1466.93,14.899999618530272,5.0,41.0,80,2238,11,43.2,False,True,False,248.9,453.0
37,1028,1,1993,1993-04-21,0.9192000031471252,1325.49,15.5,19.0,47.0,77,2409,12,43.2,False,True,False,248.9,322.0
37,1028,1,1994,1994-12-17,0.9135000050067902,1525.37,15.600000381469728,45.0,28.0,78,2582,13,43.2,False,True,False,248.9,605.0
37,1028,1,1996,1996-06-16,0.93146666487058,1520.03,14.300000190734863,64.0,50.0,82,3003,15,43.2,False,True,False,248.9,547.0
37,1028,1,1997,1997-10-01,0.9518000066280364,1167.09,15.100000381469728,22.0,31.0,75,3198,16,43.2,False,True,False,248.9,472.0
37,1028,1,1998,1998-06-16,1.020675005018711,1416.86,16.299999237060547,4.0,19.0,78,3367,17,43.2,False,True,False,248.9,258.0
37,1028,1,1999,1999-12-14,0.9915000021457672,1223.92,15.800000190734863,8.0,37.0,77,3540,18,43.2,False,True,False,248.9,546.0
37,1028,1,2001,2001-12-09,1.1270000100135804,884.25,16.200000762939453,4.0,40.0,73,4129,20,43.2,False,True,False,248.9,726.0
37,1028,1,2002,2002-03-23,1.036800003051758,1390.94,16.5,0.0,37.0,76,4452,21,43.2,False,True,False,248.9,104.0
37,1028,2,2002,2002-10-22,1.0137999951839447,1390.94,16.5,0.0,37.0,76,4452,21,106.6,False,True,False,312.3,213.0
37,1028,2,2003,2003-01-16,1.0048999905586242,1767.4,15.100000381469728,32.0,44.0,83,4782,22,106.6,False,True,False,312.3,86.0
37,1028,2,2004,2004-11-17,1.023799991607666,1259.06,15.600000381469728,29.0,52.0,80,5142,23,106.6,False,True,False,312.3,671.0
37,1028,2,2007,2007-12-05,1.0433000326156616,931.9,16.700000762939453,10.0,40.0,72,6421,26,106.6,False,True,False,312.3,1113.0
37,1028,2,2010,2010-04-20,1.0537999987602236,1131.84,15.600000381469728,37.0,72.0,77,7642,29,106.6,False,True,False,312.3,867.0
37,1028,2,2011,2011-06-22,1.0963000178337097,1138.63,16.600000381469727,7.0,32.0,76,8069,30,106.6,False,True,False,312.3,428.0
37,1028,2,2012,2012-09-26,1.1074000120162963,1275.18,16.700000762939453,2.0,17.0,77,8483,31,106.6,False,True,False,312.3,462.0
37,1028,2,2015,2015-03-24,1.133400011062622,1453.97,16.399999618530273,61.0,41.0,78,9761,34,106.6,False,True,False,312.3,909.0
37,1030,1,1989,1989-12-11,1.0450000047683716,1819.81,14.800000190734863,57.0,42.0,83,1052,6,101.6,False,True,False,221.0,0.0
37,1030,1,1990,1990-07-05,1.1028499960899354,1049.84,16.5,4.0,21.0,78,1255,7,101.6,False,True,False,221.0,206.0
37,1030,1,1991,1991-03-08,1.1042999863624572,1042.93,16.100000381469727,7.0,31.0,78,1466,8,101.6,False,True,False,221.0,246.0
37,1030,1,1992,1992-06-03,0.9994999885559082,1466.93,14.899999618530272,5.0,41.0,80,1675,9,101.6,False,True,False,221.0,453.0
37,1030,1,1993,1993-04-21,1.0626000106334683,1325.49,15.5,19.0,47.0,77,1894,10,101.6,False,True,False,221.0,322.0
37,1030,1,1994,1994-12-17,1.1085000157356264,1525.37,15.600000381469728,45.0,28.0,78,2092,11,101.6,False,True,False,221.0,605.0
37,1030,1,1995,1995-12-15,1.154700016975403,1500.51,15.399999618530272,25.0,45.0,77,2321,12,101.6,False,True,False,221.0,363.0
37,1030,1,1997,1997-10-01,1.1872000217437746,1167.09,15.100000381469728,22.0,31.0,75,2845,14,101.6,False,True,False,221.0,656.0
37,1030,1,1998,1998-07-26,1.1634999990463255,1416.86,16.299999237060547,4.0,19.0,78,3123,15,101.6,False,True,False,221.0,298.0
37,1030,1,1999,1999-12-14,1.1697999835014343,1223.92,15.800000190734863,8.0,37.0,77,3412,16,101.6,False,True,False,221.0,506.0
37,1030,1,2000,2000-08-31,1.15,1328.43,14.899999618530272,46.0,35.0,78,3707,17,101.6,False,True,False,221.0,261.0
37,1040,1,1990,1990-07-28,1.2278499990701677,1587.08,12.800000190734863,31.0,88.0,78,4156,13,132.0,False,False,False,497.8,0.0
37,1040,1,1991,1991-10-29,1.2535000085830688,1429.98,12.5,67.0,91.0,78,4256,14,132.0,False,False,False,497.8,458.0
37,1040,1,1992,1992-12-06,1.247700023651123,1975.17,11.399999618530272,70.0,99.0,80,4310,15,132.0,False,False,False,497.8,404.0
37,1040,1,1993,1993-11-16,1.30310001373291,1580.5,11.899999618530272,123.0,107.0,76,4367,16,132.0,False,False,False,497.8,345.0
37,1040,1,1994,1994-11-15,1.3121999979019163,1941.21,11.800000190734863,154.0,84.0,79,4476,17,132.0,False,False,False,497.8,364.0
37,1040,2,1997,1997-09-19,1.1353999853134151,1496.53,11.5,124.0,98.0,76,4889,20,180.3,False,False,False,546.1,1039.0
37,1040,2,1999,1999-03-29,1.1455999851226806,1311.82,12.800000190734863,90.0,87.0,72,5289,22,180.3,False,False,False,546.1,556.0
37,1040,2,2001,2001-12-11,1.145200002193451,1081.94,12.5,68.0,87.0,72,5672,24,180.3,False,False,False,546.1,988.0
37,1040,2,2002,2002-10-16,1.09650000333786,1460.82,12.800000190734863,90.0,97.0,74,5826,25,180.3,False,False,False,546.1,309.0
37,1040,2,2007,2007-11-14,1.2432000160217285,1042.54,13.300000190734863,100.0,91.0,71,7291,30,180.3,False,False,False,546.1,1855.0
37,1352,2,1990,1990-07-29,1.1721499979496002,1337.65,16.200000762939453,6.0,55.0,75,2888,11,165.0,False,False,False,322.5,0.0
37,1352,2,1991,1991-07-11,1.1420500159263611,1361.22,15.600000381469728,12.0,66.0,77,3216,12,165.0,False,False,False,322.5,347.0
37,1352,2,1992,1992-12-11,1.1016000032424926,1555.18,14.699999809265137,11.0,76.0,77,3496,13,165.0,False,False,False,322.5,519.0
37,1352,2,1993,1993-04-30,1.1253000020980837,1225.35,15.100000381469728,25.0,74.0,74,3685,14,165.0,False,False,False,322.5,140.0
37,1352,2,1994,1994-11-12,1.1269999980926513,1395.82,15.0,56.0,60.0,76,3915,15,165.0,False,False,False,322.5,561.0
37,1352,2,1997,1997-09-23,1.2065999865531922,1274.37,14.699999809265137,32.0,67.0,74,4693,18,165.0,False,False,False,322.5,1046.0
37,1352,2,1999,1999-11-18,1.2218999981880188,1087.83,16.0,17.0,59.0,72,5328,20,165.0,False,False,False,322.5,786.0
37,1352,2,2000,2000-07-05,1.192899990081787,1042.92,15.199999809265137,87.0,76.0,71,5673,21,165.0,False,False,False,322.5,230.0
37,1352,2,2002,2002-05-30,1.2077500104904173,1263.26,16.200000762939453,24.0,70.0,71,6441,23,165.0,False,False,False,322.5,694.0
37,1352,2,2003,2003-05-28,1.2210999846458437,1837.52,14.899999618530272,33.0,81.0,80,6830,24,165.0,False,False,False,322.5,363.0
37,1352,3,2007,2007-11-07,0.964400005340576,729.36,16.600000381469727,11.0,63.0,69,8307,28,233.6,False,False,False,391.1,1624.0
37,1352,3,2010,2010-04-15,1.0451999843120574,1072.22,15.399999618530272,72.0,88.0,73,9480,31,233.6,False,False,False,391.1,890.0
37,1352,3,2012,2012-03-15,1.0467000126838684,1103.53,16.600000381469727,4.0,47.0,73,10292,33,233.6,False,False,False,391.1,700.0
37,1352,4,2015,2015-04-02,1.1446999967098237,1485.28,16.600000381469727,45.0,55.0,74,11555,36,233.6,False,False,False,391.1,1113.0
37,1645,1,1990,1990-07-20,0.7760500073432923,964.97,18.200000762939453,1.0,21.0,75,2062,5,187.9,False,True,False,393.6,0.0
37,1645,1,1991,1991-03-12,0.8138999938964844,1251.34,17.0,7.0,39.0,79,2470,6,187.9,False,True,False,393.6,235.0
37,1645,1,1992,1992-06-04,0.8186999917030334,1508.79,16.200000762939453,5.0,50.0,79,2912,7,187.9,False,True,False,393.6,450.0
37,1645,1,1993,1993-04-22,0.929300022125244,1473.62,16.5,8.0,57.0,77,3418,8,187.9,False,True,False,393.6,322.0
37,1645,1,1994,1994-12-16,0.8780999898910522,1418.03,16.600000381469727,31.0,39.0,79,3913,9,187.9,False,True,False,393.6,603.0
37,1645,1,1995,1995-12-16,0.9568999886512756,1459.15,16.399999618530273,13.0,65.0,80,4384,10,187.9,False,True,False,393.6,365.0
37,1645,1,1998,1998-02-12,0.9568000078201294,1504.23,17.799999237060547,12.0,26.0,77,6325,13,187.9,False,True,False,393.6,789.0
37,1645,2,1999,1999-12-15,1.1823999881744385,1351.42,17.0,8.0,45.0,77,7003,14,187.9,False,True,False,393.6,671.0
37,1645,2,2000,2000-03-14,1.2343999922275544,1311.88,16.100000381469727,56.0,57.0,76,7722,15,187.9,False,True,False,393.6,90.0
37,1645,3,2000,2000-09-02,0.4857999980449676,1311.88,16.100000381469727,56.0,57.0,76,7722,15,238.7,False,True,False,444.4,172.0
37,1645,3,2001,2001-10-09,0.5680000066757203,935.33,17.600000381469727,6.0,39.0,71,8417,16,238.7,False,True,False,444.4,402.0
37,1645,3,2002,2002-12-18,0.5639999985694886,1272.9,17.899999618530273,6.0,45.0,74,9095,17,238.7,False,True,False,444.4,435.0
37,1645,3,2004,2004-11-16,0.6106999933719635,1367.48,17.0,27.0,56.0,77,10490,19,238.7,False,True,False,444.4,699.0
37,1645,3,2007,2007-11-30,0.6314999997615813,904.66,18.100000381469727,2.0,40.0,72,12483,22,238.7,False,True,False,444.4,1109.0
37,1645,3,2010,2010-04-01,0.7081999897956848,1004.8,16.700000762939453,32.0,78.0,76,14469,25,238.7,False,True,False,444.4,853.0
37,1645,3,2012,2012-03-20,0.7574000060558319,1406.03,18.0,1.0,25.0,76,15768,27,238.7,False,True,False,444.4,719.0
37,1645,4,2013,2013-12-13,0.604799997806549,1693.26,16.600000381469727,0.0,52.0,78,16408,28,264.1,False,True,False,469.8,633.0
37,1645,4,2015,2015-04-02,0.6336000144481659,1472.55,17.799999237060547,21.0,44.0,79,17981,30,264.1,False,True,False,469.8,475.0
37,1801,1,1990,1990-07-30,1.0414999961853026,1521.89,13.300000190734863,22.0,74.0,78,16369,17,180.3,False,False,False,485.1,0.0
37,1801,1,1991,1991-10-30,1.060699987411499,1457.53,12.899999618530272,49.0,86.0,79,18689,18,180.3,False,False,False,485.1,457.0
37,1801,1,1992,1992-12-07,0.9578000068664552,1992.24,11.899999618530272,51.0,94.0,80,21169,19,180.3,False,False,False,485.1,404.0
37,1801,1,1993,1993-11-16,1.096399986743927,1350.0,12.5,93.0,99.0,75,22797,20,180.3,False,False,False,485.1,344.0
37,1801,1,1994,1994-11-16,0.9990999937057496,1894.69,12.199999809265137,124.0,76.0,80,24508,21,180.3,False,False,False,485.1,365.0
37,1801,2,1997,1997-09-19,0.862799996137619,1322.54,12.0,102.0,86.0,77,30138,24,241.2,False,False,False,546.0,1038.0
37,1801,2,1999,1999-03-30,0.8684000015258789,1253.03,13.300000190734863,57.0,80.0,73,34749,26,241.2,False,False,False,546.0,557.0
37,1801,2,2001,2001-12-12,0.9004000008106232,1167.26,13.0,48.0,82.0,73,39356,28,241.2,False,False,False,546.0,988.0
37,1801,3,2002,2002-10-17,0.8362999975681304,1455.35,13.300000190734863,68.0,91.0,75,41742,29,241.2,False,False,False,546.0,309.0
37,1801,3,2004,2004-06-05,0.8809999823570251,1504.2,13.0,79.0,90.0,78,46379,31,241.2,False,False,False,546.0,597.0
37,1801,5,2012,2012-10-17,0.4961999982595443,1502.01,13.800000190734863,30.0,69.0,77,71747,39,302.2,False,False,False,607.0,3056.0
37,1801,5,2015,2015-03-31,0.4892000049352646,1764.89,13.600000381469728,107.0,68.0,77,84097,42,302.2,False,False,False,607.0,895.0
37,1802,1,1990,1990-07-14,0.8407499969005585,1228.64,15.5,10.0,64.0,76,952,6,111.8,False,False,False,320.1,0.0
37,1802,1,1991,1991-03-16,0.8964999973773956,1042.94,15.100000381469728,19.0,79.0,75,1175,7,111.8,False,False,False,320.1,245.0
37,1802,1,1992,1992-06-07,0.8656000018119812,1360.08,13.800000190734863,16.0,91.0,77,1301,8,111.8,False,False,False,320.1,449.0
37,1802,1,1993,1993-04-27,1.0499999940395357,1139.01,14.300000190734863,49.0,93.0,74,1429,9,111.8,False,False,False,320.1,324.0
37,1802,2,1993,1993-11-10,1.1294000029563904,1139.01,14.300000190734863,49.0,93.0,74,1429,9,111.8,False,False,False,320.1,197.0
37,1802,2,1995,1995-12-01,1.647099995613098,1444.56,14.100000381469728,65.0,92.0,76,1680,11,111.8,False,False,False,320.1,751.0
37,1802,2,1996,1996-04-25,2.2651000022888184,1563.68,13.100000381469728,149.0,85.0,79,1805,12,111.8,False,False,False,320.1,146.0
37,1802,4,1998,1998-02-19,1.0570000052452089,1130.86,15.5,31.0,62.0,75,2118,14,134.7,False,False,False,343.0,665.0
37,1802,4,2001,2001-01-25,1.2876999855041504,708.81,15.0,16.0,78.0,70,2720,17,134.7,False,False,False,343.0,1071.0
37,1803,1,1990,1990-03-19,0.8321999907493591,1507.78,12.699999809265137,30.0,82.0,78,5697,14,132.0,False,False,False,459.7,0.0
37,1803,2,1991,1991-10-30,0.8263999938964843,1562.33,12.399999618530272,66.0,83.0,80,5974,15,160.1,False,False,False,487.8,590.0
37,1803,2,1992,1992-12-08,0.838299995660782,1940.2,11.399999618530272,68.0,100.0,80,6231,16,160.1,False,False,False,487.8,405.0
37,1803,2,1993,1993-11-17,0.8362999975681304,1255.1,11.899999618530272,108.0,99.0,76,6473,17,160.1,False,False,False,487.8,344.0
37,1803,2,1994,1994-11-15,0.8065999925136567,2126.5,11.800000190734863,139.0,79.0,80,6708,18,160.1,False,False,False,487.8,363.0
37,1803,2,1997,1997-09-21,0.8712000131607056,1413.07,11.5,115.0,91.0,78,7518,21,160.1,False,False,False,487.8,1041.0
37,1803,2,1999,1999-04-06,0.9092000007629394,1260.04,12.5,70.0,87.0,74,8387,23,160.1,False,False,False,487.8,562.0
37,1803,3,2001,2001-12-12,0.8201000034809113,1303.12,12.300000190734863,76.0,86.0,74,9197,25,198.2,False,False,False,525.9,981.0
37,1803,3,2002,2002-10-17,0.7731999933719635,1518.77,12.600000381469728,84.0,98.0,77,9669,26,198.2,False,False,False,525.9,309.0
37,1803,3,2003,2003-01-28,0.7778999984264374,1848.48,11.899999618530272,110.0,85.0,80,10123,27,198.2,False,False,False,525.9,103.0
37,1803,3,2004,2004-06-05,0.8581999957561492,1567.43,12.399999618530272,93.0,95.0,79,10511,28,198.2,False,False,False,525.9,494.0
37,1803,3,2007,2007-11-08,0.9002000033855437,928.71,13.199999809265137,88.0,94.0,71,11552,31,198.2,False,False,False,525.9,1251.0
37,1803,3,2011,2011-04-28,1.2018000006675722,1535.03,12.800000190734863,77.0,91.0,77,12926,35,198.2,False,False,False,525.9,1267.0
37,1803,3,2013,2013-12-09,1.2733999967575074,1988.97,11.399999618530272,82.0,107.0,82,13607,37,198.2,False,False,False,525.9,956.0
37,1803,3,2015,2015-04-01,1.5103999853134151,1777.19,12.899999618530272,134.0,72.0,79,14284,39,198.2,False,False,False,525.9,478.0
37,1814,1,1990,1990-07-30,0.8055499941110611,1587.47,14.100000381469728,10.0,59.0,78,5911,21,132.1,False,False,False,472.5,0.0
37,1814,1,1991,1991-10-31,0.7796000003814697,1651.14,13.699999809265137,28.0,70.0,80,6167,22,132.1,False,False,False,472.5,458.0
37,1814,1,1992,1992-12-08,0.809600007534027,2161.43,12.699999809265137,33.0,84.0,80,6433,23,132.1,False,False,False,472.5,404.0
37,1814,1,1993,1993-11-17,0.900799995660782,1364.5,13.300000190734863,61.0,93.0,75,6709,24,132.1,False,False,False,472.5,344.0
37,1814,1,1994,1994-11-15,0.8762000024318695,2149.66,13.100000381469728,89.0,64.0,80,6956,25,132.1,False,False,False,472.5,363.0
37,1814,1,1997,1997-09-21,1.0677999913692475,1453.97,12.899999618530272,66.0,78.0,77,7783,28,132.1,False,False,False,472.5,1041.0
37,1814,1,1999,1999-04-07,1.2234000086784362,1491.29,14.0,33.0,73.0,73,8514,30,132.1,False,False,False,472.5,563.0
37,1814,1,2000,2000-06-29,1.274400007724762,1209.44,13.5,113.0,78.0,72,8931,31,132.1,False,False,False,472.5,449.0
37,1814,2,2000,2000-11-08,1.0919000029563903,1209.44,13.5,113.0,78.0,72,8931,31,221.0,False,False,False,561.4,132.0
37,1814,2,2002,2002-10-17,1.0412999987602234,1714.69,14.100000381469728,36.0,83.0,75,9881,33,221.0,False,False,False,561.4,708.0
37,1814,2,2003,2003-01-30,1.052700001001358,1952.17,13.399999618530272,49.0,78.0,80,10314,34,221.0,False,False,False,561.4,105.0
37,1814,2,2004,2004-06-05,1.0526000022888184,1698.59,13.800000190734863,39.0,87.0,78,10748,35,221.0,False,False,False,561.4,492.0
37,1814,2,2007,2007-11-13,1.0901000022888183,1035.62,14.699999809265137,31.0,83.0,70,12164,38,221.0,False,False,False,561.4,1256.0
37,1814,2,2010,2010-04-14,1.1978999972343445,1510.83,13.600000381469728,160.0,80.0,75,13660,41,221.0,False,False,False,561.4,883.0
37,1814,2,2012,2012-03-14,1.2342000007629397,1684.26,14.699999809265137,18.0,55.0,77,14723,43,221.0,False,False,False,561.4,700.0
37,1814,3,2015,2015-04-01,1.3675999999046329,1978.31,14.399999618530272,68.0,67.0,78,16421,46,221.0,False,False,False,561.4,1113.0
37,1817,1,1990,1990-02-08,1.0185000061988831,1289.77,15.199999809265137,10.0,62.0,76,1017,8,127.0,False,False,False,431.8,0.0
37,1817,2,1990,1990-12-16,0.8952999889850617,1289.77,15.199999809265137,10.0,62.0,76,1017,8,134.6,False,False,False,439.4,311.0
37,1817,2,1991,1991-03-25,0.8856000065803528,1227.19,14.800000190734863,18.0,74.0,76,1395,9,134.6,False,False,False,439.4,99.0
37,1817,2,1992,1992-12-12,0.9069999933242798,1475.18,13.699999809265137,16.0,87.0,77,1785,10,134.6,False,False,False,439.4,628.0
37,1817,2,1993,1993-08-08,0.9962500005960464,1202.65,14.199999809265137,48.0,93.0,74,1959,11,134.6,False,False,False,439.4,239.0
37,1817,3,1994,1994-11-11,1.2532999992370604,1421.5,14.100000381469728,79.0,62.0,76,2173,12,134.6,False,False,False,439.4,460.0
37,1817,4,1996,1996-01-04,1.2664000034332277,1377.21,13.199999809265137,141.0,90.0,79,2920,14,170.2,False,False,False,475.00000000000006,419.0
37,1817,4,1997,1997-10-07,1.1478000044822694,1264.83,13.899999618530272,51.0,75.0,74,3406,15,170.2,False,False,False,475.00000000000006,642.0
37,1817,4,1999,1999-07-28,1.1591000020504,1093.74,15.100000381469728,24.0,70.0,71,4439,17,170.2,False,False,False,475.00000000000006,659.0
37,1817,4,2001,2001-12-18,1.1797999858856203,780.36,15.300000190734863,14.0,76.0,68,5521,19,170.2,False,False,False,475.00000000000006,874.0
37,1817,5,2003,2003-04-02,0.9224500000476836,1666.4,13.800000190734863,50.0,88.0,81,6546,21,289.6,False,False,False,594.4,470.0
37,1817,5,2008,2008-02-05,0.9370000004768372,1110.52,14.699999809265137,28.0,77.0,73,9761,26,289.6,False,False,False,594.4,1770.0
37,1817,5,2010,2010-04-19,0.9763999998569488,1159.33,14.399999618530272,124.0,88.0,74,10855,28,289.6,False,False,False,594.4,804.0
37,1817,5,2012,2012-03-13,1.0581999957561492,1093.57,15.699999809265137,5.0,59.0,74,12067,30,289.6,False,False,False,594.4,694.0
37,1817,6,2015,2015-03-24,1.3569999933242798,1409.27,15.699999809265137,68.0,66.0,74,14203,33,289.6,False,False,False,594.4,1106.0
37,1992,1,1991,1991-03-19,1.1597000122070311,1279.98,15.899999618530272,11.0,66.0,76,1085,2,61.0,False,False,False,884.0,0.0
37,1992,1,1992,1992-12-13,1.1271999835968018,1562.42,15.0,11.0,72.0,76,1508,3,61.0,False,False,False,884.0,635.0
37,1992,1,1993,1993-04-28,1.2187999963760376,1222.87,15.199999809265137,21.0,73.0,75,1979,4,61.0,False,False,False,884.0,136.0
37,1992,1,1994,1994-12-14,1.2925000071525574,1407.11,15.300000190734863,51.0,59.0,76,2503,5,61.0,False,False,False,884.0,595.0
37,1992,2,1997,1997-09-23,0.9048000037670136,1213.89,14.899999618530272,28.0,63.0,74,4478,8,276.9,False,False,False,1099.9,1014.0
37,1992,2,1999,1999-12-16,0.9166999995708464,1220.29,16.0,15.0,56.0,73,5972,10,276.9,False,False,False,1099.9,814.0
37,1992,2,2001,2001-12-20,0.956300014257431,768.54,16.200000762939453,8.0,63.0,69,7656,12,276.9,False,False,False,1099.9,735.0
37,1992,2,2004,2004-06-06,0.8863999903202057,1071.4,16.100000381469727,35.0,76.0,74,10204,15,276.9,False,False,False,1099.9,899.0
37,1992,2,2007,2007-11-29,0.8998000025749207,772.84,16.799999237060547,9.0,59.0,69,12932,18,276.9,False,False,False,1099.9,1271.0
37,1992,2,2010,2010-03-23,0.918099981546402,1112.27,15.699999809265137,60.0,88.0,74,15679,21,276.9,False,False,False,1099.9,845.0
37,1992,2,2011,2011-04-27,0.9598000168800354,959.42,16.700000762939453,12.0,60.0,72,16669,22,276.9,False,False,False,1099.9,400.0
37,1992,3,2012,2012-03-20,0.6809000015258789,1029.27,16.799999237060547,3.0,47.0,73,17716,23,360.6,False,False,False,1183.6,328.0
37,1992,3,2015,2015-03-26,0.7224999964237213,1506.35,16.600000381469727,45.0,52.0,76,21007,26,360.6,False,False,False,1183.6,1101.0
37,1992,4,2019,2019-04-23,0.7969000041484833,1109.63,17.0,6.0,46.0,76,26336,30,360.6,False,False,False,1183.6,1489.0
37,2819,1,1990,1990-06-23,0.9624500036239624,1289.77,15.199999809265137,10.0,62.0,76,1819,10,122.0,False,True,False,551.2,0.0
37,2819,1,1991,1991-03-19,1.0938999772071838,1227.19,14.800000190734863,18.0,74.0,76,2201,11,122.0,False,True,False,551.2,269.0
37,2819,1,1992,1992-04-12,1.1565999805927276,1475.18,13.699999809265137,16.0,87.0,77,2751,12,122.0,False,True,False,551.2,390.0
37,2819,2,1993,1993-04-29,0.7969999969005586,1202.65,14.199999809265137,48.0,93.0,74,3272,13,182.9,False,True,False,612.1,382.0
37,2819,2,1994,1994-11-11,0.8266999900341034,1421.5,14.100000381469728,79.0,62.0,76,3784,14,182.9,False,True,False,612.1,561.0
37,2819,2,1996,1996-01-10,0.8656999945640564,1377.21,13.199999809265137,141.0,90.0,79,5377,16,182.9,False,True,False,612.1,425.0
37,2819,2,1998,1998-02-17,1.0191000044345857,1220.84,15.600000381469728,25.0,58.0,74,7822,18,182.9,False,True,False,612.1,769.0
37,2819,2,1999,1999-11-18,1.0080000042915345,1093.74,15.100000381469728,24.0,70.0,71,8953,19,182.9,False,True,False,612.1,639.0
37,2819,2,2001,2001-12-19,1.1111000061035157,780.36,15.300000190734863,14.0,76.0,68,11250,21,182.9,False,True,False,612.1,762.0
37,2819,2,2002,2002-04-18,1.1944999873638154,1264.9,15.5,37.0,84.0,71,12444,22,182.9,False,True,False,612.1,120.0
37,2819,3,2002,2002-08-16,0.6456999957561493,1264.9,15.5,37.0,84.0,71,12444,22,256.5,False,True,False,685.7,120.0
37,2819,3,2003,2003-02-06,0.5806999981403351,1666.4,13.800000190734863,50.0,88.0,81,13649,23,256.5,False,True,False,685.7,174.0
37,2819,3,2004,2004-06-06,0.5499000072479248,1063.47,15.0,48.0,83.0,75,14833,24,256.5,False,True,False,685.7,486.0
37,2819,3,2008,2008-02-06,0.5990999996662141,1110.52,14.699999809265137,28.0,77.0,73,19856,28,256.5,False,True,False,685.7,1340.0
37,2819,3,2010,2010-03-24,0.6367000043392181,1159.33,14.399999618530272,124.0,88.0,74,23071,30,256.5,False,True,False,685.7,777.0
37,2819,3,2012,2012-03-20,0.6645000040531158,1093.57,15.699999809265137,5.0,59.0,74,28258,32,256.5,False,True,False,685.7,727.0
37,2819,4,2013,2013-12-13,0.5947000026702881,1498.7,13.899999618530272,20.0,92.0,78,31287,33,243.8,False,True,False,673.0,633.0
37,2819,4,2015,2015-03-31,0.5534999996423722,1409.27,15.699999809265137,68.0,66.0,74,38383,35,243.8,False,True,False,673.0,473.0
37,2824,1,1990,1990-09-02,0.7526333332061768,1177.47,16.600000381469727,5.0,43.0,75,3092,8,119.4,False,True,False,269.3,0.0
37,2824,1,1991,1991-03-20,0.8018000006675721,1279.98,15.899999618530272,11.0,66.0,76,3663,9,119.4,False,True,False,269.3,199.0
37,2824,2,1992,1992-12-13,0.9432000041007996,1562.42,15.0,11.0,72.0,76,4239,10,175.3,False,True,False,325.2,634.0
37,2824,2,1993,1993-04-28,0.9848999917507172,1222.87,15.199999809265137,21.0,73.0,75,4785,11,175.3,False,True,False,325.2,136.0
37,2824,2,1994,1994-12-14,0.994599997997284,1407.11,15.300000190734863,51.0,59.0,76,5354,12,175.3,False,True,False,325.2,595.0
37,2824,2,1997,1997-09-23,1.0241999983787538,1213.89,14.899999618530272,28.0,63.0,74,7401,15,175.3,False,True,False,325.2,1014.0
37,2824,2,1999,1999-12-16,1.0025000095367431,1220.29,16.0,15.0,56.0,73,9009,17,175.3,False,True,False,325.2,814.0
37,2824,2,2001,2001-12-20,1.0798999965190887,768.54,16.200000762939453,8.0,63.0,69,10795,19,175.3,False,True,False,325.2,735.0
37,2824,2,2003,2003-03-28,1.102500021457672,1859.87,15.100000381469728,31.0,75.0,81,12491,21,175.3,False,True,False,325.2,463.0
37,2824,3,2008,2008-02-07,0.9528000056743622,1220.42,15.699999809265137,17.0,64.0,74,16879,26,226.1,False,True,False,376.0,1777.0
37,2824,3,2010,2010-03-23,0.9702999889850616,1112.27,15.699999809265137,60.0,88.0,74,18410,28,226.1,False,True,False,376.0,775.0
37,2824,3,2011,2011-04-27,1.0231000006198885,959.42,16.700000762939453,12.0,60.0,72,19172,29,226.1,False,True,False,376.0,400.0
37,2824,3,2013,2013-12-10,0.9781999945640564,1494.47,15.199999809265137,9.0,74.0,77,21151,31,226.1,False,True,False,376.0,958.0
37,2824,3,2015,2015-03-26,0.9698000013828278,1506.35,16.600000381469727,45.0,52.0,76,23214,33,226.1,False,True,False,376.0,471.0
37,2825,1,1990,1990-07-29,1.6147999942302704,1301.8,16.700000762939453,4.0,40.0,75,2050,4,116.9,False,True,False,274.4,0.0
37,2825,1,1991,1991-03-21,1.6562000036239626,1523.91,16.0,9.0,62.0,77,2223,5,116.9,False,True,False,274.4,235.0
37,2825,1,1992,1992-12-11,1.6110000133514406,1618.96,15.0,10.0,69.0,78,2398,6,116.9,False,True,False,274.4,631.0
37,2825,1,1993,1993-08-07,1.631350004673004,1315.24,15.600000381469728,17.0,73.0,74,2574,7,116.9,False,True,False,274.4,239.0
37,2825,1,1994,1994-11-12,1.690100014209747,1368.63,15.399999618530272,46.0,59.0,77,2745,8,116.9,False,True,False,274.4,462.0
37,2825,1,1999,1999-04-05,1.8923999786376955,963.61,16.5,15.0,52.0,71,3599,13,116.9,False,True,False,274.4,1605.0
37,2825,1,2002,2002-04-18,1.999999976158142,1205.33,16.700000762939453,14.0,69.0,72,4221,16,116.9,False,True,False,274.4,1109.0
37,2825,1,2003,2003-05-30,2.7177000284194945,1687.62,15.5,25.0,72.0,79,4419,17,116.9,False,True,False,274.4,407.0
37,2825,1,2007,2007-11-06,4.147699999809265,712.84,17.200000762939453,6.0,58.0,68,5263,21,116.9,False,True,False,274.4,1621.0
37,2825,1,2010,2010-04-15,4.108999967575073,1032.79,16.0,61.0,88.0,72,5794,24,116.9,False,True,False,274.4,891.0
37,2825,2,2012,2012-03-15,1.5825000047683715,1070.05,17.100000381469727,3.0,41.0,73,6114,26,116.9,False,True,False,274.40000000000003,700.0
38,2001,1,1989,1989-10-24,1.6957000017166135,495.92,4.099999904632568,1791.0,79.0,63,2174,12,61.0,False,True,False,292.1,0.0
38,2001,2,1990,1990-11-30,1.994000029563904,562.48,6.0,1072.0,106.0,61,2409,13,66.1,False,True,False,297.2,402.0
38,2001,2,1991,1991-07-20,1.9924000024795527,690.04,5.599999904632568,1282.0,91.0,67,2591,14,66.1,False,True,False,297.2,232.0
38,2001,2,1992,1992-08-31,2.1475000262260435,629.35,4.900000095367432,1151.0,98.0,69,2854,15,66.1,False,True,False,297.2,408.0
38,2001,2,1993,1993-06-10,2.071099972724914,943.67,3.799999952316284,1420.0,79.0,71,3135,16,66.1,False,True,False,297.2,283.0
38,2001,2,1994,1994-08-17,2.4261999845504763,638.78,4.699999809265137,1507.0,84.0,70,3415,17,66.1,False,True,False,297.2,433.0
38,2001,2,1997,1997-05-01,1.648300015926361,575.78,4.5,1477.0,79.0,72,4375,20,66.1,False,True,False,297.2,988.0
38,2001,2,1998,1998-06-26,2.01119999885559,802.0,6.800000190734863,966.0,75.0,70,4748,21,66.1,False,True,False,297.2,421.0
39,0101,1,1996,1996-10-20,2.749099999666214,1524.93,8.800000190734863,511.0,97.0,78,3397,3,177.8,False,False,False,381.0,0.0
39,0102,1,1996,1996-08-21,2.231499981880188,1524.93,8.800000190734863,511.0,97.0,78,3397,3,99.0,False,False,False,398.7,0.0
39,0103,1,1996,1996-12-27,1.7293999910354616,1524.93,8.800000190734863,511.0,97.0,78,3397,3,101.6,False,True,False,304.79999999999995,0.0
39,0103,1,1997,1997-12-08,2.0782999992370605,1246.09,9.199999809265137,306.0,114.0,78,4733,4,101.6,False,True,False,304.79999999999995,346.0
39,0103,1,1998,1998-11-12,2.7090000152587894,1117.65,11.899999618530272,134.0,91.0,76,6400,5,101.6,False,True,False,304.79999999999995,339.0
39,0103,1,1999,1999-10-20,2.775100016593933,969.71,11.100000381469728,293.0,96.0,70,8051,6,101.6,False,True,False,304.79999999999995,342.0
39,0103,1,2000,2000-08-16,2.7788000106811523,1091.0,10.199999809265137,425.0,85.0,74,9738,7,101.6,False,True,False,304.79999999999995,301.0
39,0103,1,2001,2001-11-04,3.0703999996185303,1020.35,11.100000381469728,221.0,95.0,74,11115,8,101.6,False,True,False,304.79999999999995,445.0
39,0104,1,1996,1996-10-20,0.7877999901771546,1524.93,8.800000190734863,511.0,97.0,78,3397,3,172.7,False,True,False,477.5,0.0
39,0104,1,1997,1997-12-08,1.0080999910831452,1246.09,9.199999809265137,306.0,114.0,78,4733,4,172.7,False,True,False,477.5,414.0
39,0104,1,1998,1998-11-12,1.2062999963760377,1117.65,11.899999618530272,134.0,91.0,76,6400,5,172.7,False,True,False,477.5,339.0
39,0104,1,1999,1999-10-20,1.2890000104904176,969.71,11.100000381469728,293.0,96.0,70,8051,6,172.7,False,True,False,477.5,342.0
39,0104,1,2000,2000-08-16,1.3119999885559084,1091.0,10.199999809265137,425.0,85.0,74,9738,7,172.7,False,True,False,477.5,301.0
39,0104,1,2001,2001-11-04,1.4219000101089478,1020.35,11.100000381469728,221.0,95.0,74,11115,8,172.7,False,True,False,477.5,445.0
39,0104,1,2002,2002-12-06,1.3689000010490415,1210.17,11.0,193.0,109.0,74,12665,9,172.7,False,True,False,477.5,397.0
39,0104,1,2003,2003-04-29,1.3889999985694883,1243.78,9.600000381469728,438.0,78.0,78,13962,10,172.7,False,True,False,477.5,144.0
39,0104,1,2004,2004-02-04,1.5192999958992004,1408.31,10.0,463.0,81.0,79,15662,11,172.7,False,True,False,477.5,281.0
39,0104,1,2005,2005-05-05,1.4580999970436097,1103.56,10.5,379.0,82.0,77,17458,12,172.7,False,True,False,477.5,456.0
39,0104,1,2006,2006-08-09,1.4848999977111816,1542.72,10.899999618530272,128.0,102.0,78,19222,13,172.7,False,True,False,477.5,461.0
39,0104,1,2008,2008-07-14,1.5433999776840208,1288.18,9.699999809265137,376.0,96.0,77,22992,15,172.7,False,True,False,477.5,705.0
39,0104,1,2009,2009-10-20,1.6260999917984007,1189.01,9.899999618530272,424.0,76.0,76,24715,16,172.7,False,True,False,477.5,463.0
39,0104,1,2010,2010-08-11,1.699499988555908,1094.2,10.899999618530272,419.0,69.0,74,26379,17,172.7,False,True,False,477.5,295.0
39,0104,1,2011,2011-06-14,1.700700008869171,1557.71,10.5,319.0,83.0,80,27855,18,172.7,False,True,False,477.5,307.0
39,0104,1,2012,2012-05-23,1.8281000018119813,1079.27,11.800000190734863,136.0,99.0,76,29393,19,172.7,False,True,False,477.5,344.0
39,0104,2,2012,2012-11-05,0.6282999992370606,1079.27,11.800000190734863,136.0,99.0,76,29393,19,190.5,False,True,False,495.3,166.0
39,0104,2,2013,2013-06-20,0.6425999999046326,1401.07,9.899999618530272,355.0,101.0,78,30926,20,190.5,False,True,False,495.3,227.0
39,0104,2,2014,2014-06-05,0.6840000033378602,1225.75,9.100000381469728,554.0,85.0,75,32513,21,190.5,False,True,False,495.3,350.0
39,0104,2,2016,2016-05-31,0.6830999851226807,1245.41,11.699999809265137,305.0,89.0,75,35802,23,190.5,False,True,False,495.3,726.0
39,0105,1,1996,1996-10-20,1.4318999886512755,1524.93,8.800000190734863,511.0,97.0,78,3397,3,101.6,False,True,False,299.7,0.0
39,0105,1,1997,1997-12-08,2.0825999855995176,1246.09,9.199999809265137,306.0,114.0,78,4733,4,101.6,False,True,False,299.7,414.0
39,0106,1,1996,1996-10-20,1.178449994325638,1524.93,8.800000190734863,511.0,97.0,78,3397,3,170.2,False,True,False,467.4,0.0
39,0106,1,1997,1997-12-08,1.604199993610382,1246.09,9.199999809265137,306.0,114.0,78,4733,4,170.2,False,True,False,467.4,414.0
39,0106,1,1998,1998-11-12,1.7453999996185303,1117.65,11.899999618530272,134.0,91.0,76,6400,5,170.2,False,True,False,467.4,339.0
39,0106,1,1999,1999-10-20,1.7849999904632567,969.71,11.100000381469728,293.0,96.0,70,8051,6,170.2,False,True,False,467.4,342.0
39,0106,1,2000,2000-08-16,1.7764000058174134,1091.0,10.199999809265137,425.0,85.0,74,9738,7,170.2,False,True,False,467.4,301.0
39,0106,1,2001,2001-11-04,1.8357999920845032,1020.35,11.100000381469728,221.0,95.0,74,11115,8,170.2,False,True,False,467.4,445.0
39,0106,1,2002,2002-12-06,1.814800012111664,1210.17,11.0,193.0,109.0,74,12665,9,170.2,False,True,False,467.4,397.0
39,0106,1,2003,2003-04-29,1.84819997549057,1243.78,9.600000381469728,438.0,78.0,78,13962,10,170.2,False,True,False,467.4,144.0
39,0106,1,2004,2004-02-04,2.0436000347137453,1408.31,10.0,463.0,81.0,79,15662,11,170.2,False,True,False,467.4,281.0
39,0106,1,2005,2005-05-05,1.9734999775886533,1103.56,10.5,379.0,82.0,77,17458,12,170.2,False,True,False,467.4,456.0
39,0106,1,2006,2006-08-09,1.9799999833107,1542.72,10.899999618530272,128.0,102.0,78,19222,13,170.2,False,True,False,467.4,461.0
39,0106,1,2008,2008-07-14,2.082099997997284,1288.18,9.699999809265137,376.0,96.0,77,22992,15,170.2,False,True,False,467.4,705.0
39,0107,1,1996,1996-08-22,1.5314500033855438,1524.93,8.800000190734863,511.0,97.0,78,3397,3,96.5,False,True,False,302.2,0.0
39,0108,1,1996,1996-10-20,1.050550001859665,1524.93,8.800000190734863,511.0,97.0,78,3397,3,167.7,False,True,False,472.5,0.0
39,0108,1,1997,1997-12-08,1.3835000038146972,1246.09,9.199999809265137,306.0,114.0,78,4733,4,167.7,False,True,False,472.5,414.0
39,0108,1,1998,1998-11-12,1.879000008106232,1117.65,11.899999618530272,134.0,91.0,76,6400,5,167.7,False,True,False,472.5,339.0
39,0108,1,1999,1999-10-20,1.9835999727249145,969.71,11.100000381469728,293.0,96.0,70,8051,6,167.7,False,True,False,472.5,342.0
39,0108,1,2000,2000-08-16,1.979699993133545,1091.0,10.199999809265137,425.0,85.0,74,9738,7,167.7,False,True,False,472.5,301.0
39,0108,1,2001,2001-11-04,2.129899978637696,1020.35,11.100000381469728,221.0,95.0,74,11115,8,167.7,False,True,False,472.5,445.0
39,0109,1,1996,1996-10-20,0.7737000018358231,1524.93,8.800000190734863,511.0,97.0,78,3397,3,177.8,False,True,False,581.7,0.0
39,0109,1,1997,1997-12-08,0.8607000052928924,1246.09,9.199999809265137,306.0,114.0,78,4733,4,177.8,False,True,False,581.7,414.0
39,0109,1,1998,1998-11-12,1.466200017929077,1117.65,11.899999618530272,134.0,91.0,76,6400,5,177.8,False,True,False,581.7,339.0
39,0109,1,1999,1999-10-20,1.5750000000000002,969.71,11.100000381469728,293.0,96.0,70,8051,6,177.8,False,True,False,581.7,342.0
39,0109,1,2000,2000-08-16,1.5988999962806705,1091.0,10.199999809265137,425.0,85.0,74,9738,7,177.8,False,True,False,581.7,301.0
39,0109,1,2001,2001-11-04,1.6943000078201294,1020.35,11.100000381469728,221.0,95.0,74,11115,8,177.8,False,True,False,581.7,445.0
39,0110,1,1996,1996-10-20,1.2587499916553495,1524.93,8.800000190734863,511.0,97.0,78,3397,3,185.4,False,True,False,378.5,0.0
39,0110,1,1997,1997-12-08,1.404800021648407,1246.09,9.199999809265137,306.0,114.0,78,4733,4,185.4,False,True,False,378.5,414.0
39,0110,1,1998,1998-11-12,1.5990000128746034,1117.65,11.899999618530272,134.0,91.0,76,6400,5,185.4,False,True,False,378.5,339.0
39,0110,1,1999,1999-10-20,1.6541999936103822,969.71,11.100000381469728,293.0,96.0,70,8051,6,185.4,False,True,False,378.5,342.0
39,0110,1,2000,2000-08-16,1.680300009250641,1091.0,10.199999809265137,425.0,85.0,74,9738,7,185.4,False,True,False,378.5,301.0
39,0110,1,2001,2001-11-04,1.7822999835014344,1020.35,11.100000381469728,221.0,95.0,74,11115,8,185.4,False,True,False,378.5,445.0
39,0111,1,1996,1996-10-20,0.8282000035047531,1524.93,8.800000190734863,511.0,97.0,78,3397,3,101.6,False,True,False,393.7,0.0
39,0111,1,1997,1997-12-08,1.242900002002716,1246.09,9.199999809265137,306.0,114.0,78,4733,4,101.6,False,True,False,393.7,414.0
39,0111,1,1998,1998-11-12,1.273800015449524,1117.65,11.899999618530272,134.0,91.0,76,6400,5,101.6,False,True,False,393.7,339.0
39,0111,1,1999,1999-10-20,1.345400011539459,969.71,11.100000381469728,293.0,96.0,70,8051,6,101.6,False,True,False,393.7,342.0
39,0111,1,2000,2000-08-16,1.3620000004768371,1091.0,10.199999809265137,425.0,85.0,74,9738,7,101.6,False,True,False,393.7,301.0
39,0111,1,2001,2001-11-04,1.4521999955177307,1020.35,11.100000381469728,221.0,95.0,74,11115,8,101.6,False,True,False,393.7,445.0
39,0111,1,2002,2002-12-06,1.336699974536896,1210.17,11.0,193.0,109.0,74,12665,9,101.6,False,True,False,393.7,397.0
39,0111,1,2003,2003-04-29,1.3733999848365783,1243.78,9.600000381469728,438.0,78.0,78,13962,10,101.6,False,True,False,393.7,144.0
39,0111,1,2004,2004-02-04,1.5133000016212463,1408.31,10.0,463.0,81.0,79,15662,11,101.6,False,True,False,393.7,281.0
39,0111,1,2005,2005-05-05,1.418499994277954,1103.56,10.5,379.0,82.0,77,17458,12,101.6,False,True,False,393.7,456.0
39,0111,1,2006,2006-08-09,1.525599992275238,1542.72,10.899999618530272,128.0,102.0,78,19222,13,101.6,False,True,False,393.7,461.0
39,0111,2,2008,2008-07-14,0.7834999978542327,1288.18,9.699999809265137,376.0,96.0,77,22992,15,175.2,False,True,False,467.3,705.0
39,0111,2,2009,2009-10-20,0.7974000036716461,1189.01,9.899999618530272,424.0,76.0,76,24715,16,175.2,False,True,False,467.3,463.0
39,0111,2,2010,2010-08-11,0.8066000044345856,1094.2,10.899999618530272,419.0,69.0,74,26379,17,175.2,False,True,False,467.3,295.0
39,0111,2,2011,2011-06-14,0.821699994802475,1557.71,10.5,319.0,83.0,80,27855,18,175.2,False,True,False,467.3,307.0
39,0111,2,2012,2012-05-23,0.8182999968528748,1079.27,11.800000190734863,136.0,99.0,76,29393,19,175.2,False,True,False,467.3,344.0
39,0111,3,2012,2012-11-05,0.8165999948978424,1079.27,11.800000190734863,136.0,99.0,76,29393,19,175.2,False,True,False,467.3,166.0
39,0111,3,2013,2013-06-20,0.8111000001430512,1401.07,9.899999618530272,355.0,101.0,78,30926,20,175.2,False,True,False,467.3,227.0
39,0111,3,2014,2014-06-05,0.8531000018119812,1225.75,9.100000381469728,554.0,85.0,75,32513,21,175.2,False,True,False,467.3,350.0
39,0111,3,2016,2016-05-31,0.8671000003814697,1245.41,11.699999809265137,305.0,89.0,75,35802,23,175.2,False,True,False,467.3,726.0
39,0112,1,1996,1996-10-20,0.9344000041484832,1524.93,8.800000190734863,511.0,97.0,78,3397,3,101.6,False,True,False,505.5,0.0
39,0112,1,1997,1997-12-08,1.1294000029563904,1246.09,9.199999809265137,306.0,114.0,78,4733,4,101.6,False,True,False,505.5,414.0
39,0112,1,1998,1998-11-12,1.3999000072479248,1117.65,11.899999618530272,134.0,91.0,76,6400,5,101.6,False,True,False,505.5,339.0
39,0112,1,1999,1999-10-20,1.49760000705719,969.71,11.100000381469728,293.0,96.0,70,8051,6,101.6,False,True,False,505.5,342.0
39,0112,1,2000,2000-08-16,1.518400001525879,1091.0,10.199999809265137,425.0,85.0,74,9738,7,101.6,False,True,False,505.5,301.0
39,0112,1,2001,2001-11-04,1.5897000074386596,1020.35,11.100000381469728,221.0,95.0,74,11115,8,101.6,False,True,False,505.5,445.0
39,0112,1,2002,2002-12-06,1.494999992847443,1210.17,11.0,193.0,109.0,74,12665,9,101.6,False,True,False,505.5,397.0
39,0112,1,2004,2004-02-04,1.58160001039505,1408.31,10.0,463.0,81.0,79,15662,11,101.6,False,True,False,505.5,425.0
39,0112,1,2005,2005-05-05,1.56910001039505,1103.56,10.5,379.0,82.0,77,17458,12,101.6,False,True,False,505.5,456.0
39,0112,1,2006,2006-08-09,1.555400002002716,1542.72,10.899999618530272,128.0,102.0,78,19222,13,101.6,False,True,False,505.5,461.0
39,0112,1,2008,2008-07-14,1.617199993133545,1288.18,9.699999809265137,376.0,96.0,77,22992,15,101.6,False,True,False,505.5,705.0
39,0112,1,2009,2009-10-20,1.662999975681305,1189.01,9.899999618530272,424.0,76.0,76,24715,16,101.6,False,True,False,505.5,463.0
39,0112,1,2010,2010-08-11,1.660899996757507,1094.2,10.899999618530272,419.0,69.0,74,26379,17,101.6,False,True,False,505.5,295.0
39,0112,1,2011,2011-06-14,1.8631000041961672,1557.71,10.5,319.0,83.0,80,27855,18,101.6,False,True,False,505.5,307.0
39,0112,1,2012,2012-05-23,1.87720000743866,1079.27,11.800000190734863,136.0,99.0,76,29393,19,101.6,False,True,False,505.5,344.0
39,0112,2,2012,2012-11-05,0.644700002670288,1079.27,11.800000190734863,136.0,99.0,76,29393,19,99.0,False,True,False,497.8,166.0
39,0112,2,2013,2013-06-20,0.6659000039100647,1401.07,9.899999618530272,355.0,101.0,78,30926,20,99.0,False,True,False,497.8,227.0
39,0112,2,2014,2014-06-05,0.676699984073639,1225.75,9.100000381469728,554.0,85.0,75,32513,21,99.0,False,True,False,497.8,350.0
39,0112,2,2016,2016-05-31,0.6863999962806702,1245.41,11.699999809265137,305.0,89.0,75,35802,23,99.0,False,True,False,497.8,726.0
39,0159,1,1998,1998-11-12,1.0606000006198884,1117.65,11.899999618530272,134.0,91.0,76,6400,5,101.6,False,True,False,746.7,0.0
39,0159,1,1999,1999-10-20,1.0662000179290771,969.71,11.100000381469728,293.0,96.0,70,8051,6,101.6,False,True,False,746.7,342.0
39,0159,1,2000,2000-08-16,1.0745000064373018,1091.0,10.199999809265137,425.0,85.0,74,9738,7,101.6,False,True,False,746.7,301.0
39,0159,2,2001,2001-11-04,1.0903000056743624,1020.35,11.100000381469728,221.0,95.0,74,11115,8,101.6,False,True,False,746.7,445.0
39,0159,2,2004,2004-02-04,1.2884000062942504,1408.31,10.0,463.0,81.0,79,15662,11,101.6,False,True,False,746.7,822.0
39,0159,3,2005,2005-05-05,2.070700001716614,1103.56,10.5,379.0,82.0,77,17458,12,101.6,False,True,False,746.7,456.0
39,0159,4,2006,2006-08-09,2.3559000253677365,1542.72,10.899999618530272,128.0,102.0,78,19222,13,101.6,False,True,False,746.7,461.0
39,0159,5,2008,2008-07-14,2.855299997329712,1288.18,9.699999809265137,376.0,96.0,77,22992,15,101.6,False,True,False,746.7,705.0
39,0159,7,2012,2012-11-05,1.2366000056266784,1079.27,11.800000190734863,136.0,99.0,76,29393,19,83.8,False,True,False,728.9,1575.0
39,0159,7,2013,2013-06-20,1.2325000166893003,1401.07,9.899999618530272,355.0,101.0,78,30926,20,83.8,False,True,False,728.9,227.0
39,0159,7,2014,2014-06-05,1.267400014400482,1225.75,9.100000381469728,554.0,85.0,75,32513,21,83.8,False,True,False,728.9,350.0
39,0159,7,2016,2016-05-31,1.3002999901771546,1245.41,11.699999809265137,305.0,89.0,75,35802,23,83.8,False,True,False,728.9,726.0
39,0160,1,1996,1996-12-27,1.2327000021934509,1524.93,8.800000190734863,511.0,97.0,78,3397,3,96.5,False,True,False,477.5,0.0
39,0160,1,1997,1997-12-08,1.7617000102996827,1246.09,9.199999809265137,306.0,114.0,78,4733,4,96.5,False,True,False,477.5,346.0
39,0160,1,1998,1998-11-12,2.020300006866455,1117.65,11.899999618530272,134.0,91.0,76,6400,5,96.5,False,True,False,477.5,339.0
39,0160,1,1999,1999-10-20,2.089900028705597,969.71,11.100000381469728,293.0,96.0,70,8051,6,96.5,False,True,False,477.5,342.0
39,0160,1,2000,2000-08-16,2.12720000743866,1091.0,10.199999809265137,425.0,85.0,74,9738,7,96.5,False,True,False,477.5,301.0
39,0160,1,2001,2001-11-04,2.257300019264221,1020.35,11.100000381469728,221.0,95.0,74,11115,8,96.5,False,True,False,477.5,445.0
39,0160,1,2002,2002-12-06,2.2286999940872194,1210.17,11.0,193.0,109.0,74,12665,9,96.5,False,True,False,477.5,397.0
39,0160,1,2003,2003-04-29,2.250100016593933,1243.78,9.600000381469728,438.0,78.0,78,13962,10,96.5,False,True,False,477.5,144.0
39,0160,1,2004,2004-02-04,2.3730000257492065,1408.31,10.0,463.0,81.0,79,15662,11,96.5,False,True,False,477.5,281.0
39,0160,1,2005,2005-05-05,2.3119999885559084,1103.56,10.5,379.0,82.0,77,17458,12,96.5,False,True,False,477.5,456.0
39,0160,1,2006,2006-08-09,2.3281999826431274,1542.72,10.899999618530272,128.0,102.0,78,19222,13,96.5,False,True,False,477.5,461.0
39,0160,1,2008,2008-07-14,2.356599974632263,1288.18,9.699999809265137,376.0,96.0,77,22992,15,96.5,False,True,False,477.5,705.0
39,0160,1,2009,2009-10-20,2.438499999046326,1189.01,9.899999618530272,424.0,76.0,76,24715,16,96.5,False,True,False,477.5,463.0
39,0160,1,2010,2010-08-11,2.504900002479553,1094.2,10.899999618530272,419.0,69.0,74,26379,17,96.5,False,True,False,477.5,295.0
39,0160,2,2012,2012-05-23,1.871399998664856,1079.27,11.800000190734863,136.0,99.0,76,29393,19,119.4,False,True,False,480.1,651.0
39,0160,3,2012,2012-11-05,1.8089000105857849,1079.27,11.800000190734863,136.0,99.0,76,29393,19,119.4,False,True,False,480.1,166.0
39,0160,3,2013,2013-06-20,1.841599988937378,1401.07,9.899999618530272,355.0,101.0,78,30926,20,119.4,False,True,False,480.1,227.0
39,0160,3,2014,2014-06-05,1.8652999997138977,1225.75,9.100000381469728,554.0,85.0,75,32513,21,119.4,False,True,False,480.1,350.0
39,0160,3,2016,2016-05-31,1.889600002765656,1245.41,11.699999809265137,305.0,89.0,75,35802,23,119.4,False,True,False,480.1,726.0
39,0901,1,1996,1996-12-27,0.7762999951839447,1524.93,8.800000190734863,511.0,97.0,78,1707,3,106.7,False,True,True,950.0,0.0
39,0901,1,1997,1997-12-08,0.7844999969005584,1246.09,9.199999809265137,306.0,114.0,78,3043,4,106.7,False,True,True,950.0,346.0
39,0901,1,1998,1998-07-07,0.7861500009894371,1117.65,11.899999618530272,134.0,91.0,76,4710,5,106.7,False,True,True,950.0,211.0
39,0901,1,1999,1999-08-06,0.8079999968409539,969.71,11.100000381469728,293.0,96.0,70,6361,6,106.7,False,True,True,950.0,395.0
39,0901,1,2000,2000-06-28,0.8340749964118004,1091.0,10.199999809265137,425.0,85.0,74,8048,7,106.7,False,True,True,950.0,327.0
39,0901,1,2001,2001-08-20,0.8377600014209747,1020.35,11.100000381469728,221.0,95.0,74,9425,8,106.7,False,True,True,950.0,418.0
39,0901,1,2002,2002-07-15,0.8529249995946884,1210.17,11.0,193.0,109.0,74,10975,9,106.7,False,True,True,950.0,329.0
39,0901,1,2003,2003-06-09,0.8583333293596903,1243.78,9.600000381469728,438.0,78.0,78,12272,10,106.7,False,True,True,950.0,329.0
39,0901,1,2004,2004-02-04,1.0163999915122983,1408.31,10.0,463.0,81.0,79,13972,11,106.7,False,True,True,950.0,240.0
39,0901,1,2005,2005-05-05,0.947999995946884,1103.56,10.5,379.0,82.0,77,15768,12,106.7,False,True,True,950.0,456.0
39,0901,1,2006,2006-08-10,0.9930999994277954,1542.72,10.899999618530272,128.0,102.0,78,17532,13,106.7,False,True,True,950.0,462.0
39,0901,1,2008,2008-07-14,1.173400020599365,1288.18,9.699999809265137,376.0,96.0,77,21302,15,106.7,False,True,True,950.0,704.0
39,0901,1,2010,2010-06-29,1.3391000151634216,1094.2,10.899999618530272,419.0,69.0,74,24689,17,106.7,False,True,True,950.0,715.0
39,0901,2,2011,2011-06-08,1.2753000020980836,1557.71,10.5,319.0,83.0,80,26165,18,106.7,False,True,True,950.0,344.0
39,0901,2,2012,2012-05-23,1.2860999941825866,1079.27,11.800000190734863,136.0,99.0,76,27703,19,106.7,False,True,True,950.0,350.0
39,0901,3,2012,2012-10-18,0.8700999915599823,1079.27,11.800000190734863,136.0,99.0,76,27703,19,111.8,False,True,True,955.1,148.0
39,0901,3,2014,2014-07-31,0.8358999967575074,1225.75,9.100000381469728,554.0,85.0,75,30823,21,111.8,False,True,True,955.1,651.0
39,0901,3,2015,2015-08-19,0.8870000004768371,1401.38,10.600000381469728,457.0,74.0,75,32466,22,111.8,False,True,True,955.1,384.0
39,0901,3,2016,2016-06-01,0.8613999903202056,1245.41,11.699999809265137,305.0,89.0,75,34112,23,111.8,False,True,True,955.1,287.0
39,0903,1,1996,1996-12-27,0.7244000077247619,1524.93,8.800000190734863,511.0,97.0,78,1707,3,104.1,False,True,True,657.8,0.0
39,0903,1,1997,1997-12-08,0.8001000046730041,1246.09,9.199999809265137,306.0,114.0,78,3043,4,104.1,False,True,True,657.8,346.0
39,0903,1,1998,1998-11-12,0.8181999981403351,1117.65,11.899999618530272,134.0,91.0,76,4710,5,104.1,False,True,True,657.8,339.0
39,0903,1,1999,1999-10-20,0.8376000106334687,969.71,11.100000381469728,293.0,96.0,70,6361,6,104.1,False,True,True,657.8,342.0
39,0903,1,2000,2000-08-16,0.8399000108242035,1091.0,10.199999809265137,425.0,85.0,74,8048,7,104.1,False,True,True,657.8,301.0
39,0903,1,2001,2001-11-04,0.8616999983787537,1020.35,11.100000381469728,221.0,95.0,74,9425,8,104.1,False,True,True,657.8,445.0
39,0903,1,2002,2002-12-06,0.8429999947547913,1210.17,11.0,193.0,109.0,74,10975,9,104.1,False,True,True,657.8,397.0
39,0903,1,2004,2004-02-04,1.0576999962329865,1408.31,10.0,463.0,81.0,79,13972,11,104.1,False,True,True,657.8,425.0
39,0903,1,2005,2005-05-05,0.8971000015735626,1103.56,10.5,379.0,82.0,77,15768,12,104.1,False,True,True,657.8,456.0
39,0903,1,2006,2006-08-10,0.9531999945640564,1542.72,10.899999618530272,128.0,102.0,78,17532,13,104.1,False,True,True,657.8,462.0
39,0903,1,2008,2008-07-14,1.0647000074386597,1288.18,9.699999809265137,376.0,96.0,77,21302,15,104.1,False,True,True,657.8,704.0
39,0903,1,2010,2010-06-29,1.178600013256073,1094.2,10.899999618530272,419.0,69.0,74,24689,17,104.1,False,True,True,657.8,715.0
39,0903,1,2011,2011-06-08,1.2121999859809875,1557.71,10.5,319.0,83.0,80,26165,18,104.1,False,True,True,657.8,344.0
39,0903,1,2012,2012-05-23,1.3107999920845033,1079.27,11.800000190734863,136.0,99.0,76,27703,19,104.1,False,True,True,657.8,350.0
39,0903,2,2012,2012-10-18,0.7450999975204469,1079.27,11.800000190734863,136.0,99.0,76,27703,19,94.0,False,True,True,647.7,148.0
39,0903,2,2014,2014-07-31,0.7614999890327454,1225.75,9.100000381469728,554.0,85.0,75,30823,21,94.0,False,True,True,647.7,651.0
39,0903,2,2015,2015-08-19,0.7024999916553497,1401.38,10.600000381469728,457.0,74.0,75,32466,22,94.0,False,True,True,647.7,384.0
39,0903,2,2016,2016-06-01,0.7396000027656555,1245.41,11.699999809265137,305.0,89.0,75,34112,23,94.0,False,True,True,647.7,287.0
40,0113,1,1997,1997-11-19,1.059700006246567,1003.06,16.299999237060547,41.0,70.0,65,264,2,114.3,False,False,True,492.8,0.0
40,0113,2,1999,1999-11-03,1.1477999925613402,564.34,18.100000381469727,9.0,51.0,59,817,4,114.3,False,False,True,492.8,714.0
40,0113,2,2001,2001-05-24,1.1962999880313872,591.9,17.5,25.0,63.0,64,1404,6,114.3,False,False,True,492.8,568.0
40,0113,2,2002,2002-10-07,1.1833000183105469,641.14,16.600000381469727,27.0,68.0,62,1738,7,114.3,False,False,True,492.8,501.0
40,0113,2,2003,2003-11-20,1.2801999688148498,617.53,17.399999618530273,26.0,72.0,59,2070,8,114.3,False,False,True,492.8,409.0
40,0113,2,2004,2004-06-21,1.3401000022888183,1004.81,17.399999618530273,24.0,55.0,65,2405,9,114.3,False,False,True,492.8,214.0
40,0113,2,2007,2007-04-11,1.8289999961853027,1113.12,16.299999237060547,47.0,72.0,71,3448,12,114.3,False,False,True,492.8,1024.0
40,0113,2,2008,2008-04-30,1.2379999995231628,649.09,17.200000762939453,24.0,68.0,59,3811,13,114.3,False,False,True,492.8,385.0
40,0114,1,1997,1997-11-19,0.9620000064373015,1003.06,16.299999237060547,41.0,70.0,65,264,2,205.7,False,False,True,683.2,0.0
40,0114,2,1999,1999-11-03,1.012400007247925,564.34,18.100000381469727,9.0,51.0,59,817,4,205.7,False,False,True,683.2,714.0
40,0114,2,2001,2001-05-24,1.0447999954223637,591.9,17.5,25.0,63.0,64,1404,6,205.7,False,False,True,683.2,568.0
40,0114,2,2002,2002-10-07,1.0294999957084656,641.14,16.600000381469727,27.0,68.0,62,1738,7,205.7,False,False,True,683.2,501.0
40,0114,2,2003,2003-11-20,1.0100000143051149,617.53,17.399999618530273,26.0,72.0,59,2070,8,205.7,False,False,True,683.2,409.0
40,0114,2,2004,2004-06-21,1.0311000108718873,1004.81,17.399999618530273,24.0,55.0,65,2405,9,205.7,False,False,True,683.2,214.0
40,0114,2,2007,2007-04-11,1.0483000040054322,1113.12,16.299999237060547,47.0,72.0,71,3448,12,205.7,False,False,True,683.2,1024.0
40,0114,2,2008,2008-04-30,1.0555000066757203,649.09,17.200000762939453,24.0,68.0,59,3811,13,205.7,False,False,True,683.2,385.0
40,0114,2,2010,2010-03-16,1.0608000040054322,820.81,17.100000381469727,48.0,68.0,62,4338,15,205.7,False,False,True,683.2,685.0
40,0114,2,2011,2011-03-05,1.097100019454956,337.63,19.100000381469727,53.0,64.0,49,4563,16,205.7,False,False,True,683.2,354.0
40,0114,2,2013,2013-04-26,1.1922000110149384,600.59,17.0,37.0,77.0,58,5076,18,205.7,False,False,True,683.2,783.0
40,0114,3,2016,2016-03-22,1.0812999963760377,824.68,17.799999237060547,16.0,54.0,67,5889,21,226.0,False,False,True,703.5,1061.0
40,0115,1,1997,1997-11-19,1.116599988937378,1003.06,16.299999237060547,41.0,70.0,65,264,2,193.0,False,True,True,624.8,0.0
40,0115,2,1999,1999-11-03,1.1478000044822694,564.34,18.100000381469727,9.0,51.0,59,817,4,193.0,False,True,True,624.8,714.0
40,0115,2,2001,2001-05-24,1.1850500047206878,591.9,17.5,25.0,63.0,64,1404,6,193.0,False,True,True,624.8,568.0
40,0115,2,2002,2002-10-07,1.1728999972343446,641.14,16.600000381469727,27.0,68.0,62,1738,7,193.0,False,True,True,624.8,501.0
40,0115,2,2003,2003-11-20,1.1658999919891355,617.53,17.399999618530273,26.0,72.0,59,2070,8,193.0,False,True,True,624.8,409.0
40,0115,2,2004,2004-06-21,1.1751999974250795,1004.81,17.399999618530273,24.0,55.0,65,2405,9,193.0,False,True,True,624.8,214.0
40,0115,2,2007,2007-04-11,1.2111999988555908,1113.12,16.299999237060547,47.0,72.0,71,3448,12,193.0,False,True,True,624.8,1024.0
40,0115,2,2008,2008-04-30,1.1925999879837037,649.09,17.200000762939453,24.0,68.0,59,3811,13,193.0,False,True,True,624.8,385.0
40,0115,2,2010,2010-03-16,1.2502000212669373,820.81,17.100000381469727,48.0,68.0,62,4338,15,193.0,False,True,True,624.8,685.0
40,0115,2,2011,2011-03-05,1.223099994659424,337.63,19.100000381469727,53.0,64.0,49,4563,16,193.0,False,True,True,624.8,354.0
40,0115,2,2013,2013-04-26,1.2123000025749209,600.59,17.0,37.0,77.0,58,5076,18,193.0,False,True,True,624.8,783.0
40,0115,3,2016,2016-03-22,0.7031999945640564,824.68,17.799999237060547,16.0,54.0,67,5889,21,213.3,False,True,True,645.0999999999999,1061.0
40,0116,1,1997,1997-11-19,1.0311999917030334,1003.06,16.299999237060547,41.0,70.0,65,264,2,104.1,False,True,True,604.5,0.0
40,0116,2,1999,1999-11-03,1.0249999940395356,564.34,18.100000381469727,9.0,51.0,59,817,4,104.1,False,True,True,604.5,714.0
40,0116,2,2001,2001-05-24,1.0373999983072282,591.9,17.5,25.0,63.0,64,1404,6,104.1,False,True,True,604.5,568.0
40,0116,2,2002,2002-10-07,1.03370001912117,641.14,16.600000381469727,27.0,68.0,62,1738,7,104.1,False,True,True,604.5,501.0
40,0116,2,2003,2003-11-20,1.0138000071048736,617.53,17.399999618530273,26.0,72.0,59,2070,8,104.1,False,True,True,604.5,409.0
40,0116,2,2004,2004-06-21,1.0254000067710876,1004.81,17.399999618530273,24.0,55.0,65,2405,9,104.1,False,True,True,604.5,214.0
40,0116,2,2007,2007-04-11,1.026599997282028,1113.12,16.299999237060547,47.0,72.0,71,3448,12,104.1,False,True,True,604.5,1024.0
40,0116,2,2008,2008-04-30,1.1159000158309935,649.09,17.200000762939453,24.0,68.0,59,3811,13,104.1,False,True,True,604.5,385.0
40,0116,2,2010,2010-03-16,1.1132999897003173,820.81,17.100000381469727,48.0,68.0,62,4338,15,104.1,False,True,True,604.5,685.0
40,0116,2,2011,2011-03-05,1.1196999907493592,337.63,19.100000381469727,53.0,64.0,49,4563,16,104.1,False,True,True,604.5,354.0
40,0116,2,2013,2013-04-26,1.169800007343292,600.59,17.0,37.0,77.0,58,5076,18,104.1,False,True,True,604.5,783.0
40,0116,3,2016,2016-03-22,0.7601000010967255,824.68,17.799999237060547,16.0,54.0,67,5889,21,124.4,False,True,True,624.8,1061.0
40,0117,1,1997,1997-11-19,1.0450999855995178,1003.06,16.299999237060547,41.0,70.0,65,264,2,198.2,False,True,True,607.1,0.0
40,0117,2,1999,1999-11-03,1.0965000152587892,564.34,18.100000381469727,9.0,51.0,59,817,4,198.2,False,True,True,607.1,714.0
40,0117,2,2001,2001-05-24,1.1204500019550323,591.9,17.5,25.0,63.0,64,1404,6,198.2,False,True,True,607.1,568.0
40,0117,2,2002,2002-10-07,1.0994999885559082,641.14,16.600000381469727,27.0,68.0,62,1738,7,198.2,False,True,True,607.1,501.0
40,0117,2,2003,2003-11-20,1.1247999906539916,617.53,17.399999618530273,26.0,72.0,59,2070,8,198.2,False,True,True,607.1,409.0
40,0117,2,2004,2004-06-21,1.1258000254631044,1004.81,17.399999618530273,24.0,55.0,65,2405,9,198.2,False,True,True,607.1,214.0
40,0117,2,2007,2007-04-11,1.163700008392334,1113.12,16.299999237060547,47.0,72.0,71,3448,12,198.2,False,True,True,607.1,1024.0
40,0117,2,2008,2008-04-30,1.154299998283386,649.09,17.200000762939453,24.0,68.0,59,3811,13,198.2,False,True,True,607.1,385.0
40,0117,2,2010,2010-03-16,1.2002999901771545,820.81,17.100000381469727,48.0,68.0,62,4338,15,198.2,False,True,True,607.1,685.0
40,0117,2,2011,2011-03-05,1.22260000705719,337.63,19.100000381469727,53.0,64.0,49,4563,16,198.2,False,True,True,607.1,354.0
40,0117,2,2013,2013-04-26,1.239800012111664,600.59,17.0,37.0,77.0,58,5076,18,198.2,False,True,True,607.1,783.0
40,0117,3,2016,2016-03-22,0.5984000086784362,824.68,17.799999237060547,16.0,54.0,67,5889,21,218.5,False,True,True,627.4,1061.0
40,0118,1,1997,1997-11-19,0.9407000064849852,1003.06,16.299999237060547,41.0,70.0,65,264,2,114.3,False,True,True,622.3,0.0
40,0118,2,1999,1999-11-03,0.9853999972343446,564.34,18.100000381469727,9.0,51.0,59,817,4,114.3,False,True,True,622.3,714.0
40,0118,2,2001,2001-05-24,1.034149992465973,591.9,17.5,25.0,63.0,64,1404,6,114.3,False,True,True,622.3,568.0
40,0118,2,2002,2002-10-07,1.0046999931335447,641.14,16.600000381469727,27.0,68.0,62,1738,7,114.3,False,True,True,622.3,501.0
40,0118,2,2003,2003-11-20,1.0058000147342685,617.53,17.399999618530273,26.0,72.0,59,2070,8,114.3,False,True,True,622.3,409.0
40,0118,2,2004,2004-06-21,1.0020000040531158,1004.81,17.399999618530273,24.0,55.0,65,2405,9,114.3,False,True,True,622.3,214.0
40,0118,3,2007,2007-04-11,1.028700006008148,1113.12,16.299999237060547,47.0,72.0,71,3448,12,114.3,False,True,True,622.3,1024.0
40,0118,3,2008,2008-04-30,1.034500002861023,649.09,17.200000762939453,24.0,68.0,59,3811,13,114.3,False,True,True,622.3,385.0
40,0118,3,2010,2010-03-16,1.029499989748001,820.81,17.100000381469727,48.0,68.0,62,4338,15,114.3,False,True,True,622.3,685.0
40,0118,3,2011,2011-03-05,1.034200018644333,337.63,19.100000381469727,53.0,64.0,49,4563,16,114.3,False,True,True,622.3,354.0
40,0118,3,2013,2013-04-26,1.0821999967098237,600.59,17.0,37.0,77.0,58,5076,18,114.3,False,True,True,622.3,783.0
40,0118,4,2016,2016-03-22,1.0992000162601472,824.68,17.799999237060547,16.0,54.0,67,5889,21,134.6,False,True,True,642.6,1061.0
40,0119,1,1997,1997-11-19,0.8402999997138977,1003.06,16.299999237060547,41.0,70.0,65,264,2,185.4,False,True,True,599.4,0.0
40,0119,2,1999,1999-11-03,0.8403999984264374,564.34,18.100000381469727,9.0,51.0,59,817,4,185.4,False,True,True,599.4,714.0
40,0119,2,2001,2001-05-24,0.8356999993324279,591.9,17.5,25.0,63.0,64,1404,6,185.4,False,True,True,599.4,568.0
40,0119,2,2002,2002-10-07,0.8348000049591064,641.14,16.600000381469727,27.0,68.0,62,1738,7,185.4,False,True,True,599.4,501.0
40,0119,2,2003,2003-11-20,0.8193999946117401,617.53,17.399999618530273,26.0,72.0,59,2070,8,185.4,False,True,True,599.4,409.0
40,0119,2,2004,2004-06-21,0.8402999997138978,1004.81,17.399999618530273,24.0,55.0,65,2405,9,185.4,False,True,True,599.4,214.0
40,0119,2,2007,2007-04-11,0.8494000017642975,1113.12,16.299999237060547,47.0,72.0,71,3448,12,185.4,False,True,True,599.4,1024.0
40,0119,2,2008,2008-04-30,0.870900011062622,649.09,17.200000762939453,24.0,68.0,59,3811,13,185.4,False,True,True,599.4,385.0
40,0119,2,2010,2010-03-16,0.8785999953746796,820.81,17.100000381469727,48.0,68.0,62,4338,15,185.4,False,True,True,599.4,685.0
40,0119,2,2011,2011-03-05,0.9058999955654145,337.63,19.100000381469727,53.0,64.0,49,4563,16,185.4,False,True,True,599.4,354.0
40,0119,2,2013,2013-04-26,1.0022000074386597,600.59,17.0,37.0,77.0,58,5076,18,185.4,False,True,True,599.4,783.0
40,0119,3,2016,2016-03-22,0.5383000016212462,824.68,17.799999237060547,16.0,54.0,67,5889,21,205.7,False,True,True,619.6999999999999,1061.0
40,0120,1,1997,1997-11-19,0.7543999969959259,1003.06,16.299999237060547,41.0,70.0,65,264,2,119.3,False,True,True,670.5,0.0
40,0120,2,1999,1999-11-03,0.7957000076770783,564.34,18.100000381469727,9.0,51.0,59,817,4,119.3,False,True,True,670.5,714.0
40,0120,2,2001,2001-05-24,0.7991499930620194,591.9,17.5,25.0,63.0,64,1404,6,119.3,False,True,True,670.5,568.0
40,0120,2,2002,2002-10-07,0.7834000051021577,641.14,16.600000381469727,27.0,68.0,62,1738,7,119.3,False,True,True,670.5,501.0
40,0120,2,2003,2003-11-20,0.7867999970912933,617.53,17.399999618530273,26.0,72.0,59,2070,8,119.3,False,True,True,670.5,409.0
40,0120,2,2004,2004-06-21,0.7915999948978424,1004.81,17.399999618530273,24.0,55.0,65,2405,9,119.3,False,True,True,670.5,214.0
40,0120,2,2007,2007-04-11,0.8899000048637391,1113.12,16.299999237060547,47.0,72.0,71,3448,12,119.3,False,True,True,670.5,1024.0
40,0120,2,2008,2008-04-30,0.948500007390976,649.09,17.200000762939453,24.0,68.0,59,3811,13,119.3,False,True,True,670.5,385.0
40,0120,2,2010,2010-03-16,0.9398000061511992,820.81,17.100000381469727,48.0,68.0,62,4338,15,119.3,False,True,True,670.5,685.0
40,0120,2,2011,2011-03-05,1.0759999990463256,337.63,19.100000381469727,53.0,64.0,49,4563,16,119.3,False,True,True,670.5,354.0
40,0120,2,2013,2013-04-26,1.455900001525879,600.59,17.0,37.0,77.0,58,5076,18,119.3,False,True,True,670.5,783.0
40,0120,3,2016,2016-03-22,0.5466000020503998,824.68,17.799999237060547,16.0,54.0,67,5889,21,139.7,False,True,True,690.9,1061.0
40,0121,1,1997,1997-11-19,0.8927000045776368,1003.06,16.299999237060547,41.0,70.0,65,264,2,101.6,False,True,True,696.0,0.0
40,0121,2,1999,1999-11-03,0.918800002336502,564.34,18.100000381469727,9.0,51.0,59,817,4,101.6,False,True,True,696.0,714.0
40,0121,2,2001,2001-05-24,0.9122499972581865,591.9,17.5,25.0,63.0,64,1404,6,101.6,False,True,True,696.0,568.0
40,0121,2,2002,2002-10-07,0.8737999975681305,641.14,16.600000381469727,27.0,68.0,62,1738,7,101.6,False,True,True,696.0,501.0
40,0121,2,2003,2003-11-20,0.9116000056266784,617.53,17.399999618530273,26.0,72.0,59,2070,8,101.6,False,True,True,696.0,409.0
40,0121,2,2004,2004-06-21,0.928600001335144,1004.81,17.399999618530273,24.0,55.0,65,2405,9,101.6,False,True,True,696.0,214.0
40,0121,2,2007,2007-04-11,1.0074999928474426,1113.12,16.299999237060547,47.0,72.0,71,3448,12,101.6,False,True,True,696.0,1024.0
40,0121,2,2008,2008-04-30,1.0676999986171722,649.09,17.200000762939453,24.0,68.0,59,3811,13,101.6,False,True,True,696.0,385.0
40,0121,2,2010,2010-03-16,1.0642000019550324,820.81,17.100000381469727,48.0,68.0,62,4338,15,101.6,False,True,True,696.0,685.0
40,0121,2,2011,2011-03-05,1.3627999901771546,337.63,19.100000381469727,53.0,64.0,49,4563,16,101.6,False,True,True,696.0,354.0
40,0121,2,2013,2013-04-26,1.837000012397766,600.59,17.0,37.0,77.0,58,5076,18,101.6,False,True,True,696.0,783.0
40,0121,3,2016,2016-03-22,0.5973999977111817,824.68,17.799999237060547,16.0,54.0,67,5889,21,121.9,False,True,True,716.3,1061.0
40,0122,1,1997,1997-11-19,0.8976000070571899,1003.06,16.299999237060547,41.0,70.0,65,264,2,111.7,True,True,True,538.4,0.0
40,0122,2,1999,1999-11-03,0.9459999978542328,564.34,18.100000381469727,9.0,51.0,59,817,4,111.7,True,True,True,538.4,714.0
40,0122,2,2001,2001-05-24,0.945650005340576,591.9,17.5,25.0,63.0,64,1404,6,111.7,True,True,True,538.4,568.0
40,0122,2,2002,2002-10-07,0.9514999866485596,641.14,16.600000381469727,27.0,68.0,62,1738,7,111.7,True,True,True,538.4,501.0
40,0122,2,2003,2003-11-20,0.9604000091552736,617.53,17.399999618530273,26.0,72.0,59,2070,8,111.7,True,True,True,538.4,409.0
40,0122,2,2004,2004-06-21,0.9887000024318696,1004.81,17.399999618530273,24.0,55.0,65,2405,9,111.7,True,True,True,538.4,214.0
40,0122,2,2007,2007-04-11,1.0590000092983245,1113.12,16.299999237060547,47.0,72.0,71,3448,12,111.7,True,True,True,538.4,1024.0
40,0122,2,2008,2008-04-30,1.3157000064849855,649.09,17.200000762939453,24.0,68.0,59,3811,13,111.7,True,True,True,538.4,385.0
40,0123,1,1997,1997-11-19,0.769300001859665,1003.06,16.299999237060547,41.0,70.0,65,264,2,180.3,True,True,True,716.1999999999999,0.0
40,0123,2,1999,1999-11-03,0.8030000030994415,564.34,18.100000381469727,9.0,51.0,59,817,4,180.3,True,True,True,716.1999999999999,714.0
40,0123,2,2001,2001-05-24,0.8180000007152557,591.9,17.5,25.0,63.0,64,1404,6,180.3,True,True,True,716.1999999999999,568.0
40,0123,2,2002,2002-10-07,0.7947000026702882,641.14,16.600000381469727,27.0,68.0,62,1738,7,180.3,True,True,True,716.1999999999999,501.0
40,0123,2,2003,2003-11-20,0.8220999956130981,617.53,17.399999618530273,26.0,72.0,59,2070,8,180.3,True,True,True,716.1999999999999,409.0
40,0123,2,2004,2004-06-21,0.8430000007152558,1004.81,17.399999618530273,24.0,55.0,65,2405,9,180.3,True,True,True,716.1999999999999,214.0
40,0123,2,2007,2007-04-11,0.8983999907970428,1113.12,16.299999237060547,47.0,72.0,71,3448,12,180.3,True,True,True,716.1999999999999,1024.0
40,0123,2,2008,2008-04-30,0.916700005531311,649.09,17.200000762939453,24.0,68.0,59,3811,13,180.3,True,True,True,716.1999999999999,385.0
40,0123,2,2010,2010-03-16,0.948500007390976,820.81,17.100000381469727,48.0,68.0,62,4338,15,180.3,True,True,True,716.1999999999999,685.0
40,0123,2,2011,2011-03-05,1.0087000012397769,337.63,19.100000381469727,53.0,64.0,49,4563,16,180.3,True,True,True,716.1999999999999,354.0
40,0123,2,2013,2013-04-26,1.1453000009059906,600.59,17.0,37.0,77.0,58,5076,18,180.3,True,True,True,716.1999999999999,783.0
40,0123,3,2016,2016-03-22,0.6029000103473663,824.68,17.799999237060547,16.0,54.0,67,5889,21,200.7,True,True,True,736.6,1061.0
40,0124,1,1997,1997-11-19,0.9084999978542329,1003.06,16.299999237060547,41.0,70.0,65,264,2,185.5,True,True,True,731.5999999999999,0.0
40,0124,2,1999,1999-11-03,0.949099999666214,564.34,18.100000381469727,9.0,51.0,59,817,4,185.5,True,True,True,731.5999999999999,714.0
40,0124,2,2001,2001-05-24,0.9696000009775162,591.9,17.5,25.0,63.0,64,1404,6,185.5,True,True,True,731.5999999999999,568.0
40,0124,2,2002,2002-10-07,0.9249000012874604,641.14,16.600000381469727,27.0,68.0,62,1738,7,185.5,True,True,True,731.5999999999999,501.0
40,0124,2,2003,2003-11-20,0.9679000079631804,617.53,17.399999618530273,26.0,72.0,59,2070,8,185.5,True,True,True,731.5999999999999,409.0
40,0124,2,2004,2004-06-21,0.98850000500679,1004.81,17.399999618530273,24.0,55.0,65,2405,9,185.5,True,True,True,731.5999999999999,214.0
40,0124,2,2007,2007-04-11,1.0161999940872193,1113.12,16.299999237060547,47.0,72.0,71,3448,12,185.5,True,True,True,731.5999999999999,1024.0
40,0124,2,2008,2008-04-30,1.0307999908924104,649.09,17.200000762939453,24.0,68.0,59,3811,13,185.5,True,True,True,731.5999999999999,385.0
40,0124,2,2010,2010-03-16,1.052700001001358,820.81,17.100000381469727,48.0,68.0,62,4338,15,185.5,True,True,True,731.5999999999999,685.0
40,0124,2,2011,2011-03-05,1.0749999940395356,337.63,19.100000381469727,53.0,64.0,49,4563,16,185.5,True,True,True,731.5999999999999,354.0
40,0124,2,2013,2013-04-26,1.133399987220764,600.59,17.0,37.0,77.0,58,5076,18,185.5,True,True,True,731.5999999999999,783.0
40,0124,3,2016,2016-03-22,0.5457000046968461,824.68,17.799999237060547,16.0,54.0,67,5889,21,205.8,True,True,True,751.9,1061.0
40,0160,1,1997,1997-11-19,1.2054999947547913,1003.06,16.299999237060547,41.0,70.0,65,264,2,203.2,False,True,True,645.1999999999999,0.0
40,0160,2,1999,1999-11-03,1.1981000065803529,564.34,18.100000381469727,9.0,51.0,59,817,4,203.2,False,True,True,645.1999999999999,714.0
40,0160,2,2001,2001-05-24,1.2153500080108643,591.9,17.5,25.0,63.0,64,1404,6,203.2,False,True,True,645.1999999999999,568.0
40,0160,2,2002,2002-10-07,1.156699997186661,641.14,16.600000381469727,27.0,68.0,62,1738,7,203.2,False,True,True,645.1999999999999,501.0
40,0160,2,2003,2003-11-20,1.1856000185012818,617.53,17.399999618530273,26.0,72.0,59,2070,8,203.2,False,True,True,645.1999999999999,409.0
40,0160,2,2004,2004-06-21,1.195800006389618,1004.81,17.399999618530273,24.0,55.0,65,2405,9,203.2,False,True,True,645.1999999999999,214.0
40,0160,2,2007,2007-04-11,1.1769000053405765,1113.12,16.299999237060547,47.0,72.0,71,3448,12,203.2,False,True,True,645.1999999999999,1024.0
40,0160,2,2008,2008-04-30,1.1545000076293943,649.09,17.200000762939453,24.0,68.0,59,3811,13,203.2,False,True,True,645.1999999999999,385.0
40,0160,2,2011,2011-03-05,1.3364999890327454,337.63,19.100000381469727,53.0,64.0,49,4563,16,203.2,False,True,True,645.1999999999999,1039.0
40,0160,2,2013,2013-04-26,1.1756000041961672,600.59,17.0,37.0,77.0,58,5076,18,203.2,False,True,True,645.1999999999999,783.0
40,0160,3,2016,2016-03-22,0.816100001335144,824.68,17.799999237060547,16.0,54.0,67,5889,21,223.5,False,True,True,665.5,1061.0
40,0501,1,1997,1997-06-04,1.569700002670288,1003.06,16.299999237060547,41.0,70.0,65,6653,25,96.5,False,True,False,325.1,0.0
40,0501,2,1998,1998-01-14,1.3176000118255615,695.05,18.5,22.0,52.0,61,6963,26,96.5,False,True,False,325.1,224.0
40,0501,3,1999,1999-11-02,1.5633000135421753,564.34,18.100000381469727,9.0,51.0,59,7282,27,96.5,False,True,False,325.1,657.0
40,0501,3,2001,2001-05-24,1.5951499938964844,591.9,17.5,25.0,63.0,64,7950,29,96.5,False,True,False,325.1,569.0
40,0501,3,2002,2002-10-04,1.809599995613098,641.14,16.600000381469727,27.0,68.0,62,8298,30,96.5,False,True,False,325.1,498.0
40,0501,3,2003,2003-11-19,1.7841999888420106,617.53,17.399999618530273,26.0,72.0,59,8653,31,96.5,False,True,False,325.1,411.0
40,0501,3,2004,2004-06-21,1.9422000050544737,1004.81,17.399999618530273,24.0,55.0,65,9015,32,96.5,False,True,False,325.1,215.0
40,0501,3,2007,2007-04-11,2.3069000005722047,1113.12,16.299999237060547,47.0,72.0,71,10211,35,96.5,False,True,False,325.1,1024.0
40,0502,1,1997,1997-06-04,2.511100006103516,1003.06,16.299999237060547,41.0,70.0,65,6653,25,101.6,False,True,False,342.9,0.0
40,0502,2,1998,1998-01-14,1.13299999833107,695.05,18.5,22.0,52.0,61,6963,26,144.8,False,True,False,386.1,224.0
40,0502,3,1999,1999-11-02,1.224400007724762,564.34,18.100000381469727,9.0,51.0,59,7282,27,144.8,False,True,False,386.1,657.0
40,0502,3,2001,2001-05-24,1.298199999332428,591.9,17.5,25.0,63.0,64,7950,29,144.8,False,True,False,386.1,569.0
40,0502,3,2002,2002-10-04,1.3296000003814696,641.14,16.600000381469727,27.0,68.0,62,8298,30,144.8,False,True,False,386.1,498.0
40,0502,3,2003,2003-11-19,1.393299973011017,617.53,17.399999618530273,26.0,72.0,59,8653,31,144.8,False,True,False,386.1,411.0
40,0502,3,2004,2004-06-21,1.4024000048637388,1004.81,17.399999618530273,24.0,55.0,65,9015,32,144.8,False,True,False,386.1,215.0
40,0502,3,2007,2007-04-11,1.5629000067710876,1113.12,16.299999237060547,47.0,72.0,71,10211,35,144.8,False,True,False,386.1,1024.0
40,0502,3,2008,2008-04-30,1.599400007724762,649.09,17.200000762939453,24.0,68.0,59,10617,36,144.8,False,True,False,386.1,385.0
40,0502,3,2010,2010-03-17,1.6843000173568727,820.81,17.100000381469727,48.0,68.0,62,11286,38,144.8,False,True,False,386.1,686.0
40,0502,3,2011,2011-03-05,1.762600016593933,337.63,19.100000381469727,53.0,64.0,49,11624,39,144.8,False,True,False,386.1,353.0
40,0502,3,2013,2013-04-26,1.779599988460541,600.59,17.0,37.0,77.0,58,12110,41,144.8,False,True,False,386.1,783.0
40,0502,4,2016,2016-03-22,0.8113999962806702,824.68,17.799999237060547,16.0,54.0,67,13070,44,198.1,False,True,False,439.4,1061.0
40,0503,1,1997,1997-06-04,2.035899996757508,1003.06,16.299999237060547,41.0,70.0,65,6653,25,101.6,False,True,False,342.9,0.0
40,0503,2,1998,1998-01-14,1.0080999970436095,695.05,18.5,22.0,52.0,61,6963,26,215.9,False,True,False,457.2000000000001,224.0
40,0503,3,1999,1999-11-02,0.9957000076770782,564.34,18.100000381469727,9.0,51.0,59,7282,27,215.9,False,True,False,457.2,657.0
40,0503,3,2001,2001-05-24,0.9965000152587892,591.9,17.5,25.0,63.0,64,7950,29,215.9,False,True,False,457.2,569.0
40,0503,3,2002,2002-10-04,0.999399995803833,641.14,16.600000381469727,27.0,68.0,62,8298,30,215.9,False,True,False,457.2,498.0
40,0503,3,2003,2003-11-19,1.046700006723404,617.53,17.399999618530273,26.0,72.0,59,8653,31,215.9,False,True,False,457.2,411.0
40,0503,3,2004,2004-06-21,1.0539000034332275,1004.81,17.399999618530273,24.0,55.0,65,9015,32,215.9,False,True,False,457.2,215.0
40,0503,3,2007,2007-04-11,1.1175999760627748,1113.12,16.299999237060547,47.0,72.0,71,10211,35,215.9,False,True,False,457.2,1024.0
40,0503,3,2008,2008-04-30,1.1384000062942503,649.09,17.200000762939453,24.0,68.0,59,10617,36,215.9,False,True,False,457.2,385.0
40,0503,3,2010,2010-03-17,1.1674999952316285,820.81,17.100000381469727,48.0,68.0,62,11286,38,215.9,False,True,False,457.2,686.0
40,0503,3,2011,2011-03-05,1.216599988937378,337.63,19.100000381469727,53.0,64.0,49,11624,39,215.9,False,True,False,457.2,353.0
40,0503,3,2013,2013-04-26,1.1834999918937683,600.59,17.0,37.0,77.0,58,12110,41,215.9,False,True,False,457.2,783.0
40,0503,4,2016,2016-03-22,0.6641999959945679,824.68,17.799999237060547,16.0,54.0,67,13070,44,269.2,False,True,False,510.5,1061.0
40,0504,1,1997,1997-06-04,2.0767000198364256,1003.06,16.299999237060547,41.0,70.0,65,6653,25,109.2,False,True,False,294.6,0.0
40,0504,2,1998,1998-01-14,1.0742999851703643,695.05,18.5,22.0,52.0,61,6963,26,221.0,False,True,False,406.4,224.0
40,0504,3,1999,1999-11-02,1.065400004386902,564.34,18.100000381469727,9.0,51.0,59,7282,27,221.0,False,True,False,406.4,657.0
40,0504,3,2001,2001-05-24,1.0811999917030335,591.9,17.5,25.0,63.0,64,7950,29,221.0,False,True,False,406.4,569.0
40,0504,3,2002,2002-10-04,1.0481999933719637,641.14,16.600000381469727,27.0,68.0,62,8298,30,221.0,False,True,False,406.4,498.0
40,0504,3,2003,2003-11-19,1.101800000667572,617.53,17.399999618530273,26.0,72.0,59,8653,31,221.0,False,True,False,406.4,411.0
40,0504,3,2004,2004-06-21,1.139900016784668,1004.81,17.399999618530273,24.0,55.0,65,9015,32,221.0,False,True,False,406.4,215.0
40,0504,3,2007,2007-04-11,1.1399999976158142,1113.12,16.299999237060547,47.0,72.0,71,10211,35,221.0,False,True,False,406.4,1024.0
40,0504,3,2008,2008-04-30,1.1642500162124634,649.09,17.200000762939453,24.0,68.0,59,10617,36,221.0,False,True,False,406.4,385.0
40,0504,3,2010,2010-03-17,1.206700003147125,820.81,17.100000381469727,48.0,68.0,62,11286,38,221.0,False,True,False,406.4,686.0
40,0504,3,2011,2011-03-05,1.2228999972343444,337.63,19.100000381469727,53.0,64.0,49,11624,39,221.0,False,True,False,406.4,353.0
40,0504,3,2013,2013-04-26,1.1954000115394594,600.59,17.0,37.0,77.0,58,12110,41,221.0,False,True,False,406.4,783.0
40,0504,4,2016,2016-03-22,0.6550999939441681,824.68,17.799999237060547,16.0,54.0,67,13070,44,274.2,False,True,False,459.6,1061.0
40,0505,1,1997,1997-06-04,1.0742999911308289,1003.06,16.299999237060547,41.0,70.0,65,6653,25,109.2,False,True,False,337.8,0.0
40,0505,2,1998,1998-01-14,1.0162000000476836,695.05,18.5,22.0,52.0,61,6963,26,154.9,False,True,False,383.5,224.0
40,0505,3,1999,1999-11-02,0.980399978160858,564.34,18.100000381469727,9.0,51.0,59,7282,27,154.9,False,True,False,383.5,657.0
40,0505,3,2001,2001-05-24,0.980999994277954,591.9,17.5,25.0,63.0,64,7950,29,154.9,False,True,False,383.5,569.0
40,0505,3,2002,2002-10-04,0.965200001001358,641.14,16.600000381469727,27.0,68.0,62,8298,30,154.9,False,True,False,383.5,498.0
40,0505,3,2003,2003-11-19,0.9955999910831452,617.53,17.399999618530273,26.0,72.0,59,8653,31,154.9,False,True,False,383.5,411.0
40,0505,3,2004,2004-06-21,1.0126000106334687,1004.81,17.399999618530273,24.0,55.0,65,9015,32,154.9,False,True,False,383.5,215.0
40,0505,3,2007,2007-04-11,1.0859000086784365,1113.12,16.299999237060547,47.0,72.0,71,10211,35,154.9,False,True,False,383.5,1024.0
40,0505,3,2008,2008-04-30,1.1210999965667725,649.09,17.200000762939453,24.0,68.0,59,10617,36,154.9,False,True,False,383.5,385.0
40,0505,3,2010,2010-03-17,1.1521000027656556,820.81,17.100000381469727,48.0,68.0,62,11286,38,154.9,False,True,False,383.5,686.0
40,0505,3,2011,2011-03-05,1.2014999866485596,337.63,19.100000381469727,53.0,64.0,49,11624,39,154.9,False,True,False,383.5,353.0
40,0505,3,2013,2013-04-26,1.20900000333786,600.59,17.0,37.0,77.0,58,12110,41,154.9,False,True,False,383.5,783.0
40,0505,4,2016,2016-03-22,0.62809998691082,824.68,17.799999237060547,16.0,54.0,67,13070,44,208.2,False,True,False,436.8,1061.0
40,0506,1,1997,1997-06-04,2.008099973201752,1003.06,16.299999237060547,41.0,70.0,65,6653,25,104.1,False,True,False,327.6,0.0
40,0506,2,1998,1998-01-14,0.9982000052928924,695.05,18.5,22.0,52.0,61,6963,26,147.3,False,True,False,370.8,224.0
40,0506,3,1999,1999-11-02,1.009500002861023,564.34,18.100000381469727,9.0,51.0,59,7282,27,147.3,False,True,False,370.8,657.0
40,0506,3,2001,2001-05-24,1.005950003862381,591.9,17.5,25.0,63.0,64,7950,29,147.3,False,True,False,370.8,569.0
40,0506,3,2002,2002-10-04,1.0103000104427338,641.14,16.600000381469727,27.0,68.0,62,8298,30,147.3,False,True,False,370.8,498.0
40,0506,3,2003,2003-11-19,1.0262000143527985,617.53,17.399999618530273,26.0,72.0,59,8653,31,147.3,False,True,False,370.8,411.0
40,0506,3,2004,2004-06-21,1.0370000064373015,1004.81,17.399999618530273,24.0,55.0,65,9015,32,147.3,False,True,False,370.8,215.0
40,0506,3,2007,2007-04-11,1.1444000124931335,1113.12,16.299999237060547,47.0,72.0,71,10211,35,147.3,False,True,False,370.8,1024.0
40,0506,3,2008,2008-04-30,1.1851999878883364,649.09,17.200000762939453,24.0,68.0,59,10617,36,147.3,False,True,False,370.8,385.0
40,0506,3,2010,2010-03-17,1.2198000073432924,820.81,17.100000381469727,48.0,68.0,62,11286,38,147.3,False,True,False,370.8,686.0
40,0506,3,2011,2011-03-05,1.3812999963760375,337.63,19.100000381469727,53.0,64.0,49,11624,39,147.3,False,True,False,370.8,353.0
40,0506,3,2013,2013-04-26,1.4244000196456907,600.59,17.0,37.0,77.0,58,12110,41,147.3,False,True,False,370.8,783.0
40,0506,4,2016,2016-03-22,0.6878000020980835,824.68,17.799999237060547,16.0,54.0,67,13070,44,200.6,False,True,False,424.1,1061.0
40,0507,1,1997,1997-06-04,2.312099981307983,1003.06,16.299999237060547,41.0,70.0,65,6653,25,109.3,False,True,False,340.4,0.0
40,0507,2,1998,1998-01-14,0.8817999958992004,695.05,18.5,22.0,52.0,61,6963,26,246.4,False,True,False,477.5,224.0
40,0507,3,1999,1999-11-02,0.9365000128746032,564.34,18.100000381469727,9.0,51.0,59,7282,27,246.4,False,True,False,477.5,657.0
40,0507,3,2001,2001-05-24,0.9832500040531158,591.9,17.5,25.0,63.0,64,7950,29,246.4,False,True,False,477.5,569.0
40,0507,3,2002,2002-10-04,0.9205000042915344,641.14,16.600000381469727,27.0,68.0,62,8298,30,246.4,False,True,False,477.5,498.0
40,0507,3,2003,2003-11-19,0.9711000025272368,617.53,17.399999618530273,26.0,72.0,59,8653,31,246.4,False,True,False,477.5,411.0
40,0507,3,2004,2004-06-21,0.9735999941825866,1004.81,17.399999618530273,24.0,55.0,65,9015,32,246.4,False,True,False,477.5,215.0
40,0507,3,2007,2007-04-11,1.036000007390976,1113.12,16.299999237060547,47.0,72.0,71,10211,35,246.4,False,True,False,477.5,1024.0
40,0507,3,2008,2008-04-30,1.0463000059127807,649.09,17.200000762939453,24.0,68.0,59,10617,36,246.4,False,True,False,477.5,385.0
40,0507,3,2010,2010-03-17,1.0904000043869018,820.81,17.100000381469727,48.0,68.0,62,11286,38,246.4,False,True,False,477.5,686.0
40,0507,3,2011,2011-03-05,1.1058999776840208,337.63,19.100000381469727,53.0,64.0,49,11624,39,246.4,False,True,False,477.5,353.0
40,0507,3,2013,2013-04-26,1.144599986076355,600.59,17.0,37.0,77.0,58,12110,41,246.4,False,True,False,477.5,783.0
40,0507,4,2016,2016-03-22,0.6284999996423721,824.68,17.799999237060547,16.0,54.0,67,13070,44,299.7,False,True,False,530.8,1061.0
40,0508,1,1997,1997-06-04,1.7605000019073485,1003.06,16.299999237060547,41.0,70.0,65,6653,25,94.0,False,True,False,348.0,0.0
40,0508,2,1998,1998-01-14,0.9384999871253968,695.05,18.5,22.0,52.0,61,6963,26,208.2,False,True,False,439.3,224.0
40,0508,3,1999,1999-11-02,0.9615000128746032,564.34,18.100000381469727,9.0,51.0,59,7282,27,208.2,False,True,False,439.3,657.0
40,0508,3,2001,2001-05-24,0.9475499987602234,591.9,17.5,25.0,63.0,64,7950,29,208.2,False,True,False,439.3,569.0
40,0508,3,2002,2002-10-04,0.9513000190258026,641.14,16.600000381469727,27.0,68.0,62,8298,30,208.2,False,True,False,439.3,498.0
40,0508,3,2003,2003-11-19,0.9600999891757964,617.53,17.399999618530273,26.0,72.0,59,8653,31,208.2,False,True,False,439.3,411.0
40,0508,3,2004,2004-06-21,0.9720999836921692,1004.81,17.399999618530273,24.0,55.0,65,9015,32,208.2,False,True,False,439.3,215.0
40,0508,3,2007,2007-04-11,0.9855000078678132,1113.12,16.299999237060547,47.0,72.0,71,10211,35,208.2,False,True,False,439.3,1024.0
40,0508,3,2008,2008-04-30,0.9792999982833864,649.09,17.200000762939453,24.0,68.0,59,10617,36,208.2,False,True,False,439.3,385.0
40,0508,3,2010,2010-03-17,0.9900999903678892,820.81,17.100000381469727,48.0,68.0,62,11286,38,208.2,False,True,False,439.3,686.0
40,0508,3,2011,2011-03-05,1.04439999461174,337.63,19.100000381469727,53.0,64.0,49,11624,39,208.2,False,True,False,439.3,353.0
40,0508,3,2013,2013-04-26,1.109999990463257,600.59,17.0,37.0,77.0,58,12110,41,208.2,False,True,False,439.3,783.0
40,0508,4,2016,2016-03-22,0.7164999961853027,824.68,17.799999237060547,16.0,54.0,67,13070,44,261.5,False,True,False,492.6,1061.0
40,0509,1,1997,1997-06-04,1.586799991130829,1003.06,16.299999237060547,41.0,70.0,65,6653,25,106.7,False,True,False,320.1,0.0
40,0509,2,1998,1998-01-14,0.914199995994568,695.05,18.5,22.0,52.0,61,6963,26,129.5,False,True,False,342.9,224.0
40,0509,3,1999,1999-11-02,0.94549999833107,564.34,18.100000381469727,9.0,51.0,59,7282,27,129.5,False,True,False,342.9,657.0
40,0509,3,2001,2001-05-24,1.0321999937295914,591.9,17.5,25.0,63.0,64,7950,29,129.5,False,True,False,342.9,569.0
40,0509,3,2002,2002-10-04,0.9791000008583068,641.14,16.600000381469727,27.0,68.0,62,8298,30,129.5,False,True,False,342.9,498.0
40,0509,3,2003,2003-11-19,1.0020000159740448,617.53,17.399999618530273,26.0,72.0,59,8653,31,129.5,False,True,False,342.9,411.0
40,0509,3,2004,2004-06-21,1.013700008392334,1004.81,17.399999618530273,24.0,55.0,65,9015,32,129.5,False,True,False,342.9,215.0
40,0509,3,2007,2007-04-11,1.1113000154495238,1113.12,16.299999237060547,47.0,72.0,71,10211,35,129.5,False,True,False,342.9,1024.0
40,0509,3,2008,2008-04-30,1.1400000005960464,649.09,17.200000762939453,24.0,68.0,59,10617,36,129.5,False,True,False,342.9,385.0
40,0509,3,2010,2010-03-17,1.2567999958992004,820.81,17.100000381469727,48.0,68.0,62,11286,38,129.5,False,True,False,342.9,686.0
40,0509,3,2011,2011-03-05,1.355999994277954,337.63,19.100000381469727,53.0,64.0,49,11624,39,129.5,False,True,False,342.9,353.0
40,0509,3,2013,2013-04-26,1.419600009918213,600.59,17.0,37.0,77.0,58,12110,41,129.5,False,True,False,342.9,783.0
40,0509,4,2016,2016-03-22,0.5932999968528747,824.68,17.799999237060547,16.0,54.0,67,13070,44,182.8,False,True,False,396.2,1061.0
40,0560,2,1998,1998-01-14,0.7046000063419342,695.05,18.5,22.0,52.0,61,6963,26,175.29999999999998,False,True,False,411.5,0.0
40,0560,3,1999,1999-11-02,0.7898000001907348,564.34,18.100000381469727,9.0,51.0,59,7282,27,175.29999999999998,False,True,False,411.5,657.0
40,0560,3,2001,2001-05-24,0.9505499958992004,591.9,17.5,25.0,63.0,64,7950,29,175.29999999999998,False,True,False,411.5,569.0
40,0560,3,2002,2002-10-04,0.7898999929428101,641.14,16.600000381469727,27.0,68.0,62,8298,30,175.29999999999998,False,True,False,411.5,498.0
40,0560,3,2003,2003-11-19,0.8055000066757202,617.53,17.399999618530273,26.0,72.0,59,8653,31,175.29999999999998,False,True,False,411.5,411.0
40,0560,3,2004,2004-06-21,0.8217999994754792,1004.81,17.399999618530273,24.0,55.0,65,9015,32,175.29999999999998,False,True,False,411.5,215.0
40,0560,3,2007,2007-04-11,0.8543000102043152,1113.12,16.299999237060547,47.0,72.0,71,10211,35,175.29999999999998,False,True,False,411.5,1024.0
40,0560,3,2008,2008-04-30,0.8241249918937683,649.09,17.200000762939453,24.0,68.0,59,10617,36,175.29999999999998,False,True,False,411.5,385.0
40,0560,3,2011,2011-03-05,0.9157000005245208,337.63,19.100000381469727,53.0,64.0,49,11624,39,175.29999999999998,False,True,False,411.5,1039.0
40,0560,3,2013,2013-04-26,0.936299991607666,600.59,17.0,37.0,77.0,58,12110,41,175.29999999999998,False,True,False,411.5,783.0
40,0560,4,2016,2016-03-22,0.577700001001358,824.68,17.799999237060547,16.0,54.0,67,13070,44,228.6,False,True,False,464.8,1061.0
40,1015,1,1990,1990-09-06,1.5139000177383424,1050.05,16.200000762939453,52.0,55.0,72,3890,13,35.6,False,True,False,241.3,0.0
40,1015,1,1991,1991-01-11,1.5836000204086305,1096.38,16.0,42.0,68.0,72,4187,14,35.6,False,True,False,241.3,127.0
40,1015,1,1993,1993-03-23,1.5886000037193295,1006.67,14.899999618530272,44.0,84.0,75,4550,16,35.6,False,True,False,241.3,802.0
40,1015,1,1995,1995-03-31,1.4498000025749205,990.07,15.800000190734863,36.0,62.0,71,4956,18,35.6,False,True,False,241.3,738.0
40,1015,1,1998,1998-06-23,1.7354000091552733,914.74,17.799999237060547,38.0,56.0,69,5603,21,35.6,False,True,False,241.3,1180.0
40,1017,1,1991,1991-05-13,1.4290000021457674,1269.38,15.800000190734863,67.0,77.0,73,9976,11,43.2,False,True,False,238.8,0.0
40,1017,1,1993,1993-09-16,1.5705999851226808,1290.11,13.899999618530272,72.0,89.0,79,12471,13,43.2,False,True,False,238.8,857.0
40,1017,1,1995,1995-04-04,1.5552000045776366,1137.08,14.899999618530272,58.0,74.0,74,14041,15,43.2,False,True,False,238.8,565.0
40,4086,2,1991,1991-05-12,0.894949996471405,809.41,16.100000381469727,38.0,71.0,67,5990,22,139.8,True,True,False,343.0,0.0
40,4086,2,1993,1993-09-22,1.1162999987602231,749.81,14.899999618530272,47.0,87.0,70,7222,24,139.8,True,True,False,343.0,864.0
40,4086,2,1995,1995-03-30,1.3283000111579897,812.55,15.800000190734863,34.0,66.0,66,8255,26,139.8,True,True,False,343.0,554.0
40,4086,2,1998,1998-06-25,1.8895999908447263,704.01,17.899999618530273,36.0,54.0,64,9322,29,139.8,True,True,False,343.0,1183.0
40,4086,3,2002,2002-02-14,1.9134999990463253,749.38,16.0,49.0,67.0,64,11457,33,139.8,True,True,False,343.0,1330.0
40,4086,4,2004,2004-03-06,1.1758000016212464,1000.87,16.700000762939453,37.0,56.0,66,12563,35,195.7,True,True,False,401.4,751.0
40,4086,4,2008,2008-05-01,1.4988999962806702,690.72,16.100000381469727,39.0,77.0,64,15000,39,195.7,True,True,False,401.4,1517.0
40,4086,4,2010,2010-03-17,1.7726999878883365,796.53,16.600000381469727,69.0,74.0,64,16340,41,195.7,True,True,False,401.4,685.0
40,4086,4,2013,2013-04-25,1.8558000206947327,660.31,16.100000381469727,60.0,83.0,62,18519,44,195.7,True,True,False,401.4,1135.0
40,4087,1,1990,1990-09-11,1.059499979019165,707.21,17.200000762939453,37.0,57.0,59,1025,5,55.9,False,True,True,358.1,0.0
40,4087,1,1991,1991-01-31,1.124999988079071,703.22,16.899999618530273,15.0,65.0,62,1265,6,55.9,False,True,True,358.1,142.0
40,4087,1,1993,1993-03-19,1.106699991226196,550.04,16.100000381469727,28.0,80.0,62,1531,8,55.9,False,True,True,358.1,778.0
40,4087,1,1994,1994-12-13,1.1174999713897704,485.11,17.700000762939453,14.0,66.0,58,1880,9,55.9,False,True,True,358.1,634.0
40,4087,1,1997,1997-06-04,1.1754000067710877,987.02,16.399999618530273,46.0,70.0,64,3166,12,55.9,False,True,True,358.1,904.0
40,4087,2,1999,1999-11-05,0.8584000110626221,575.05,18.299999237060547,6.0,51.0,56,4085,14,129.6,False,True,True,431.8,884.0
40,4087,2,2007,2007-04-12,0.9031000077724456,1001.21,16.700000762939453,35.0,71.0,66,7916,22,129.6,False,True,True,431.8,2715.0
40,4088,1,1990,1990-09-05,2.9873999834060667,935.18,15.699999809265137,80.0,82.0,65,4312,16,114.3,False,True,True,464.8,0.0
40,4088,1,1991,1991-01-28,2.674000024795532,701.21,15.899999618530272,78.0,85.0,63,4607,17,114.3,False,True,True,464.8,145.0
40,4088,1,1993,1993-03-15,3.369800019264221,994.73,13.600000381469728,100.0,96.0,74,4975,19,114.3,False,True,True,464.8,777.0
40,4088,2,1995,1995-04-13,3.666799998283386,923.9,14.699999809265137,71.0,82.0,69,5101,21,114.3,False,True,True,464.8,759.0
40,4154,1,1991,1991-05-13,1.2481999874114988,809.41,16.100000381469727,38.0,71.0,67,790,4,266.7,False,True,False,556.3000000000001,0.0
40,4154,1,1993,1993-11-19,1.2782000064849854,749.81,14.899999618530272,47.0,87.0,70,1385,6,266.7,False,True,False,556.3000000000001,921.0
40,4154,1,1995,1995-03-30,1.324900007247925,812.55,15.800000190734863,34.0,66.0,66,1886,8,266.7,False,True,False,556.3000000000001,496.0
40,4154,1,1998,1998-06-25,1.4632999777793885,704.01,17.899999618530273,36.0,54.0,64,2543,11,266.7,False,True,False,556.3000000000001,1183.0
40,4154,1,1999,1999-11-06,1.4443999886512755,578.31,17.299999237060547,20.0,54.0,62,2870,12,266.7,False,True,False,556.3000000000001,499.0
40,4154,1,2000,2000-04-19,1.4708999991416931,833.3,16.799999237060547,67.0,72.0,61,3212,13,266.7,False,True,False,556.3000000000001,165.0
40,4154,2,2001,2001-10-12,1.1207000017166138,617.0,16.899999618530273,42.0,65.0,66,3564,14,309.9,False,True,False,599.5,541.0
40,4154,2,2003,2003-11-16,1.1425999999046326,677.97,16.700000762939453,39.0,73.0,61,4431,16,309.9,False,True,False,599.5,765.0
40,4154,2,2004,2004-03-05,1.1555000066757202,1000.87,16.700000762939453,37.0,56.0,66,4910,17,309.9,False,True,False,599.5,110.0
40,4154,2,2008,2008-05-01,1.3046000123023986,690.72,16.100000381469727,39.0,77.0,64,7571,21,309.9,False,True,False,599.5,1518.0
40,4154,2,2010,2010-03-17,1.420099997520447,796.53,16.600000381469727,69.0,74.0,64,8773,23,309.9,False,True,False,599.5,685.0
40,4154,2,2013,2013-04-25,1.7168000102043153,660.31,16.100000381469727,60.0,83.0,62,9578,26,309.9,False,True,False,599.5,1135.0
40,4154,3,2016,2016-03-23,0.8298999965190887,847.57,17.200000762939453,27.0,61.0,69,10927,29,309.8,True,True,False,601.9,1063.0
40,4161,2,1990,1990-09-28,1.2557000041007995,1049.24,17.399999618530273,37.0,42.0,72,1145,7,71.1,False,True,False,264.1,0.0
40,4161,2,1991,1991-10-21,1.417300009727478,1052.2,17.0,8.0,56.0,73,1304,8,71.1,False,True,False,264.1,388.0
40,4161,2,1993,1993-11-16,1.6401000022888184,1393.82,16.299999237060547,14.0,67.0,73,1777,10,71.1,False,True,False,264.1,757.0
40,4161,2,1995,1995-02-27,1.558399999141693,1026.28,16.899999618530273,13.0,53.0,71,2328,12,71.1,False,True,False,264.1,468.0
40,4161,2,1997,1997-04-20,1.9203999936580656,1055.48,16.799999237060547,40.0,52.0,71,2909,14,71.1,False,True,False,264.1,783.0
40,4163,1,1991,1991-05-13,0.7784999996423722,701.31,15.5,71.0,77.0,62,2157,5,66.1,False,True,False,282.0,0.0
40,4163,3,1995,1995-04-14,0.7625,957.39,14.800000190734863,67.0,76.0,65,3338,9,71.1,False,True,False,287.0,1432.0
40,4163,5,1998,1998-06-24,0.8725999891757965,780.67,16.5,63.0,73.0,64,4021,12,76.1,False,True,False,292.0,1167.0
40,4163,6,1999,1999-11-08,0.8701999962329865,613.81,16.0,37.0,70.0,62,4381,13,63.5,False,True,False,279.4,502.0
40,4163,6,2001,2001-10-10,0.8574000000953674,428.35,16.299999237060547,60.0,75.0,62,5132,15,63.5,False,True,False,279.4,702.0
40,4163,6,2003,2003-11-18,0.9012999951839448,519.15,15.699999809265137,72.0,87.0,59,5984,17,63.5,False,True,False,279.4,769.0
40,4163,6,2004,2004-03-08,0.9303000032901764,778.54,15.699999809265137,62.0,64.0,65,6454,18,63.5,False,True,False,279.4,111.0
40,4163,6,2008,2008-05-01,1.190399980545044,682.97,15.0,64.0,89.0,62,8648,22,63.5,False,True,False,279.4,1515.0
40,4164,1,1990,1990-10-02,0.9472000002861024,685.69,15.800000190734863,86.0,80.0,60,2253,13,116.8,False,True,False,309.8,0.0
40,4164,1,1991,1991-08-27,1.2567000031471252,549.27,15.899999618530272,74.0,84.0,59,2385,14,116.8,False,True,False,309.8,329.0
40,4164,1,1993,1993-09-21,1.3330000042915344,743.19,13.899999618530272,114.0,101.0,68,2644,16,116.8,False,True,False,309.8,756.0
40,4164,2,1995,1995-04-14,0.8039999961853027,801.78,14.800000190734863,67.0,81.0,65,2913,18,142.20000000000002,False,True,False,335.2,570.0
40,4164,2,1998,1998-06-24,1.2787999987602232,706.09,16.299999237060547,71.0,75.0,65,3387,21,142.20000000000002,False,True,False,335.2,1167.0
40,4164,3,2008,2008-05-01,2.249999988079071,714.4,14.899999618530272,73.0,95.0,63,5314,31,142.2,False,True,False,335.2,3599.0
40,4164,3,2010,2010-03-26,2.395500016212464,596.31,15.800000190734863,85.0,98.0,62,5697,33,142.2,False,True,False,335.2,694.0
40,4165,1,1990,1990-10-02,2.012900006771088,861.84,15.699999809265137,83.0,85.0,62,2310,7,68.6,False,True,False,208.3,0.0
40,4165,1,1991,1991-08-27,2.0776999473571776,648.82,15.800000190734863,80.0,84.0,61,2660,8,68.6,False,True,False,208.3,329.0
40,4165,1,1993,1993-09-21,2.005400013923645,852.99,13.800000190734863,108.0,99.0,70,3108,10,68.6,False,True,False,208.3,756.0
40,4165,1,1994,1994-07-16,2.027666672070821,455.4,15.5,73.0,86.0,63,3332,11,68.6,False,True,False,208.3,298.0
40,4165,1,1995,1995-04-06,1.9749666730562847,940.39,14.699999809265137,73.0,82.0,66,3556,12,68.6,False,True,False,208.3,264.0
40,4165,1,1997,1997-06-05,2.0357000112533568,1017.25,14.300000190734863,107.0,93.0,70,3965,14,68.6,False,True,False,208.3,791.0
40,4165,1,1999,1999-11-08,2.094099962711334,715.68,15.600000381469728,45.0,74.0,67,4476,16,68.6,False,True,False,208.3,886.0
40,4165,1,2002,2002-02-14,2.134899973869324,689.12,15.199999809265137,69.0,88.0,62,5397,19,68.6,False,True,False,208.3,829.0
40,4165,1,2003,2003-05-23,2.459625017642975,681.93,15.600000381469728,82.0,92.0,61,5724,20,68.6,False,True,False,208.3,463.0
40,4165,1,2005,2005-03-02,2.782200050354004,658.31,16.0,103.0,65.0,63,6439,22,68.6,False,True,False,208.3,649.0
40,6010,1,1990,1990-08-29,1.4834999918937684,1364.51,16.5,44.0,53.0,76,3920,21,340.40000000000003,True,False,False,342.90000000000003,0.0
40,6010,1,1991,1991-09-03,1.6572999835014344,1481.26,16.299999237060547,15.0,70.0,76,4261,22,340.40000000000003,True,False,False,342.90000000000003,370.0
40,6010,1,1993,1993-11-18,1.6181999921798706,1242.97,15.100000381469728,26.0,79.0,77,4912,24,340.40000000000003,True,False,False,342.90000000000003,807.0
40,6010,1,1995,1995-03-01,1.6445999979972838,936.52,16.200000762939453,26.0,65.0,72,5524,26,340.40000000000003,True,False,False,342.90000000000003,468.0
40,6010,1,1997,1997-08-22,2.922600030899048,1178.18,15.600000381469728,58.0,58.0,75,6099,28,340.40000000000003,True,False,False,342.90000000000003,905.0
40,6010,1,1999,1999-03-11,2.3896000385284424,974.62,17.200000762939453,29.0,48.0,70,6736,30,340.40000000000003,True,False,False,342.90000000000003,566.0
40,A320,1,1990,1990-09-11,0.870800006389618,707.21,17.200000762939453,37.0,57.0,59,1025,5,50.8,False,True,True,408.9,0.0
40,A320,2,1993,1993-03-19,0.8608000040054322,550.04,16.100000381469727,28.0,80.0,62,1531,8,55.9,False,True,True,414.0,920.0
40,A320,2,1994,1994-12-13,0.9546000123023988,485.11,17.700000762939453,14.0,66.0,58,1880,9,55.9,False,True,True,414.0,634.0
40,A320,2,1997,1997-06-04,0.989599996805191,987.02,16.399999618530273,46.0,70.0,64,3166,12,55.9,False,True,True,414.0,904.0
40,A330,1,1990,1990-09-11,0.9517000019550323,707.21,17.200000762939453,37.0,57.0,59,1025,5,43.2,False,True,True,396.3,0.0
40,A330,1,1993,1993-03-19,0.9509000062942504,550.04,16.100000381469727,28.0,80.0,62,1531,8,43.2,False,True,True,396.3,920.0
40,A330,1,1994,1994-12-13,1.0068999886512755,485.11,17.700000762939453,14.0,66.0,58,1880,9,43.2,False,True,True,396.3,634.0
40,A330,1,1997,1997-06-04,1.0481999933719637,987.02,16.399999618530273,46.0,70.0,64,3166,12,43.2,False,True,True,396.3,904.0
40,A340,1,1990,1990-09-11,0.8773000061511993,707.21,17.200000762939453,37.0,57.0,59,1025,5,45.7,False,True,True,398.8,0.0
40,A340,1,1993,1993-03-19,0.8848999977111817,550.04,16.100000381469727,28.0,80.0,62,1531,8,45.7,False,True,True,398.8,920.0
40,A340,1,1994,1994-12-13,0.9200000047683716,485.11,17.700000762939453,14.0,66.0,58,1880,9,45.7,False,True,True,398.8,634.0
40,A340,1,1997,1997-06-04,0.944900006055832,987.02,16.399999618530273,46.0,70.0,64,3166,12,45.7,False,True,True,398.8,904.0
40,A350,1,1990,1990-09-11,1.1681999921798707,707.21,17.200000762939453,37.0,57.0,59,1025,5,45.7,False,True,True,393.7,0.0
40,A350,2,1993,1993-03-19,1.3082000017166138,550.04,16.100000381469727,28.0,80.0,62,1531,8,53.3,False,True,True,401.3,920.0
40,A350,2,1994,1994-12-13,1.3831000089645389,485.11,17.700000762939453,14.0,66.0,58,1880,9,53.3,False,True,True,401.3,634.0
40,A350,2,1997,1997-06-04,1.4222000002861024,987.02,16.399999618530273,46.0,70.0,64,3166,12,53.3,False,True,True,401.3,904.0
40,B310,1,1990,1990-09-06,1.5819000005722046,1050.05,16.200000762939453,52.0,55.0,72,3890,13,35.6,False,True,False,243.9,0.0
40,B310,2,1991,1991-01-11,1.864999985694885,1096.38,16.0,42.0,68.0,72,4187,14,66.1,False,True,False,274.40000000000003,127.0
40,B310,2,1993,1993-03-23,1.3939000010490417,1006.67,14.899999618530272,44.0,84.0,75,4550,16,66.1,False,True,False,274.40000000000003,802.0
40,B310,2,1995,1995-03-31,1.451200008392334,990.07,15.800000190734863,36.0,62.0,71,4956,18,66.1,False,True,False,274.40000000000003,738.0
40,B320,1,1990,1990-09-06,1.3552000164985656,1050.05,16.200000762939453,52.0,55.0,72,3890,13,35.6,False,True,False,223.6,0.0
40,B320,2,1993,1993-03-23,1.5267000198364258,1006.67,14.899999618530272,44.0,84.0,75,4550,16,40.7,False,True,False,228.7,929.0
40,B320,2,1995,1995-03-31,1.4140999913215635,990.07,15.800000190734863,36.0,62.0,71,4956,18,40.7,False,True,False,228.7,738.0
40,B320,2,1999,1999-06-08,1.5759000182151794,767.7,17.200000762939453,26.0,47.0,67,5852,22,40.7,False,True,False,228.7,1530.0
40,B330,1,1990,1990-09-06,1.500100004673004,1050.05,16.200000762939453,52.0,55.0,72,3890,13,35.6,False,True,False,238.8,0.0
40,B330,2,1991,1991-01-11,1.581499993801117,1096.38,16.0,42.0,68.0,72,4187,14,35.6,False,True,False,238.8,127.0
40,B330,2,1993,1993-03-23,1.62020001411438,1006.67,14.899999618530272,44.0,84.0,75,4550,16,35.6,False,True,False,238.8,802.0
40,B330,3,1995,1995-03-31,1.6156999945640564,990.07,15.800000190734863,36.0,62.0,71,4956,18,35.6,False,True,False,238.8,738.0
40,B330,4,1999,1999-06-08,2.0412999868392943,767.7,17.200000762939453,26.0,47.0,67,5852,22,35.6,False,True,False,238.8,1530.0
40,B350,1,1990,1990-09-07,1.619099998474121,1050.05,16.200000762939453,52.0,55.0,72,3890,13,38.1,False,True,False,256.5,0.0
40,B350,2,1991,1991-01-11,1.5710999846458436,1096.38,16.0,42.0,68.0,72,4187,14,45.7,False,True,False,264.1,126.0
40,B350,2,1993,1993-03-23,1.6676000118255616,1006.67,14.899999618530272,44.0,84.0,75,4550,16,45.7,False,True,False,264.1,802.0
40,B350,2,1995,1995-03-31,1.5403000116348269,990.07,15.800000190734863,36.0,62.0,71,4956,18,45.7,False,True,False,264.1,738.0
40,B350,2,1999,1999-06-08,2.070000004768372,767.7,17.200000762939453,26.0,47.0,67,5852,22,45.7,False,True,False,264.1,1530.0
40,B360,1,1990,1990-09-06,2.4107000112533568,1050.05,16.200000762939453,52.0,55.0,72,3890,13,35.6,False,True,False,246.4,0.0
40,B360,2,1993,1993-03-23,2.837900018692016,1006.67,14.899999618530272,44.0,84.0,75,4550,16,40.7,False,True,False,251.5,929.0
40,B360,2,1999,1999-06-08,3.284200024604797,767.7,17.200000762939453,26.0,47.0,67,5852,22,40.7,False,True,False,251.5,2268.0
40,C310,1,1990,1990-09-05,3.020700001716614,935.18,15.699999809265137,80.0,82.0,65,4312,16,119.3,False,True,True,467.2,0.0
40,C310,2,1993,1993-03-16,1.6856000185012818,994.73,13.600000381469728,100.0,96.0,74,4975,19,167.6,False,True,True,515.5,923.0
40,C310,2,1995,1995-04-13,1.8029000043869017,923.9,14.699999809265137,71.0,82.0,69,5101,21,167.6,False,True,True,515.5,758.0
40,C320,1,1990,1990-09-05,2.690700030326844,935.18,15.699999809265137,80.0,82.0,65,4312,16,111.8,False,True,True,477.5,0.0
40,C320,2,1991,1991-01-28,2.533399987220764,701.21,15.899999618530272,78.0,85.0,63,4607,17,116.9,False,True,True,482.6,145.0
40,C320,2,1993,1993-03-16,2.890899991989136,994.73,13.600000381469728,100.0,96.0,74,4975,19,116.9,False,True,True,482.6,778.0
40,C320,3,1995,1995-04-13,3.29779999256134,923.9,14.699999809265137,71.0,82.0,69,5101,21,116.9,False,True,True,482.6,758.0
40,C330,1,1990,1990-09-05,2.258299994468689,935.18,15.699999809265137,80.0,82.0,65,4312,16,111.8,False,True,True,469.9,0.0
40,C330,2,1991,1991-01-28,2.433000004291534,701.21,15.899999618530272,78.0,85.0,63,4607,17,111.8,False,True,True,469.9,145.0
40,C330,2,1993,1993-03-16,3.096300029754639,994.73,13.600000381469728,100.0,96.0,74,4975,19,111.8,False,True,True,469.9,778.0
40,C330,2,1995,1995-04-13,3.4066999912261964,923.9,14.699999809265137,71.0,82.0,69,5101,21,111.8,False,True,True,469.9,758.0
40,C350,1,1990,1990-09-05,1.7506999969482422,935.18,15.699999809265137,80.0,82.0,65,4312,16,111.7,False,True,True,459.6,0.0
40,C350,2,1991,1991-01-28,1.922599983215332,701.21,15.899999618530272,78.0,85.0,63,4607,17,119.29999999999998,False,True,True,467.2,145.0
40,C350,2,1993,1993-03-16,2.2440000057220457,994.73,13.600000381469728,100.0,96.0,74,4975,19,119.29999999999998,False,True,True,467.2,778.0
40,C350,3,1995,1995-04-13,2.4644000053405763,923.9,14.699999809265137,71.0,82.0,69,5101,21,119.3,False,True,True,467.2,758.0
41,2002,1,1989,1989-11-12,1.2986999988555907,1141.8,10.100000381469728,65.0,41.0,83,4724,19,96.5,False,True,True,693.4,0.0
41,2002,1,1991,1991-01-28,1.3191999912261962,1259.28,10.300000190734863,11.0,42.0,84,5538,21,96.5,False,True,True,693.4,442.0
41,2002,1,1992,1992-04-27,1.3557000041007996,1099.79,11.399999618530272,5.0,36.0,83,6404,22,96.5,False,True,True,693.4,455.0
41,2002,1,1993,1993-03-30,1.5185000061988831,1131.63,9.800000190734863,73.0,60.0,84,6939,23,96.5,False,True,True,693.4,337.0
41,2002,2,1996,1996-06-15,1.0763999938964843,1942.11,10.0,50.0,38.0,86,8698,26,109.2,False,True,True,706.1,1173.0
41,2002,2,1997,1997-05-22,1.1583999991416931,1423.15,10.399999618530272,11.0,48.0,86,9351,27,109.2,False,True,True,706.1,341.0
41,2002,2,1998,1998-05-09,1.1423999905586242,1699.06,10.5,38.0,23.0,86,9982,28,109.2,False,True,True,706.1,352.0
41,2002,2,1999,1999-04-30,1.109499990940094,1609.42,10.0,0.0,33.0,85,10578,29,109.2,False,True,True,706.1,356.0
41,2002,2,2001,2001-05-17,1.1277999997138977,1161.02,10.199999809265137,0.0,41.0,84,11876,31,109.2,False,True,True,706.1,748.0
41,2002,2,2003,2003-05-06,1.2171000123023987,1382.11,10.899999618530272,6.0,34.0,84,13387,33,109.2,False,True,True,706.1,719.0
41,2002,2,2005,2005-04-20,1.2924999952316285,1339.94,10.600000381469728,10.0,48.0,85,14897,35,109.2,False,True,True,706.1,715.0
41,2002,2,2007,2007-07-14,1.3597000002861024,1252.46,10.0,14.0,55.0,85,16444,37,109.2,False,True,True,706.1,815.0
41,2002,2,2009,2009-06-12,1.501300001144409,1204.09,10.100000381469728,34.0,71.0,83,18187,39,109.2,False,True,True,706.1,699.0
41,2002,2,2011,2011-04-19,1.539900004863739,1443.96,9.399999618530272,15.0,57.0,86,20083,41,109.2,False,True,True,706.1,676.0
41,2002,2,2012,2012-04-14,1.6491999864578246,1758.43,10.199999809265137,2.0,35.0,85,21093,42,109.2,False,True,True,706.1,361.0
41,2002,2,2013,2013-02-19,1.633799982070923,1101.57,10.100000381469728,34.0,51.0,85,22146,43,109.2,False,True,True,706.1,311.0
41,2002,2,2014,2014-06-18,1.6241000294685364,1426.5,11.300000190734863,34.0,40.0,84,23244,44,109.2,False,True,True,706.1,484.0
41,2002,2,2015,2015-02-19,1.5279000043869018,1393.12,11.800000190734863,3.0,24.0,82,24390,45,109.2,False,True,True,706.1,246.0
41,2002,2,2016,2016-11-04,1.468400001525879,1553.86,11.199999809265137,22.0,32.0,85,25585,46,109.2,False,True,True,706.1,624.0
41,6011,1,1989,1989-11-18,0.9551999986171722,955.08,10.5,48.0,44.0,83,34909,29,327.6,False,False,False,873.7,0.0
41,6011,1,1991,1991-02-05,0.8453000128269195,1203.39,10.800000190734863,0.0,41.0,84,40739,31,327.6,False,False,False,873.7,444.0
41,6011,1,1992,1992-04-25,0.9221000015735626,1089.56,11.899999618530272,0.0,30.0,83,43172,32,327.6,False,False,False,873.7,445.0
41,6011,2,1993,1993-03-30,1.1828999936580658,1162.41,10.399999618530272,22.0,62.0,85,45227,33,327.6,False,False,False,873.7,339.0
41,6011,3,1996,1996-06-13,1.0978000164031982,1790.18,10.800000190734863,18.0,24.0,85,53473,36,327.6,False,False,False,873.7,1171.0
41,6011,3,1997,1997-03-24,1.1174000024795534,1271.09,10.899999618530272,2.0,50.0,86,56710,37,327.6,False,False,False,873.7,284.0
41,6011,3,1998,1998-05-07,1.124400007724762,1508.78,10.800000190734863,27.0,19.0,86,60142,38,327.6,False,False,False,873.7,409.0
41,6012,1,1989,1989-11-11,0.8826000034809112,628.94,8.100000381469727,181.0,102.0,79,21398,37,297.2,False,False,False,741.7,0.0
41,6012,1,1991,1991-01-27,0.8017000019550323,676.98,8.300000190734863,93.0,107.0,80,23234,39,297.2,False,False,False,741.7,442.0
42,1597,1,1989,1989-11-04,1.6888000130653382,1216.73,6.400000095367432,768.0,94.0,78,766,10,165.1,False,False,False,591.8,0.0
42,1597,1,1990,1990-05-24,1.7779000043869018,1365.95,8.0,349.0,120.0,80,834,11,165.1,False,False,False,591.8,201.0
42,1597,2,1990,1990-11-20,1.7283999800682068,1365.95,8.0,349.0,120.0,80,834,11,165.1,False,False,False,591.8,180.0
42,1597,2,1991,1991-05-15,1.7888999938964845,955.5,8.399999618530273,470.0,101.0,76,908,12,165.1,False,False,False,591.8,176.0
42,1597,2,1992,1992-10-27,1.9674999952316283,1211.64,6.400000095367432,539.0,121.0,81,978,13,165.1,False,False,False,591.8,531.0
42,1597,2,1993,1993-10-21,2.0282999992370607,1146.28,6.599999904632568,699.0,100.0,80,1057,14,165.1,False,False,False,591.8,359.0
42,1597,2,1994,1994-06-03,2.3114999771118168,1161.84,6.0,860.0,91.0,82,1144,15,165.1,False,False,False,591.8,225.0
42,1597,2,1995,1995-09-14,2.6162999868392944,986.15,7.199999809265137,669.0,89.0,76,1237,16,165.1,False,False,False,591.8,468.0
42,1597,4,1997,1997-10-09,3.180649995803833,1081.76,6.300000190734863,574.0,112.0,79,1395,18,165.1,False,False,False,591.8,756.0
42,1597,4,1998,1998-06-04,3.442500042915344,1034.04,8.899999618530273,286.0,106.0,79,1486,19,165.1,False,False,False,591.8,238.0
42,1597,5,2000,2000-04-19,4.044299960136414,1112.1,7.300000190734863,637.0,94.0,78,1680,21,165.1,False,False,False,591.8,685.0
42,1597,6,2000,2000-11-15,0.520600003004074,1112.1,7.300000190734863,637.0,94.0,78,1680,21,294.7,False,False,False,721.4,210.0
42,1597,6,2002,2002-11-15,0.5468000024557114,1100.87,8.199999809265137,411.0,125.0,77,1876,23,294.7,False,False,False,721.4,730.0
42,1597,6,2003,2003-08-15,0.5702000021934509,1496.48,6.599999904632568,728.0,93.0,83,1941,24,294.7,False,False,False,721.4,273.0
42,1597,6,2007,2007-08-16,0.6153999984264373,1201.53,7.5,662.0,87.0,78,2506,28,294.7,False,False,False,721.4,1462.0
42,1597,6,2009,2009-06-09,0.6581999957561493,1220.59,7.199999809265137,612.0,93.0,80,2747,30,294.7,False,False,False,721.4,663.0
42,1597,7,2011,2011-08-17,0.7166000008583069,1666.06,7.900000095367432,549.0,91.0,83,3122,32,294.7,False,False,False,721.4,799.0
42,1597,9,2020,2020-09-21,0.7542999863624573,1181.59,8.600000381469727,351.0,122.0,78,4883,41,302.3,False,False,False,729.0,3323.0
42,1599,1,1989,1989-11-11,1.367900002002716,1458.75,6.699999809265137,716.0,98.0,80,486,3,287.0,False,False,False,525.8000000000001,0.0
42,1599,1,1990,1990-05-23,1.3983999848365785,1611.53,8.199999809265137,308.0,123.0,83,885,4,287.0,False,False,False,525.8000000000001,193.0
42,1599,1,1991,1991-10-18,1.4109999895095826,1203.77,8.699999809265137,441.0,100.0,77,1083,5,287.0,False,False,False,525.8000000000001,513.0
42,1599,1,1992,1992-10-20,1.4544000029563904,1332.84,6.900000095367432,491.0,107.0,82,1311,6,287.0,False,False,False,525.8000000000001,368.0
42,1599,1,1993,1993-10-08,1.480900001525879,1304.02,7.0,619.0,108.0,81,1689,7,287.0,False,False,False,525.8000000000001,353.0
42,1599,1,1995,1995-10-16,1.5870999932289125,1176.85,7.5,636.0,92.0,78,2471,9,287.0,False,False,False,525.8000000000001,738.0
42,1599,1,1997,1997-11-03,1.617400014400482,1446.28,6.800000190734863,515.0,114.0,80,3072,11,287.0,False,False,False,525.8000000000001,749.0
42,1599,1,1998,1998-05-29,1.6261000037193298,1174.53,9.5,228.0,109.0,78,3540,12,287.0,False,False,False,525.8000000000001,207.0
42,1599,2,1999,1999-10-22,1.6419000029563904,1166.66,8.699999809265137,464.0,111.0,74,4010,13,287.0,False,False,False,525.8000000000001,511.0
42,1599,2,2001,2001-10-19,1.6752999663352963,1074.85,9.0,361.0,103.0,73,5012,15,287.0,False,False,False,525.8000000000001,728.0
42,1599,2,2002,2002-10-02,1.4587000131607055,1280.54,8.600000381469727,366.0,120.0,77,5509,16,287.0,False,False,False,525.8000000000001,348.0
42,1599,2,2003,2003-08-13,1.6563000202178957,1705.27,7.199999809265137,659.0,85.0,83,5996,17,287.0,False,False,False,525.8000000000001,315.0
42,1599,2,2005,2005-08-09,1.6995000123977662,1253.58,8.199999809265137,621.0,89.0,79,6975,19,287.0,False,False,False,525.8000000000001,727.0
42,1599,2,2009,2009-11-12,1.6391999959945678,1467.01,7.5,584.0,91.0,80,8971,23,287.0,False,False,False,525.8000000000001,1556.0
42,1599,3,2011,2011-08-15,0.9629999995231628,2013.24,8.199999809265137,513.0,85.0,84,10038,25,340.3,False,False,False,579.1,641.0
42,1599,3,2012,2012-04-11,0.9877000153064728,1494.2,9.600000381469728,254.0,111.0,79,10561,26,340.3,False,False,False,579.1,240.0
42,1599,3,2015,2015-08-27,1.0671999931335447,1488.36,8.199999809265137,689.0,73.0,79,12291,29,340.3,False,False,False,579.1,1233.0
42,1599,3,2017,2017-04-25,1.0858000040054323,1585.6,8.800000190734863,445.0,96.0,80,13567,31,340.3,False,False,False,579.1,607.0
42,1605,1,1989,1989-11-05,1.950500011444092,1475.3,8.699999809265137,495.0,100.0,78,11191,19,205.7,False,False,False,617.2,0.0
42,1605,1,1990,1990-08-18,1.901249998807907,1463.55,10.100000381469728,171.0,125.0,80,11973,20,205.7,False,False,False,617.2,286.0
42,1605,1,1991,1991-05-14,1.9085000038146973,1049.45,10.5,257.0,100.0,75,12947,21,205.7,False,False,False,617.2,269.0
42,1605,1,1992,1992-10-28,1.9399999976158144,1109.08,8.800000190734863,279.0,115.0,79,13572,22,205.7,False,False,False,617.2,533.0
42,1605,1,1993,1993-10-27,1.942200028896332,1268.6,8.800000190734863,452.0,114.0,78,14336,23,205.7,False,False,False,617.2,364.0
42,1605,1,1994,1994-06-02,2.117799973487854,1291.86,8.199999809265137,652.0,96.0,81,15109,24,205.7,False,False,False,617.2,218.0
42,1605,1,1995,1995-05-09,1.9623000264167785,1190.97,9.300000190734863,448.0,106.0,75,15999,25,205.7,False,False,False,617.2,341.0
42,1605,2,1995,1995-08-31,1.226799988746643,1190.97,9.300000190734863,448.0,106.0,75,15999,25,274.3,False,False,False,685.8000000000001,114.0
42,1605,2,1997,1997-09-09,1.2927000164985656,1050.99,8.800000190734863,314.0,125.0,76,18021,27,274.3,False,False,False,685.8000000000001,740.0
42,1605,2,1998,1998-06-02,1.3674000024795532,1145.52,10.899999618530272,139.0,119.0,77,19154,28,274.3,False,False,False,685.8000000000001,266.0
42,1605,2,2000,2000-11-13,1.5005000114440916,1068.87,9.300000190734863,421.0,92.0,76,21654,30,274.3,False,False,False,685.8000000000001,895.0
42,1605,3,2002,2002-09-10,1.5136000156402587,1318.68,10.399999618530272,213.0,128.0,75,24110,32,274.29999999999995,False,False,False,685.8,666.0
42,1608,1,1989,1989-11-12,1.6121999979019166,1600.82,8.399999618530273,505.0,104.0,80,628,32,127.0,False,False,False,393.7,0.0
42,1608,1,1990,1990-05-21,1.6204999923706054,1690.65,10.300000190734863,129.0,118.0,78,663,33,127.0,False,False,False,393.7,190.0
42,1608,2,1991,1991-10-16,1.6556000232696535,1000.29,10.699999809265137,259.0,101.0,74,688,34,127.0,False,False,False,393.7,513.0
42,1608,2,1992,1992-10-07,1.6364999890327454,1374.81,9.0,320.0,98.0,78,725,35,127.0,False,False,False,393.7,357.0
42,1608,2,1993,1993-10-06,1.71120001077652,1387.09,9.100000381469728,395.0,108.0,77,770,36,127.0,False,False,False,393.7,364.0
42,1608,3,1995,1995-10-19,1.675,1275.47,9.199999809265137,473.0,102.0,75,854,38,127.0,False,False,False,393.7,743.0
42,1608,3,1997,1997-11-04,1.723099994659424,1143.58,8.800000190734863,312.0,117.0,76,945,40,127.0,False,False,False,393.7,747.0
42,1608,3,1999,1999-04-27,1.7626000046730042,1186.28,10.300000190734863,296.0,100.0,72,1036,42,127.0,False,False,False,393.7,539.0
42,1608,3,2002,2002-04-12,1.7417999923229217,1182.67,10.399999618530272,235.0,111.0,74,1180,45,127.0,False,False,False,393.7,1081.0
42,1608,3,2004,2004-07-19,1.713100016117096,1496.54,9.399999618530272,486.0,80.0,82,1291,47,127.0,False,False,False,393.7,829.0
42,1618,2,1989,1989-11-13,1.6801999807357788,1600.82,8.399999618530273,505.0,104.0,80,91,2,200.6,False,False,False,444.4,0.0
42,1618,2,1990,1990-05-21,1.649400007724762,1690.65,10.300000190734863,129.0,118.0,78,151,3,200.6,False,False,False,444.4,189.0
42,1618,2,1992,1992-10-07,1.644099998474121,1374.81,9.0,320.0,98.0,78,265,5,200.6,False,False,False,444.4,870.0
42,1618,2,1993,1993-10-06,1.712999987602234,1387.09,9.100000381469728,395.0,108.0,77,328,6,200.6,False,False,False,444.4,364.0
42,1618,2,1994,1994-09-26,1.7383000016212464,1293.5,8.899999618530273,486.0,93.0,78,388,7,200.6,False,False,False,444.4,355.0
42,1618,2,1995,1995-10-19,1.682200002670288,1275.47,9.199999809265137,473.0,102.0,75,469,8,200.6,False,False,False,444.4,388.0
42,1618,2,1997,1997-11-04,1.6664999961853026,1143.58,8.800000190734863,312.0,117.0,76,591,10,200.6,False,False,False,444.4,747.0
42,1618,2,1999,1999-04-27,1.6989999890327454,1186.28,10.300000190734863,296.0,100.0,72,708,12,200.6,False,False,False,444.4,539.0
42,1618,2,2002,2002-05-29,1.7203999996185302,1182.67,10.399999618530272,235.0,111.0,74,892,15,200.6,False,False,False,444.4,1128.0
42,1618,2,2004,2004-07-19,1.8446000218391416,1496.54,9.399999618530272,486.0,80.0,82,1029,17,200.6,False,False,False,444.4,782.0
42,A310,1,1990,1990-05-18,2.0223000288009643,1463.55,10.100000381469728,171.0,125.0,80,11973,20,233.7,False,False,False,645.2,0.0
42,A310,2,1990,1990-11-19,1.494000005722046,1463.55,10.100000381469728,171.0,125.0,80,11973,20,271.8,False,False,False,683.3000000000001,185.0
42,A310,2,1991,1991-05-14,1.4025999903678894,1049.45,10.5,257.0,100.0,75,12947,21,271.8,False,False,False,683.3000000000001,176.0
42,A310,2,1992,1992-10-28,1.4293000102043152,1109.08,8.800000190734863,279.0,115.0,79,13572,22,271.8,False,False,False,683.3000000000001,533.0
42,A310,2,1993,1993-10-27,1.4782999873161318,1268.6,8.800000190734863,452.0,114.0,78,14336,23,271.8,False,False,False,683.3000000000001,364.0
42,A310,2,1994,1994-06-02,1.485100030899048,1291.86,8.199999809265137,652.0,96.0,81,15109,24,271.8,False,False,False,683.3000000000001,218.0
42,A310,2,1995,1995-05-09,1.4008000016212463,1190.97,9.300000190734863,448.0,106.0,75,15999,25,271.8,False,False,False,683.3000000000001,341.0
42,A320,1,1990,1990-05-18,1.2284000039100649,1463.55,10.100000381469728,171.0,125.0,80,11973,20,198.2,False,False,False,609.7,0.0
42,A320,2,1991,1991-05-14,1.1792999863624574,1049.45,10.5,257.0,100.0,75,12947,21,205.8,False,False,False,617.3000000000001,361.0
42,A320,2,1992,1992-10-28,1.1090000033378602,1109.08,8.800000190734863,279.0,115.0,79,13572,22,205.8,False,False,False,617.3000000000001,533.0
42,A320,2,1993,1993-10-27,1.1417999982833862,1268.6,8.800000190734863,452.0,114.0,78,14336,23,205.8,False,False,False,617.3000000000001,364.0
42,A320,2,1994,1994-06-02,1.187500011920929,1291.86,8.199999809265137,652.0,96.0,81,15109,24,205.8,False,False,False,617.3000000000001,218.0
42,A320,2,1995,1995-05-09,1.1583999872207642,1190.97,9.300000190734863,448.0,106.0,75,15999,25,205.8,False,False,False,617.3000000000001,341.0
42,A330,1,1990,1990-05-18,2.0508999824523926,1463.55,10.100000381469728,171.0,125.0,80,11973,20,221.0,False,False,False,632.5,0.0
42,A330,2,1990,1990-11-19,2.16260005235672,1463.55,10.100000381469728,171.0,125.0,80,11973,20,221.0,False,False,False,632.5,185.0
42,A330,2,1991,1991-05-14,2.159000039100647,1049.45,10.5,257.0,100.0,75,12947,21,221.0,False,False,False,632.5,176.0
42,A330,3,1992,1992-10-28,2.307100009918213,1109.08,8.800000190734863,279.0,115.0,79,13572,22,221.0,False,False,False,632.5,533.0
42,A330,3,1993,1993-10-27,2.3514000177383423,1268.6,8.800000190734863,452.0,114.0,78,14336,23,221.0,False,False,False,632.5,364.0
42,A330,3,1994,1994-06-02,2.3616000175476075,1291.86,8.199999809265137,652.0,96.0,81,15109,24,221.0,False,False,False,632.5,218.0
42,A330,3,1995,1995-05-09,2.650500011444092,1190.97,9.300000190734863,448.0,106.0,75,15999,25,221.0,False,False,False,632.5,341.0
42,A340,1,1990,1990-08-18,1.4277999937534331,1463.55,10.100000381469728,171.0,125.0,80,11973,20,203.2,False,False,False,614.7,0.0
42,A340,1,1991,1991-05-14,1.585099995136261,1049.45,10.5,257.0,100.0,75,12947,21,203.2,False,False,False,614.7,269.0
42,A340,2,1992,1992-10-28,1.6,1109.08,8.800000190734863,279.0,115.0,79,13572,22,203.2,False,False,False,614.7,533.0
42,A340,3,1993,1993-10-27,1.7436999797821044,1268.6,8.800000190734863,452.0,114.0,78,14336,23,203.2,False,False,False,614.7,364.0
42,A340,3,1994,1994-06-02,1.7361000180244446,1291.86,8.199999809265137,652.0,96.0,81,15109,24,203.2,False,False,False,614.7,218.0
42,A340,3,1995,1995-05-09,1.8276000022888184,1190.97,9.300000190734863,448.0,106.0,75,15999,25,203.2,False,False,False,614.7,341.0
42,A350,1,1990,1990-05-18,1.6656999945640565,1463.55,10.100000381469728,171.0,125.0,80,11973,20,205.8,False,False,False,617.3,0.0
42,A350,2,1990,1990-11-19,1.5267999887466432,1463.55,10.100000381469728,171.0,125.0,80,11973,20,213.4,False,False,False,624.9,185.0
42,A350,2,1991,1991-05-14,1.592799997329712,1049.45,10.5,257.0,100.0,75,12947,21,213.4,False,False,False,624.9,176.0
42,A350,2,1992,1992-10-28,1.6515000104904174,1109.08,8.800000190734863,279.0,115.0,79,13572,22,213.4,False,False,False,624.9,533.0
42,A350,2,1993,1993-10-27,1.6656000018119812,1268.6,8.800000190734863,452.0,114.0,78,14336,23,213.4,False,False,False,624.9,364.0
42,A350,2,1994,1994-06-02,1.732700002193451,1291.86,8.199999809265137,652.0,96.0,81,15109,24,213.4,False,False,False,624.9,218.0
42,A350,2,1995,1995-05-09,1.8192000031471247,1190.97,9.300000190734863,448.0,106.0,75,15999,25,213.4,False,False,False,624.9,341.0
42,A351,1,1990,1990-05-18,1.996600008010864,1463.55,10.100000381469728,171.0,125.0,80,11973,20,200.7,False,False,False,612.2,0.0
42,A351,2,1990,1990-11-19,2.0842000007629395,1463.55,10.100000381469728,171.0,125.0,80,11973,20,208.3,False,False,False,619.8000000000001,185.0
42,A351,2,1991,1991-05-14,1.799400007724762,1049.45,10.5,257.0,100.0,75,12947,21,208.3,False,False,False,619.8000000000001,176.0
42,A351,2,1992,1992-10-28,1.9363999962806704,1109.08,8.800000190734863,279.0,115.0,79,13572,22,208.3,False,False,False,619.8000000000001,533.0
42,A351,2,1994,1994-06-02,2.134500002861023,1291.86,8.199999809265137,652.0,96.0,81,15109,24,208.3,False,False,False,619.8000000000001,582.0
42,A351,2,1995,1995-05-09,2.098899984359741,1190.97,9.300000190734863,448.0,106.0,75,15999,25,208.3,False,False,False,619.8000000000001,341.0
42,B310,1,1990,1990-05-24,2.417300009727478,1365.95,8.0,349.0,120.0,80,834,11,162.6,False,False,False,579.2,0.0
42,B310,2,1990,1990-11-20,2.1718000054359434,1365.95,8.0,349.0,120.0,80,834,11,203.2,False,False,False,619.8000000000001,180.0
42,B310,2,1991,1991-05-15,2.3372000098228454,955.5,8.399999618530273,470.0,101.0,76,908,12,203.2,False,False,False,619.8000000000001,176.0
42,B310,2,1992,1992-10-27,2.432600009441376,1211.64,6.400000095367432,539.0,121.0,81,978,13,203.2,False,False,False,619.8000000000001,531.0
42,B310,2,1993,1993-10-21,2.54159996509552,1146.28,6.599999904632568,699.0,100.0,80,1057,14,203.2,False,False,False,619.8000000000001,359.0
42,B310,2,1994,1994-06-03,2.616699957847595,1161.84,6.0,860.0,91.0,82,1144,15,203.2,False,False,False,619.8000000000001,225.0
42,B310,2,1995,1995-09-14,2.7030999898910526,986.15,7.199999809265137,669.0,89.0,76,1237,16,203.2,False,False,False,619.8000000000001,468.0
42,B310,2,1997,1997-10-09,3.057800006866456,1081.76,6.300000190734863,574.0,112.0,79,1395,18,203.2,False,False,False,619.8000000000001,756.0
42,B310,2,1998,1998-06-04,3.153399991989136,1034.04,8.899999618530273,286.0,106.0,79,1486,19,203.2,False,False,False,619.8000000000001,238.0
42,B310,2,2000,2000-04-19,3.381300020217896,1112.1,7.300000190734863,637.0,94.0,78,1680,21,203.2,False,False,False,619.8000000000001,685.0
42,B330,1,1990,1990-05-24,3.279399991035461,1365.95,8.0,349.0,120.0,80,834,11,162.6,False,False,False,579.2,0.0
42,B330,2,1990,1990-11-20,3.1768999814987184,1365.95,8.0,349.0,120.0,80,834,11,162.6,False,False,False,579.2,180.0
42,B330,2,1991,1991-05-15,3.185100030899048,955.5,8.399999618530273,470.0,101.0,76,908,12,162.6,False,False,False,579.2,176.0
42,B330,2,1992,1992-10-27,3.1638999938964845,1211.64,6.400000095367432,539.0,121.0,81,978,13,162.6,False,False,False,579.2,531.0
42,B330,3,1993,1993-10-21,3.2187000036239626,1146.28,6.599999904632568,699.0,100.0,80,1057,14,162.6,False,False,False,579.2,359.0
42,B330,3,1994,1994-06-03,3.4217999935150147,1161.84,6.0,860.0,91.0,82,1144,15,162.6,False,False,False,579.2,225.0
42,B330,4,1995,1995-09-14,3.6520000219345095,986.15,7.199999809265137,669.0,89.0,76,1237,16,162.6,False,False,False,579.2,468.0
42,B330,5,1997,1997-10-09,4.22169998884201,1081.76,6.300000190734863,574.0,112.0,79,1395,18,162.6,False,False,False,579.2,756.0
42,B330,5,1998,1998-06-04,4.359300065040588,1034.04,8.899999618530273,286.0,106.0,79,1486,19,162.6,False,False,False,579.2,238.0
42,B330,6,2000,2000-04-19,4.632099962234497,1112.1,7.300000190734863,637.0,94.0,78,1680,21,162.6,False,False,False,579.2,685.0
42,B340,1,1990,1990-08-22,1.7665500044822693,1365.95,8.0,349.0,120.0,80,834,11,162.6,False,False,False,579.2,0.0
42,B340,1,1991,1991-05-15,1.850799989700317,955.5,8.399999618530273,470.0,101.0,76,908,12,162.6,False,False,False,579.2,266.0
42,B340,1,1992,1992-10-27,1.9460999965667725,1211.64,6.400000095367432,539.0,121.0,81,978,13,162.6,False,False,False,579.2,531.0
42,B340,1,1993,1993-10-21,2.0524999856948853,1146.28,6.599999904632568,699.0,100.0,80,1057,14,162.6,False,False,False,579.2,359.0
42,B340,1,1994,1994-06-03,2.370300006866456,1161.84,6.0,860.0,91.0,82,1144,15,162.6,False,False,False,579.2,225.0
42,B340,1,1995,1995-09-14,2.5837000131607057,986.15,7.199999809265137,669.0,89.0,76,1237,16,162.6,False,False,False,579.2,468.0
42,B340,1,1997,1997-10-09,3.492999994754791,1081.76,6.300000190734863,574.0,112.0,79,1395,18,162.6,False,False,False,579.2,756.0
42,B340,1,1998,1998-06-04,3.992000007629395,1034.04,8.899999618530273,286.0,106.0,79,1486,19,162.6,False,False,False,579.2,238.0
42,B340,1,2000,2000-04-19,4.445799970626831,1112.1,7.300000190734863,637.0,94.0,78,1680,21,162.6,False,False,False,579.2,685.0
42,B350,1,1990,1990-05-24,2.1055999994277954,1365.95,8.0,349.0,120.0,80,834,11,172.7,False,False,False,589.3000000000001,0.0
42,B350,2,1990,1990-11-20,2.1772000074386595,1365.95,8.0,349.0,120.0,80,834,11,185.4,False,False,False,602.0,180.0
42,B350,3,1993,1993-10-21,2.286600041389465,1146.28,6.599999904632568,699.0,100.0,80,1057,14,185.4,False,False,False,602.0,1066.0
42,B350,3,1994,1994-06-03,2.484599995613098,1161.84,6.0,860.0,91.0,82,1144,15,185.4,False,False,False,602.0,225.0
42,B350,3,1995,1995-09-14,2.4716250002384186,986.15,7.199999809265137,669.0,89.0,76,1237,16,185.4,False,False,False,602.0,468.0
42,B350,4,1997,1997-10-09,2.905550003051758,1081.76,6.300000190734863,574.0,112.0,79,1395,18,185.4,False,False,False,602.0,756.0
42,B350,4,1998,1998-06-04,3.049499988555908,1034.04,8.899999618530273,286.0,106.0,79,1486,19,185.4,False,False,False,602.0,238.0
42,B350,4,2000,2000-04-19,3.2060999870300293,1112.1,7.300000190734863,637.0,94.0,78,1680,21,185.4,False,False,False,602.0,685.0
42,B351,1,1990,1990-05-24,2.887900018692017,1365.95,8.0,349.0,120.0,80,834,11,180.3,False,False,False,596.9,0.0
42,B351,2,1990,1990-11-20,2.8797000408172604,1365.95,8.0,349.0,120.0,80,834,11,187.9,False,False,False,604.5,180.0
42,B351,2,1991,1991-05-15,3.1013000249862674,955.5,8.399999618530273,470.0,101.0,76,908,12,187.9,False,False,False,604.5,176.0
42,B351,2,1992,1992-10-27,2.995499968528748,1211.64,6.400000095367432,539.0,121.0,81,978,13,187.9,False,False,False,604.5,531.0
42,B351,2,1993,1993-10-21,3.0492999792099,1146.28,6.599999904632568,699.0,100.0,80,1057,14,187.9,False,False,False,604.5,359.0
42,B351,3,1994,1994-06-03,3.2677999973297123,1161.84,6.0,860.0,91.0,82,1144,15,187.9,False,False,False,604.5,225.0
42,B351,4,1995,1995-09-14,3.5615000247955324,986.15,7.199999809265137,669.0,89.0,76,1237,16,187.9,False,False,False,604.5,468.0
42,B351,5,1997,1997-10-09,4.4974500179290775,1081.76,6.300000190734863,574.0,112.0,79,1395,18,195.5,False,False,False,612.1,756.0
42,B351,5,1998,1998-06-04,4.41100001335144,1034.04,8.899999618530273,286.0,106.0,79,1486,19,195.5,False,False,False,612.1,238.0
42,B351,6,2000,2000-04-19,4.873899984359742,1112.1,7.300000190734863,637.0,94.0,78,1680,21,195.5,False,False,False,612.1,685.0
45,1008,1,1990,1990-08-02,1.4182999849319458,1587.47,14.100000381469728,10.0,59.0,78,921,21,94.0,False,False,False,292.1,0.0
45,1008,1,1992,1992-05-21,1.6331999897956848,2161.43,12.699999809265137,33.0,84.0,80,1097,23,94.0,False,False,False,292.1,658.0
45,1011,1,1990,1990-07-30,1.3192000031471252,915.48,20.100000381469727,0.0,4.0,76,7139,5,81.19999999999999,False,False,False,337.7,0.0
45,1011,1,1992,1992-04-28,1.5520000100135802,1740.15,18.200000762939453,0.0,8.0,80,8609,7,81.19999999999999,False,False,False,337.7,638.0
45,1011,1,1994,1994-04-10,1.5177999973297118,1415.19,18.700000762939453,8.0,13.0,79,10543,9,81.19999999999999,False,False,False,337.7,712.0
45,1011,1,1996,1996-03-31,1.626200008392334,1110.33,18.39999961853028,6.0,25.0,77,12261,11,81.19999999999999,False,False,False,337.7,721.0
45,1011,2,1999,1999-05-27,1.83199999332428,1443.49,19.200000762939453,1.0,14.0,75,15471,14,81.19999999999999,False,False,False,337.7,1152.0
45,1024,1,1990,1990-07-31,1.383200001716614,950.9,18.200000762939453,1.0,21.0,73,29,6,40.6,False,False,False,162.5,0.0
45,1024,1,1992,1992-07-26,1.423357150384358,1457.11,16.200000762939453,3.0,40.0,78,43,8,40.6,False,False,False,162.5,726.0
45,1024,1,1993,1993-01-15,1.38050000667572,1220.92,16.799999237060547,3.0,47.0,74,54,9,40.6,False,False,False,162.5,173.0
45,1024,1,1994,1994-04-09,1.4241000056266784,1340.82,16.700000762939453,25.0,37.0,77,63,10,40.6,False,False,False,162.5,449.0
45,1024,1,1996,1996-03-27,1.460700011253357,1140.28,16.299999237060547,28.0,62.0,75,84,12,40.6,False,False,False,162.5,718.0
45,1024,1,1999,1999-05-26,1.392800009250641,1058.07,17.899999618530273,4.0,37.0,70,122,15,40.6,False,False,False,162.5,1155.0
45,1024,1,2001,2001-08-19,1.4988000035285949,951.57,18.0,2.0,34.0,68,147,17,40.6,False,False,False,162.5,816.0
45,1024,1,2002,2002-06-24,1.4544999957084657,1117.32,18.299999237060547,4.0,39.0,71,160,18,40.6,False,False,False,162.5,309.0
45,1025,1,1990,1990-08-01,2.3368999481201174,1023.98,17.200000762939453,2.0,33.0,75,581,11,27.9,False,False,False,238.7,0.0
45,1025,1,1992,1992-04-30,2.9132000207901,1424.45,15.5,6.0,60.0,78,683,13,27.9,False,False,False,238.7,638.0
45,1025,1,1993,1993-05-03,2.817900013923645,1287.25,16.100000381469727,11.0,61.0,74,721,14,27.9,False,False,False,238.7,368.0
45,1025,2,1994,1994-04-08,1.2442999958992005,1273.01,15.899999618530272,33.0,47.0,78,816,15,93.9,False,False,False,304.7,340.0
45,1025,2,1996,1996-03-26,1.1412000060081482,1301.67,15.199999809265137,64.0,68.0,77,990,17,93.9,False,False,False,304.7,718.0
46,0803,1,1993,1993-10-22,0.8081000030040741,678.06,6.0,908.0,100.0,69,7,2,116.8,False,False,False,312.4,0.0
46,0803,1,1994,1994-08-18,0.7335999965667724,638.86,6.900000095367432,1058.0,95.0,67,14,3,116.8,False,False,False,312.4,300.0
46,0803,1,1995,1995-06-22,0.7598999977111816,612.27,6.800000190734863,874.0,88.0,70,28,4,116.8,False,False,False,312.4,308.0
46,0803,1,1996,1996-09-23,0.7689999938011169,617.79,5.0,1454.0,94.0,67,40,5,116.8,False,False,False,312.4,459.0
46,0803,1,1997,1997-05-03,0.876499992609024,537.34,7.099999904632568,952.0,108.0,69,48,6,116.8,False,False,False,312.4,222.0
46,0803,1,1998,1998-05-21,0.9178999960422516,663.68,8.600000381469727,658.0,101.0,67,60,7,116.8,False,False,False,312.4,383.0
46,0803,1,1999,1999-05-13,0.9128000020980837,601.89,8.5,491.0,125.0,68,72,8,116.8,False,False,False,312.4,357.0
46,0803,1,2000,2000-06-28,0.8900999963283539,545.29,7.599999904632568,930.0,87.0,64,85,9,116.8,False,False,False,312.4,412.0
46,0803,1,2001,2001-10-06,0.9107999920845032,537.14,8.600000381469727,619.0,109.0,63,100,10,116.8,False,False,False,312.4,465.0
46,0803,1,2002,2002-09-14,0.9910000026226043,269.43,8.399999618530273,568.0,136.0,58,116,11,116.8,False,False,False,312.4,343.0
46,0803,1,2003,2003-08-17,1.0322000086307526,483.14,8.100000381469727,843.0,88.0,60,133,12,116.8,False,False,False,312.4,337.0
46,0803,1,2004,2004-04-30,1.1847999930381774,588.05,8.0,663.0,123.0,63,151,13,116.8,False,False,False,312.4,257.0
46,0803,1,2007,2007-09-18,1.1860000133514403,724.6,8.5,768.0,92.0,64,215,16,116.8,False,False,False,312.4,1236.0
46,0803,1,2009,2009-07-15,1.386099994182587,672.19,6.0,1063.0,95.0,70,267,18,116.8,False,False,False,312.4,666.0
46,0803,1,2011,2011-05-15,1.551200008392334,718.22,7.300000190734863,879.0,105.0,68,328,20,116.8,False,False,False,312.4,669.0
46,0803,1,2013,2013-10-22,1.723300004005432,818.01,6.699999809265137,905.0,129.0,66,399,22,116.8,False,False,False,312.4,891.0
46,0803,2,2014,2014-09-23,0.627700001001358,649.72,6.099999904632568,1126.0,83.0,68,439,23,177.8,False,False,False,373.4,336.0
46,0804,1,1993,1993-10-22,0.8221000015735627,678.06,6.0,908.0,100.0,69,7,2,180.3,False,False,False,485.1,0.0
46,0804,1,1994,1994-09-08,0.8332000017166137,638.86,6.900000095367432,1058.0,95.0,67,14,3,180.3,False,False,False,485.1,321.0
46,0804,1,1995,1995-04-09,0.8218500018119812,612.27,6.800000190734863,874.0,88.0,70,28,4,180.3,False,False,False,485.1,213.0
46,0804,1,1997,1997-07-10,0.8565333306789398,537.34,7.099999904632568,952.0,108.0,69,48,6,180.3,False,False,False,485.1,823.0
46,0804,1,1998,1998-05-21,0.8855000019073487,663.68,8.600000381469727,658.0,101.0,67,60,7,180.3,False,False,False,485.1,315.0
46,0804,1,1999,1999-08-26,0.8944999992847442,601.89,8.5,491.0,125.0,68,72,8,180.3,False,False,False,485.1,462.0
46,0804,1,2000,2000-05-06,0.8882999926805497,545.29,7.599999904632568,930.0,87.0,64,85,9,180.3,False,False,False,485.1,254.0
46,0804,1,2001,2001-08-14,0.9917200028896332,537.14,8.600000381469727,619.0,109.0,63,100,10,180.3,False,False,False,485.1,465.0
46,0804,1,2002,2002-06-03,0.9940333346525828,269.43,8.399999618530273,568.0,136.0,58,116,11,180.3,False,False,False,485.1,293.0
46,0804,1,2003,2003-08-07,1.1398333251476287,483.14,8.100000381469727,843.0,88.0,60,133,12,180.3,False,False,False,485.1,430.0
46,0804,1,2004,2004-04-30,0.993699997663498,588.05,8.0,663.0,123.0,63,151,13,180.3,False,False,False,485.1,267.0
46,0804,1,2007,2007-09-18,1.025599980354309,724.6,8.5,768.0,92.0,64,215,16,180.3,False,False,False,485.1,1236.0
46,0804,1,2009,2009-07-15,1.1585000038146973,672.19,6.0,1063.0,95.0,70,267,18,180.3,False,False,False,485.1,666.0
46,0804,1,2011,2011-05-15,1.2188000082969666,718.22,7.300000190734863,879.0,105.0,68,328,20,180.3,False,False,False,485.1,669.0
46,0804,1,2013,2013-10-22,1.3351999998092652,818.01,6.699999809265137,905.0,129.0,66,399,22,180.3,False,False,False,485.1,891.0
46,0804,2,2014,2014-09-23,0.7244000017642975,649.72,6.099999904632568,1126.0,83.0,68,439,23,238.7,False,False,False,543.5,336.0
46,0859,1,1993,1993-10-22,1.3590000033378602,678.06,6.0,908.0,100.0,69,7,2,76.2,False,False,True,317.5,0.0
46,0859,1,1994,1994-08-18,1.264200007915497,638.86,6.900000095367432,1058.0,95.0,67,14,3,76.2,False,False,True,317.5,300.0
46,0859,1,1995,1995-06-22,1.317500007152557,612.27,6.800000190734863,874.0,88.0,70,28,4,76.2,False,False,True,317.5,308.0
46,0859,2,1996,1996-09-23,1.2533999919891357,617.79,5.0,1454.0,94.0,67,40,5,76.2,False,False,True,317.5,459.0
46,0859,2,1997,1997-05-03,1.3633999824523926,537.34,7.099999904632568,952.0,108.0,69,48,6,76.2,False,False,True,317.5,222.0
46,0859,3,1998,1998-05-21,1.41489999294281,663.68,8.600000381469727,658.0,101.0,67,60,7,76.2,False,False,True,317.5,383.0
46,0859,3,1999,1999-05-13,1.4226999640464784,601.89,8.5,491.0,125.0,68,72,8,76.2,False,False,True,317.5,357.0
46,0859,3,2000,2000-06-28,1.447600018978119,545.29,7.599999904632568,930.0,87.0,64,85,9,76.2,False,False,True,317.5,412.0
46,0859,3,2001,2001-10-06,1.482800006866455,537.14,8.600000381469727,619.0,109.0,63,100,10,76.2,False,False,True,317.5,465.0
46,0859,3,2002,2002-09-14,1.5383999943733215,269.43,8.399999618530273,568.0,136.0,58,116,11,76.2,False,False,True,317.5,343.0
46,0859,3,2003,2003-08-17,1.5907999873161316,483.14,8.100000381469727,843.0,88.0,60,133,12,76.2,False,False,True,317.5,337.0
46,0859,3,2004,2004-04-30,1.6059000134468078,588.05,8.0,663.0,123.0,63,151,13,76.2,False,False,True,317.5,257.0
46,0859,4,2007,2007-09-18,1.8087999820709229,724.6,8.5,768.0,92.0,64,215,16,76.2,False,False,True,317.5,1236.0
46,0859,4,2009,2009-07-15,1.908899986743927,672.19,6.0,1063.0,95.0,70,267,18,76.2,False,False,True,317.5,666.0
46,0859,4,2011,2011-05-15,2.1796000003814697,718.22,7.300000190734863,879.0,105.0,68,328,20,76.2,False,False,True,317.5,669.0
46,0859,4,2013,2013-10-22,2.2370000004768373,818.01,6.699999809265137,905.0,129.0,66,399,22,76.2,False,False,True,317.5,891.0
46,0859,5,2014,2014-09-23,0.8274999976158142,649.72,6.099999904632568,1126.0,83.0,68,439,23,139.7,False,False,True,381.0,336.0
46,9106,1,1990,1990-11-29,0.9170999944210052,240.35,8.699999809265137,548.0,138.0,54,1419,32,208.3,False,False,False,373.4,0.0
46,9106,2,1991,1991-08-13,0.9620000064373015,583.22,8.399999618530273,626.0,133.0,61,1501,33,208.3,False,False,False,373.4,257.0
46,9106,2,1992,1992-07-31,0.8499000012874603,488.81,7.900000095367432,482.0,133.0,62,1548,34,208.3,False,False,False,373.4,353.0
46,9106,3,1993,1993-06-15,0.9137000024318696,580.51,6.099999904632568,839.0,109.0,67,1607,35,215.9,False,False,False,381.0,319.0
46,9106,3,1994,1994-08-18,0.8927000045776368,550.72,7.099999904632568,953.0,100.0,65,1679,36,215.9,False,False,False,381.0,429.0
46,9106,3,1997,1997-05-02,1.1342999935150146,615.87,7.199999809265137,821.0,113.0,67,1878,39,215.9,False,False,False,381.0,988.0
46,9106,3,1998,1998-05-21,1.2974999964237215,546.15,8.399999618530273,645.0,105.0,66,1933,40,215.9,False,False,False,381.0,384.0
46,9106,3,1999,1999-05-12,1.372200000286102,487.74,8.699999809265137,394.0,127.0,65,1988,41,215.9,False,False,False,381.0,356.0
46,9106,3,2000,2000-05-11,1.3501000106334686,477.21,7.800000190734863,831.0,99.0,62,2030,42,215.9,False,False,False,381.0,365.0
46,9106,3,2001,2001-10-05,1.4657000064849854,604.41,8.699999809265137,553.0,112.0,62,2078,43,215.9,False,False,False,381.0,512.0
46,9106,3,2004,2004-04-29,2.011799991130829,568.39,8.199999809265137,552.0,124.0,61,2263,46,215.9,False,False,False,381.0,937.0
46,9106,4,2009,2009-07-15,2.55530002117157,631.02,6.199999809265137,947.0,114.0,67,2493,51,223.5,False,False,False,388.6,1903.0
46,9106,4,2011,2011-05-24,3.520199954509735,677.18,7.300000190734863,799.0,111.0,67,2603,53,223.5,False,False,False,388.6,678.0
46,9106,5,2013,2013-10-22,4.418799972534179,830.76,7.0,758.0,139.0,65,2713,55,223.5,False,False,False,388.6,882.0
46,9106,5,2016,2016-03-26,2.9684999704360964,518.05,9.199999809265137,544.0,106.0,63,2880,58,223.5,False,False,False,388.6,886.0
46,9187,1,1990,1990-11-29,0.6445999920368195,369.1,9.899999618530272,418.0,141.0,53,47,2,139.7,False,False,False,368.3,0.0
46,9187,2,1991,1991-08-13,0.7616999924182892,533.3,9.600000381469728,472.0,134.0,60,89,3,139.7,False,False,False,368.3,257.0
46,9187,3,1992,1992-07-31,0.7317000031471252,468.7,9.100000381469728,358.0,128.0,60,122,4,149.9,False,False,False,378.5,353.0
46,9187,3,1993,1993-06-16,0.8967999994754792,601.67,7.099999904632568,703.0,118.0,66,164,5,149.9,False,False,False,378.5,320.0
46,9187,3,1994,1994-10-01,0.9492999970912932,568.32,8.699999809265137,709.0,109.0,63,226,6,149.9,False,False,False,378.5,472.0
46,9187,3,1995,1995-04-14,1.0448666552702586,749.17,8.300000190734863,579.0,117.0,66,257,7,149.9,False,False,False,378.5,195.0
46,9187,3,1997,1997-07-10,1.2325333336989086,608.27,8.300000190734863,628.0,126.0,66,337,9,149.9,False,False,False,378.5,818.0
46,9197,2,1989,1989-11-14,0.8245999991893769,513.37,8.399999618530273,872.0,96.0,60,1145,26,144.8,False,False,False,525.8,0.0
46,9197,2,1991,1991-08-12,0.9245999991893769,789.86,9.699999809265137,529.0,116.0,64,1395,28,144.8,False,False,False,525.8,636.0
46,9197,3,1992,1992-07-30,0.9158999979496002,730.18,8.800000190734863,396.0,127.0,67,1508,29,144.8,False,False,False,525.8,353.0
46,9197,3,1993,1993-10-22,0.9630999982357026,935.01,7.300000190734863,708.0,99.0,72,1632,30,144.8,False,False,False,525.8,449.0
46,9197,3,1994,1994-08-15,1.0182999908924102,492.89,8.699999809265137,774.0,93.0,66,1719,31,144.8,False,False,False,525.8,297.0
46,9197,4,1997,1997-07-09,1.5442999958992003,632.58,8.300000190734863,694.0,114.0,69,2011,34,152.4,False,False,False,533.4,1059.0
46,9197,4,1998,1998-06-24,1.6042999982833863,623.14,9.899999618530272,470.0,99.0,68,2088,35,152.4,False,False,False,533.4,350.0
46,9197,4,1999,1999-05-16,1.6199000000953676,703.67,10.0,327.0,122.0,66,2163,36,152.4,False,False,False,533.4,326.0
46,9197,4,2000,2000-05-14,1.6959999918937685,440.52,9.300000190734863,736.0,88.0,61,2225,37,152.4,False,False,False,533.4,364.0
46,9197,6,2004,2004-05-21,0.7296000003814698,680.14,9.399999618530272,493.0,108.0,64,2523,41,246.4,False,False,False,627.4,1468.0
46,9197,6,2009,2009-07-12,1.0218999981880188,911.23,7.5,750.0,95.0,70,2889,46,246.4,False,False,False,627.4,1878.0
46,9197,6,2011,2011-05-10,1.1492000102996824,914.79,8.399999618530273,741.0,106.0,68,3080,48,246.4,False,False,False,627.4,667.0
46,9197,7,2014,2014-09-02,1.2282000064849854,655.57,7.800000190734863,907.0,97.0,64,3383,51,254.0,False,False,False,635.0,1211.0
47,1023,1,1990,1990-05-11,0.7817999958992004,1408.81,14.800000190734863,15.0,66.0,77,57957,19,134.7,False,True,False,442.0,0.0
47,1023,2,1991,1991-06-13,0.8410999953746796,1614.57,14.800000190734863,33.0,73.0,78,61275,20,134.7,False,True,False,442.0,398.0
47,1023,2,1992,1992-08-31,0.7804999887943267,1620.96,13.699999809265137,36.0,79.0,79,63601,21,134.7,False,True,False,442.0,445.0
47,1023,2,1994,1994-06-08,0.7878999948501587,1765.81,14.0,109.0,67.0,78,69165,23,134.7,False,True,False,442.0,646.0
47,1023,3,1996,1996-05-01,0.7440000116825104,1708.29,13.199999809265137,146.0,93.0,78,74589,25,177.9,False,True,False,485.2,693.0
47,1023,3,1999,1999-07-14,0.833299994468689,1035.18,14.800000190734863,40.0,73.0,72,83850,28,177.9,False,True,False,485.2,1169.0
47,1023,4,2002,2002-03-15,0.861599999666214,1465.99,14.600000381469728,48.0,90.0,77,92662,31,177.9,False,True,False,485.2,975.0
47,1023,4,2004,2004-05-04,0.8568999946117402,1599.4,14.600000381469728,45.0,85.0,79,100136,33,177.9,False,True,False,485.2,781.0
47,1023,5,2005,2005-06-07,1.67890003323555,1365.9,14.699999809265137,37.0,83.0,76,104042,34,177.9,False,True,False,485.2,399.0
47,1028,1,1990,1990-05-09,1.2092000007629395,1477.97,13.800000190734863,26.0,78.0,77,1782,8,177.8,False,True,False,403.8,0.0
47,1028,1,1992,1992-05-15,1.3977999925613402,1546.29,12.600000381469728,54.0,91.0,78,2284,10,177.8,False,True,False,403.8,737.0
47,1028,1,1994,1994-02-28,1.363000011444092,1738.1,13.0,127.0,76.0,77,2863,12,177.8,False,True,False,403.8,654.0
47,1028,1,1996,1996-05-02,1.4521000027656554,1735.74,12.100000381469728,188.0,94.0,78,3507,14,177.8,False,True,False,403.8,794.0
47,1028,2,2001,2001-08-20,0.7042999982833862,959.63,13.5,74.0,82.0,72,5105,19,266.7,False,True,False,492.7,1936.0
47,1028,2,2003,2003-06-20,0.6992999970912934,1818.65,12.800000190734863,98.0,85.0,80,5739,21,266.7,False,True,False,492.7,669.0
47,1028,2,2004,2004-05-04,0.6948000073432923,1419.64,13.5,87.0,86.0,79,6086,22,266.7,False,True,False,492.7,319.0
47,1028,2,2008,2008-09-25,0.8114999949932098,1236.94,13.399999618530272,84.0,87.0,71,7538,26,266.7,False,True,False,492.7,1605.0
47,1028,2,2011,2011-05-06,0.7546999990940094,1551.67,13.699999809265137,71.0,80.0,78,8697,29,266.7,False,True,False,492.7,953.0
47,1028,2,2017,2017-03-28,0.8308000028133392,1504.96,14.399999618530272,69.0,67.0,75,11195,35,266.7,False,True,False,492.7,2153.0
47,1028,2,2019,2019-04-04,0.8718999981880189,1574.26,14.600000381469728,45.0,71.0,76,12081,37,266.7,False,True,False,492.7,737.0
47,1029,1,1990,1990-05-08,0.695200002193451,1419.38,15.199999809265137,14.0,54.0,77,1006,9,71.1,False,True,True,553.7,0.0
47,1029,1,1994,1994-02-25,0.7501999974250793,1882.81,14.300000190734863,88.0,57.0,80,1936,13,71.1,False,True,True,553.7,1389.0
47,1029,1,1995,1995-12-07,0.8988999903202057,1531.26,14.399999618530272,89.0,81.0,77,2221,14,71.1,False,True,True,553.7,650.0
47,1029,1,1998,1998-06-10,0.9238999962806702,1572.55,15.899999618530272,35.0,52.0,76,3331,17,71.1,False,True,True,553.7,916.0
47,1029,2,2001,2001-08-03,0.6829000055789948,1418.46,14.699999809265137,38.0,66.0,75,4353,20,96.6,False,True,True,579.2,1150.0
47,1029,2,2002,2002-12-11,0.7899999976158142,1608.66,15.100000381469728,32.0,81.0,77,4702,21,96.6,False,True,True,579.2,495.0
47,1029,2,2004,2004-05-03,0.9700999915599824,1867.6,15.0,29.0,72.0,78,5683,23,96.6,False,True,True,579.2,509.0
47,1029,2,2008,2008-09-24,1.3583000004291534,1270.85,14.699999809265137,53.0,82.0,72,8215,27,96.6,False,True,True,579.2,1605.0
47,1029,2,2011,2011-05-05,1.1933000087738037,1531.41,15.100000381469728,42.0,60.0,77,10759,30,96.6,False,True,True,579.2,953.0
47,1029,3,2017,2017-03-31,0.6774999916553497,1693.86,15.800000190734863,34.0,54.0,77,18243,36,99.1,False,True,True,581.7,2157.0
47,1029,3,2019,2019-04-03,0.7229999899864197,1753.45,16.100000381469727,23.0,54.0,76,21702,38,99.1,False,True,True,581.7,733.0
47,2001,1,1990,1990-05-24,0.8215000033378601,1567.5,15.899999618530272,41.0,52.0,75,8256,12,198.1,False,True,False,312.4,0.0
47,2001,2,1992,1992-04-17,0.5995999991893768,1134.58,14.699999809265137,25.0,76.0,77,10440,14,281.9,False,True,False,396.2,694.0
47,2001,2,1994,1994-02-23,0.6957999885082244,1455.37,14.899999618530272,118.0,58.0,78,11559,16,281.9,False,True,False,396.2,677.0
47,2001,2,1996,1996-04-24,1.0710999965667725,1221.81,14.300000190734863,146.0,71.0,75,12977,18,281.9,False,True,False,396.2,791.0
47,2001,2,1999,1999-07-02,1.1034999907016754,1255.97,16.299999237060547,45.0,60.0,68,15580,21,281.9,False,True,False,396.2,1164.0
47,2001,3,2000,2000-08-11,1.2366999864578248,960.98,15.699999809265137,121.0,67.0,68,16553,22,281.9,False,True,False,396.2,406.0
47,2001,4,2002,2002-03-28,0.4135000050067902,1541.35,15.199999809265137,49.0,84.0,78,18548,24,365.7,False,True,False,480.0,594.0
47,2001,4,2004,2004-05-11,0.460699999332428,1588.75,15.399999618530272,88.0,62.0,77,20654,26,365.7,False,True,False,480.0,775.0
47,2001,4,2008,2008-09-22,0.7745999932289123,1413.23,14.899999618530272,67.0,86.0,74,25226,30,365.7,False,True,False,480.0,1595.0
47,2001,4,2010,2010-02-15,0.9512999832630158,1088.11,15.800000190734863,129.0,72.0,71,27704,32,365.7,False,True,False,480.0,511.0
47,2001,6,2016,2016-07-15,0.6947999954223633,1354.22,16.600000381469727,60.0,63.0,75,37110,38,370.8,False,True,False,485.1,2342.0
47,2001,6,2019,2019-04-02,0.8018000066280364,2193.78,15.699999809265137,42.0,65.0,79,44145,41,370.8,False,True,False,485.1,991.0
47,2008,2,1990,1990-05-24,1.1842000007629394,1738.73,15.699999809265137,40.0,53.0,76,5038,18,332.8,False,True,False,569.0,0.0
47,2008,2,1992,1992-04-16,1.2166000127792358,1125.66,14.399999618530272,30.0,76.0,78,5911,20,332.8,False,True,False,569.0,693.0
47,2008,2,1994,1994-02-23,1.1306000113487245,1601.4,14.699999809265137,122.0,60.0,78,6729,22,332.8,False,True,False,569.0,678.0
47,2008,2,1996,1996-04-26,1.1882999897003177,1395.57,14.0,155.0,77.0,77,7618,24,332.8,False,True,False,569.0,793.0
47,2008,2,1999,1999-07-04,1.1809000015258788,1303.89,16.0,48.0,64.0,69,9009,27,332.8,False,True,False,569.0,1164.0
47,2008,2,2001,2001-05-15,1.2127999901771545,1174.64,15.5,53.0,67.0,73,10226,29,332.8,False,True,False,569.0,681.0
47,2008,3,2003,2003-01-20,0.7366000056266784,1258.79,14.5,78.0,81.0,78,11037,31,365.8,False,True,False,602.0,615.0
47,2008,3,2005,2005-04-09,0.7805999994277955,1161.51,15.5,41.0,73.0,74,12131,33,365.8,False,True,False,602.0,810.0
47,2008,3,2008,2008-09-22,1.0606999874114988,1361.79,14.899999618530272,77.0,82.0,74,13898,36,365.8,False,True,False,602.0,1262.0
47,2008,3,2010,2010-05-22,0.8552000045776367,1099.77,15.5,145.0,74.0,72,15165,38,365.8,False,True,False,602.0,607.0
47,2008,3,2016,2016-07-15,1.0312000036239624,1572.16,16.0,77.0,62.0,77,19444,44,365.8,False,True,False,602.0,2246.0
47,3075,1,1990,1990-05-16,1.8502999901771544,1533.33,14.899999618530272,28.0,65.0,76,1613,20,127.0,False,False,False,360.7,0.0
47,3075,1,1991,1991-06-17,1.8583999752998352,1646.35,14.699999809265137,45.0,71.0,78,1766,21,127.0,False,False,False,360.7,397.0
47,3075,1,1992,1992-08-27,1.7907000303268432,1482.68,13.399999618530272,43.0,75.0,80,1842,22,127.0,False,False,False,360.7,437.0
47,3075,1,1994,1994-06-09,2.053199994564056,1697.97,13.899999618530272,125.0,68.0,79,2084,24,127.0,False,False,False,360.7,651.0
47,3075,1,1996,1996-04-30,1.8682000160217287,1671.08,13.0,172.0,86.0,78,2396,26,127.0,False,False,False,360.7,691.0
47,3075,1,1999,1999-07-13,1.870100009441376,1030.89,14.899999618530272,51.0,71.0,71,3139,29,127.0,False,False,False,360.7,1169.0
47,3075,1,2002,2002-03-27,1.86690001487732,1332.28,14.5,60.0,86.0,77,3848,32,127.0,False,False,False,360.7,988.0
47,3101,1,1990,1990-05-16,1.0635000109672543,1572.52,15.399999618530272,26.0,61.0,75,611,11,157.4,False,True,False,380.9,0.0
47,3101,1,1991,1991-06-17,1.1463000059127806,1652.64,15.100000381469728,38.0,70.0,78,695,12,157.4,False,True,False,380.9,397.0
47,3101,1,1992,1992-08-27,1.0924999952316283,1328.5,13.899999618530272,37.0,75.0,80,754,13,157.4,False,True,False,380.9,437.0
47,3101,1,1994,1994-06-10,1.4691999912261964,1764.14,14.300000190734863,120.0,68.0,78,908,15,157.4,False,True,False,380.9,652.0
47,3101,1,1995,1995-04-10,1.2684000015258787,1376.05,14.300000190734863,115.0,80.0,76,977,16,157.4,False,True,False,380.9,304.0
47,3101,2,1996,1996-04-29,0.7659999966621398,1530.92,13.5,155.0,77.0,78,1044,17,205.6,False,True,False,429.1,385.0
47,3101,3,1999,1999-07-07,0.7680000007152556,1006.58,15.5,50.0,66.0,70,1226,20,205.6,False,True,False,429.1,1164.0
47,3101,3,2002,2002-03-27,0.8429000079631805,1339.57,15.0,54.0,77.0,77,1459,23,205.6,False,True,False,429.1,994.0
47,3101,3,2004,2004-10-12,0.7838000059127808,1694.04,14.800000190734863,67.0,70.0,79,1626,25,205.6,False,True,False,429.1,930.0
47,3101,3,2008,2008-09-23,0.8763000011444092,1116.93,14.600000381469728,81.0,79.0,72,2000,29,205.6,False,True,False,429.1,1442.0
47,3104,2,1990,1990-05-10,2.1015999794006346,1268.08,14.800000190734863,15.0,61.0,76,34,5,33.0,False,False,False,254.0,0.0
47,3104,2,1992,1992-05-15,2.408000016212464,1507.43,13.699999809265137,36.0,75.0,77,51,7,33.0,False,False,False,254.0,736.0
47,3104,2,1994,1994-02-28,2.467300009727478,1697.19,14.0,104.0,59.0,77,81,9,33.0,False,False,False,254.0,654.0
47,3104,2,1996,1996-05-02,3.1781000137329105,1532.1,13.199999809265137,146.0,87.0,76,108,11,33.0,False,False,False,254.0,794.0
47,3108,2,1990,1990-05-10,0.5355000019073486,1408.81,14.800000190734863,15.0,66.0,77,57859,19,208.3,False,True,False,533.4,0.0
47,3108,2,1991,1991-06-11,0.5748999953269958,1614.57,14.800000190734863,33.0,73.0,78,61177,20,208.3,False,True,False,533.4,397.0
47,3108,2,1992,1992-08-31,0.5645999997854232,1620.96,13.699999809265137,36.0,79.0,79,63503,21,208.3,False,True,False,533.4,447.0
47,3108,2,1994,1994-06-08,0.5838999897241592,1765.81,14.0,109.0,67.0,78,68674,23,208.3,False,True,False,533.4,646.0
47,3108,2,1996,1996-05-01,0.6141999900341034,1708.29,13.199999809265137,146.0,93.0,78,74098,25,208.3,False,True,False,533.4,693.0
47,3108,2,1999,1999-07-14,0.6533000111579894,1035.18,14.800000190734863,40.0,73.0,72,83472,28,208.3,False,True,False,533.4,1169.0
47,3108,4,2001,2001-12-11,0.6439999878406525,1155.42,14.5,45.0,76.0,73,90613,30,208.3,False,True,False,533.4,881.0
47,3108,4,2003,2003-06-19,0.7555000007152557,1691.45,13.899999618530272,63.0,85.0,80,98189,32,208.3,False,True,False,533.4,555.0
47,3108,4,2004,2004-05-04,0.6811000049114228,1599.4,14.600000381469728,45.0,85.0,79,102148,33,208.3,False,True,False,533.4,320.0
47,3108,5,2005,2005-06-06,0.7814999997615815,1365.9,14.699999809265137,37.0,83.0,76,106226,34,208.3,False,True,False,533.4,398.0
47,3109,2,1990,1990-05-23,1.158400011062622,1485.5,15.600000381469728,22.0,55.0,76,1734,13,177.8,False,True,False,401.3,0.0
47,3109,2,1992,1992-04-16,1.1699000120162963,1291.22,14.199999809265137,31.0,72.0,80,2114,15,177.8,False,True,False,401.3,694.0
47,3109,2,1994,1994-02-24,1.153600001335144,1878.22,14.5,111.0,61.0,79,2675,17,177.8,False,True,False,401.3,679.0
47,3109,2,1996,1996-04-26,1.2259999990463255,1491.35,13.800000190734863,152.0,74.0,78,3719,19,177.8,False,True,False,401.3,792.0
47,3109,2,1999,1999-07-07,1.2151000142097472,991.02,15.699999809265137,46.0,61.0,71,4411,22,177.8,False,True,False,401.3,1167.0
47,3109,2,2002,2002-03-28,1.228600001335144,1427.57,15.100000381469728,43.0,80.0,77,5525,25,177.8,False,True,False,401.3,995.0
47,3109,2,2004,2004-05-10,1.2026000022888184,1751.02,14.899999618530272,60.0,67.0,80,6389,27,177.8,False,True,False,401.3,774.0
47,3109,2,2008,2008-09-23,1.4281999826431275,1130.74,14.800000190734863,69.0,81.0,73,8489,31,177.8,False,True,False,401.3,1597.0
47,3109,2,2011,2011-05-02,1.3208999991416932,1590.25,15.300000190734863,51.0,63.0,77,10459,34,177.8,False,True,False,401.3,951.0
47,3110,2,1990,1990-05-15,0.6482999980449676,1314.14,15.399999618530272,11.0,53.0,77,1215,10,172.79999999999998,False,True,False,482.6,0.0
47,3110,2,1992,1992-05-18,0.7115999996662139,1552.31,14.300000190734863,27.0,71.0,79,1529,12,172.79999999999998,False,True,False,482.6,734.0
47,3110,2,1994,1994-04-07,0.7135999977588654,1796.1,14.5,88.0,62.0,78,1850,14,172.79999999999998,False,True,False,482.6,689.0
47,3110,2,1996,1996-05-03,0.7772000074386596,1479.71,13.899999618530272,124.0,83.0,77,2181,16,172.79999999999998,False,True,False,482.6,757.0
47,3110,2,1999,1999-07-19,0.8018000006675721,1029.35,15.399999618530272,33.0,58.0,72,2734,19,172.79999999999998,False,True,False,482.6,1172.0
47,3110,2,2001,2001-08-21,0.7383999943733215,1304.01,15.0,32.0,66.0,72,3136,21,172.79999999999998,False,True,False,482.6,764.0
47,3110,2,2002,2002-12-11,0.7740000009536743,1496.67,15.300000190734863,33.0,79.0,76,3302,22,172.79999999999998,False,True,False,482.6,477.0
47,3110,2,2004,2004-05-03,0.7576000094413757,1495.58,15.300000190734863,32.0,77.0,77,3742,24,172.79999999999998,False,True,False,482.6,509.0
47,3110,2,2008,2008-09-24,0.9065999984741212,1074.03,15.100000381469728,42.0,75.0,71,4704,28,172.79999999999998,False,True,False,482.6,1605.0
47,6015,1,1990,1990-05-14,0.8901000022888184,1314.14,15.399999618530272,11.0,53.0,77,46495,17,363.3,False,False,False,548.7,0.0
47,6015,1,1992,1992-05-19,0.7848999977111817,1552.31,14.300000190734863,27.0,71.0,79,52726,19,363.3,False,False,False,548.7,736.0
47,6015,1,1994,1994-04-07,0.8505000054836274,1796.1,14.5,88.0,62.0,78,58222,21,363.3,False,False,False,548.7,688.0
47,6015,1,1996,1996-05-03,0.8597999930381774,1479.71,13.899999618530272,124.0,83.0,77,64326,23,363.3,False,False,False,548.7,757.0
47,6015,1,1998,1998-06-10,0.9616000056266784,1233.05,16.100000381469727,34.0,53.0,75,71166,25,363.3,False,False,False,548.7,768.0
47,6022,1,1990,1990-05-15,1.0041999757289886,1533.33,14.899999618530272,28.0,65.0,76,3695,21,170.2,False,True,False,503.0,0.0
47,6022,2,1992,1992-04-23,1.2459999918937683,1482.68,13.399999618530272,43.0,75.0,80,4272,23,170.20000000000002,False,True,False,503.0,709.0
47,9024,1,1990,1990-05-17,1.449399983882904,1572.52,15.399999618530272,26.0,61.0,75,527,14,144.7,False,True,False,325.0,0.0
47,9024,1,1992,1992-04-20,1.4333000183105469,1328.5,13.899999618530272,37.0,75.0,80,685,16,144.7,False,True,False,325.0,704.0
47,9024,1,1994,1994-02-25,1.3245000123977662,1764.14,14.300000190734863,120.0,68.0,78,836,18,144.7,False,True,False,325.0,676.0
47,9024,2,1996,1996-04-29,0.7986999988555908,1530.92,13.5,155.0,77.0,78,975,20,177.79999999999998,False,True,False,358.1,794.0
47,9024,2,1999,1999-07-07,0.8390999913215638,1006.58,15.5,50.0,66.0,70,1209,23,177.79999999999998,False,True,False,358.1,1164.0
47,9024,2,2001,2001-12-09,0.7871999919414521,1174.16,14.899999618530272,59.0,66.0,73,1440,25,177.79999999999998,False,True,False,358.1,886.0
47,9024,3,2003,2003-06-19,0.777999997138977,1629.79,14.100000381469728,80.0,83.0,80,1641,27,177.79999999999998,False,True,False,358.1,557.0
47,9024,3,2004,2004-05-05,0.7969000041484833,1694.04,14.800000190734863,67.0,70.0,79,1781,28,177.79999999999998,False,True,False,358.1,321.0
47,9024,3,2008,2008-09-23,0.9300000071525574,1116.93,14.600000381469728,81.0,79.0,72,2466,32,177.79999999999998,False,True,False,358.1,1602.0
47,9025,1,1990,1990-05-16,1.5067999839782715,1572.52,15.399999618530272,26.0,61.0,75,611,11,114.3,False,True,False,495.3,0.0
47,9025,1,1992,1992-04-20,1.5794999837875363,1328.5,13.899999618530272,37.0,75.0,80,777,13,114.3,False,True,False,495.3,705.0
47,9025,1,1994,1994-02-25,1.844700002670288,1764.14,14.300000190734863,120.0,68.0,78,926,15,114.3,False,True,False,495.3,676.0
47,9025,2,1995,1995-04-10,1.9235999822616576,1376.05,14.300000190734863,115.0,80.0,76,1009,16,114.3,False,True,False,495.3,409.0
47,9025,3,1996,1996-04-29,0.7708999991416932,1530.92,13.5,155.0,77.0,78,1076,17,149.9,False,True,False,530.9,385.0
47,9025,3,1999,1999-07-07,0.7745999932289123,1006.58,15.5,50.0,66.0,70,1281,20,149.9,False,True,False,530.9,1164.0
47,9025,3,2002,2002-03-27,0.8070000052452087,1339.57,15.0,54.0,77.0,77,1499,23,149.9,False,True,False,530.9,994.0
47,9025,3,2004,2004-05-05,0.816399997472763,1694.04,14.800000190734863,67.0,70.0,79,1717,25,149.9,False,True,False,530.9,770.0
47,9025,3,2008,2008-09-23,0.983100003004074,1116.93,14.600000381469728,81.0,79.0,72,2215,29,149.9,False,True,False,530.9,1602.0
47,A310,1,1990,1990-05-16,1.1042000234127043,1572.52,15.399999618530272,26.0,61.0,75,611,11,147.3,False,True,False,353.0,0.0
47,A310,2,1991,1991-06-17,0.8698000073432923,1652.64,15.100000381469728,38.0,70.0,78,695,12,177.8,False,True,False,383.5,397.0
47,A310,3,1992,1992-08-27,0.7936000049114227,1328.5,13.899999618530272,37.0,75.0,80,754,13,188.0,False,True,False,393.7,437.0
47,A310,3,1995,1995-04-10,0.8815999984741212,1376.05,14.300000190734863,115.0,80.0,76,977,16,188.0,False,True,False,393.7,956.0
47,A320,1,1990,1990-05-16,1.194000005722046,1572.52,15.399999618530272,26.0,61.0,75,611,11,162.5,False,True,False,386.0,0.0
47,A320,2,1992,1992-08-27,2.1917999982833862,1328.5,13.899999618530272,37.0,75.0,80,754,13,170.1,False,True,False,393.6,834.0
47,A320,3,1995,1995-04-10,2.184375017881393,1376.05,14.300000190734863,115.0,80.0,76,977,16,170.1,False,True,False,393.6,956.0
47,A330,1,1990,1990-05-16,1.45239999294281,1572.52,15.399999618530272,26.0,61.0,75,611,11,139.7,False,True,False,375.9,0.0
47,A330,3,1991,1991-06-17,1.811300027370453,1652.64,15.100000381469728,38.0,70.0,78,695,12,139.7,False,True,False,375.9,397.0
47,A330,3,1992,1992-08-27,1.686300015449524,1328.5,13.899999618530272,37.0,75.0,80,754,13,139.7,False,True,False,375.9,437.0
47,A330,4,1995,1995-04-10,1.7955000162124637,1376.05,14.300000190734863,115.0,80.0,76,977,16,139.7,False,True,False,375.9,956.0
47,A350,1,1990,1990-05-16,1.7434000015258788,1572.52,15.399999618530272,26.0,61.0,75,611,11,172.8,False,True,False,376.0,0.0
47,A350,2,1991,1991-06-17,2.127600002288818,1652.64,15.100000381469728,38.0,70.0,78,695,12,183.0,False,True,False,386.2,397.0
47,A350,2,1992,1992-08-27,2.0853999972343447,1328.5,13.899999618530272,37.0,75.0,80,754,13,183.0,False,True,False,386.2,437.0
47,B310,1,1990,1990-05-16,1.5927999854087829,1533.33,14.899999618530272,28.0,65.0,76,1613,20,43.2,False,True,False,376.0,0.0
47,B310,2,1991,1991-06-17,1.4465999960899354,1646.35,14.699999809265137,45.0,71.0,78,1766,21,66.1,False,True,False,398.9,397.0
47,B310,2,1992,1992-08-27,1.403500008583069,1482.68,13.399999618530272,43.0,75.0,80,1842,22,66.1,False,True,False,398.9,437.0
47,B310,2,1994,1994-06-09,1.3350000023841857,1697.97,13.899999618530272,125.0,68.0,79,2084,24,66.1,False,True,False,398.9,651.0
47,B310,2,1996,1996-04-30,1.4051999926567078,1671.08,13.0,172.0,86.0,78,2396,26,66.1,False,True,False,398.9,691.0
47,B310,2,1999,1999-07-13,1.4176000237464903,1030.89,14.899999618530272,51.0,71.0,71,3139,29,66.1,False,True,False,398.9,1169.0
47,B320,1,1990,1990-05-16,1.3287999868392943,1533.33,14.899999618530272,28.0,65.0,76,1613,20,40.7,False,True,False,358.2,0.0
47,B320,2,1991,1991-06-17,1.3929999947547913,1646.35,14.699999809265137,45.0,71.0,78,1766,21,45.8,False,True,False,363.3,397.0
47,B320,2,1992,1992-08-27,1.3343999862670897,1482.68,13.399999618530272,43.0,75.0,80,1842,22,45.8,False,True,False,363.3,437.0
47,B320,2,1994,1994-06-09,1.3505000233650208,1697.97,13.899999618530272,125.0,68.0,79,2084,24,45.8,False,True,False,363.3,651.0
47,B320,2,1996,1996-04-30,1.4020999789237976,1671.08,13.0,172.0,86.0,78,2396,26,45.8,False,True,False,363.3,691.0
47,B320,2,1999,1999-07-13,1.4001999855041505,1030.89,14.899999618530272,51.0,71.0,71,3139,29,45.8,False,True,False,363.3,1169.0
47,B330,1,1990,1990-05-16,1.6383000016212463,1533.33,14.899999618530272,28.0,65.0,76,1613,20,45.7,False,True,False,360.7,0.0
47,B330,2,1991,1991-06-17,1.701199996471405,1646.35,14.699999809265137,45.0,71.0,78,1766,21,45.7,False,True,False,360.7,397.0
47,B330,2,1992,1992-08-27,1.6732999801635742,1482.68,13.399999618530272,43.0,75.0,80,1842,22,45.7,False,True,False,360.7,437.0
47,B330,3,1996,1996-04-30,1.7534000039100648,1671.08,13.0,172.0,86.0,78,2396,26,45.7,False,True,False,360.7,1342.0
47,B330,3,1999,1999-07-13,1.8628000140190124,1030.89,14.899999618530272,51.0,71.0,71,3139,29,45.7,False,True,False,360.7,1169.0
47,B350,1,1990,1990-05-16,1.3013000011444094,1533.33,14.899999618530272,28.0,65.0,76,1613,20,55.900000000000006,False,True,False,370.9,0.0
47,B350,2,1991,1991-06-17,1.3423999905586244,1646.35,14.699999809265137,45.0,71.0,78,1766,21,63.5,False,True,False,378.5,397.0
47,B350,2,1992,1992-08-27,1.2858999848365782,1482.68,13.399999618530272,43.0,75.0,80,1842,22,63.5,False,True,False,378.5,437.0
47,B350,2,1994,1994-06-10,1.301200008392334,1697.97,13.899999618530272,125.0,68.0,79,2084,24,63.5,False,True,False,378.5,652.0
47,B350,2,1996,1996-04-30,1.3248999834060669,1671.08,13.0,172.0,86.0,78,2396,26,63.5,False,True,False,378.5,690.0
47,B350,2,1999,1999-07-13,1.295299994945526,1030.89,14.899999618530272,51.0,71.0,71,3139,29,63.5,False,True,False,378.5,1169.0
47,C310,1,1990,1990-05-14,0.744900006055832,1408.81,14.800000190734863,15.0,66.0,77,57957,19,149.79999999999998,False,True,False,462.2,0.0
47,C310,2,1991,1991-06-14,0.7948999941349029,1614.57,14.800000190734863,33.0,73.0,78,61275,20,172.7,False,True,False,485.1,396.0
47,C310,2,1992,1992-08-31,0.757399994134903,1620.96,13.699999809265137,36.0,79.0,79,63601,21,172.7,False,True,False,485.1,444.0
47,C311,2,1992,1992-08-31,1.0283999979496,1620.96,13.699999809265137,36.0,79.0,79,63601,21,162.60000000000002,False,True,False,469.9,0.0
47,C311,2,1994,1994-06-08,1.0895000040531158,1765.81,14.0,109.0,67.0,78,69165,23,162.60000000000002,False,True,False,469.9,646.0
47,C311,2,1997,1997-01-29,1.0788750126957891,1513.63,13.699999809265137,76.0,76.0,77,77560,26,162.60000000000002,False,True,False,469.9,966.0
47,C320,1,1990,1990-05-14,0.7755999922752381,1408.81,14.800000190734863,15.0,66.0,77,57957,19,137.2,False,True,False,469.9,0.0
47,C320,2,1991,1991-06-14,0.7551999926567078,1614.57,14.800000190734863,33.0,73.0,78,61275,20,139.7,False,True,False,472.4,396.0
47,C320,2,1992,1992-08-31,0.687200003862381,1620.96,13.699999809265137,36.0,79.0,79,63601,21,139.7,False,True,False,472.4,444.0
47,C320,2,1994,1994-06-08,0.7016999959945679,1765.81,14.0,109.0,67.0,78,69165,23,139.7,False,True,False,472.4,646.0
47,C330,1,1990,1990-05-11,1.186500000953674,1408.81,14.800000190734863,15.0,66.0,77,57957,19,134.60000000000002,False,True,False,431.8,0.0
47,C330,2,1991,1991-06-14,1.4424000024795531,1614.57,14.800000190734863,33.0,73.0,78,61275,20,134.6,False,True,False,431.8,399.0
47,C330,3,1992,1992-08-31,1.3965999841690064,1620.96,13.699999809265137,36.0,79.0,79,63601,21,134.6,False,True,False,431.8,444.0
47,C330,3,1994,1994-06-08,1.2639999985694883,1765.81,14.0,109.0,67.0,78,69165,23,134.6,False,True,False,431.8,646.0
47,C350,1,1990,1990-05-11,1.332700002193451,1408.81,14.800000190734863,15.0,66.0,77,57957,19,137.1,False,True,False,439.4,0.0
47,C350,2,1991,1991-06-14,1.6550999999046327,1614.57,14.800000190734863,33.0,73.0,78,61275,20,144.70000000000002,False,True,False,447.0,399.0
47,C350,3,1992,1992-08-31,1.597500002384186,1620.96,13.699999809265137,36.0,79.0,79,63601,21,144.70000000000002,False,True,False,447.0,444.0
47,C350,4,1994,1994-06-08,1.4013999938964845,1765.81,14.0,109.0,67.0,78,69165,23,144.70000000000002,False,True,False,447.0,646.0
48,0001,1,1990,1990-03-06,0.6736999988555908,726.42,21.0,6.0,13.0,67,270,2,61.0,False,False,False,434.4,0.0
48,0001,1,1992,1992-03-17,0.7102999925613402,1483.3,19.39999961853028,0.0,11.0,74,617,4,61.0,False,False,False,434.4,742.0
48,0001,1,1993,1993-07-13,0.7205000042915344,934.84,19.299999237060547,0.0,22.0,70,870,5,61.0,False,False,False,434.4,483.0
48,0001,1,1995,1995-05-03,0.7465000033378602,966.52,20.299999237060547,0.0,18.0,68,1505,7,61.0,False,False,False,434.4,659.0
48,0001,2,1997,1997-08-06,0.7553999960422516,1084.26,19.299999237060547,5.0,25.0,71,2148,9,61.0,False,False,False,434.4,826.0
48,0001,2,1998,1998-02-23,0.7632000029087067,1397.2,21.200000762939453,3.0,13.0,69,2527,10,61.0,False,False,False,434.4,201.0
48,0001,2,1999,1999-08-26,0.799399995803833,693.11,21.600000381469727,0.0,10.0,63,2921,11,61.0,False,False,False,434.4,549.0
48,0001,2,2001,2001-09-11,1.091899996995926,1163.81,20.100000381469727,0.0,19.0,72,3744,13,61.0,False,False,False,434.4,747.0
48,0001,2,2002,2002-01-14,1.1915999889373778,992.37,20.200000762939453,0.0,17.0,70,4185,14,61.0,False,False,False,434.4,125.0
48,0001,3,2004,2004-05-14,1.351799988746643,1169.21,20.299999237060547,1.0,21.0,73,5063,16,61.0,False,False,False,434.4,851.0
48,0001,5,2007,2007-03-16,1.804699993133545,1528.39,19.200000762939453,4.0,25.0,77,7257,19,61.0,False,False,False,434.4,1036.0
48,0113,1,1997,1997-09-08,1.028700006008148,810.67,23.700000762939453,0.0,1.0,68,1054,3,116.8,False,False,True,919.4,0.0
48,0113,1,1998,1998-04-02,1.0883999943733216,961.33,25.299999237060547,0.0,0.0,67,2139,4,116.8,False,False,True,919.4,206.0
48,0113,1,1999,1999-12-10,1.073300004005432,478.04,25.100000381469727,0.0,0.0,66,3257,5,116.8,False,False,True,919.4,617.0
48,0113,1,2000,2000-05-09,1.05789999961853,552.57,25.299999237060547,0.0,0.0,66,4365,6,116.8,False,False,True,919.4,151.0
48,0113,1,2001,2001-07-21,1.1185500025749209,526.45,24.799999237060547,0.0,0.0,67,5499,7,116.8,False,False,True,919.4,438.0
48,0113,2,2003,2003-05-21,1.0059000194072725,1047.95,24.100000381469727,0.0,0.0,71,8290,9,116.9,False,False,True,919.5,669.0
48,0113,2,2005,2005-06-27,1.0719500064849854,498.19,25.5,0.0,0.0,64,10654,11,116.9,False,False,True,919.5,768.0
48,0113,3,2007,2007-03-19,1.169199991226196,818.63,24.0,0.0,0.0,71,13780,13,116.9,False,False,True,919.5,630.0
48,0114,1,1997,1997-09-08,0.8063999950885773,810.67,23.700000762939453,0.0,1.0,68,1054,3,172.7,False,False,True,1064.2,0.0
48,0114,1,1998,1998-04-02,0.9021999955177308,961.33,25.299999237060547,0.0,0.0,67,2139,4,172.7,False,False,True,1064.2,206.0
48,0114,1,1999,1999-12-10,0.877700012922287,478.04,25.100000381469727,0.0,0.0,66,3257,5,172.7,False,False,True,1064.2,617.0
48,0114,1,2000,2000-05-09,0.8422999978065491,552.57,25.299999237060547,0.0,0.0,66,4365,6,172.7,False,False,True,1064.2,151.0
48,0114,1,2001,2001-07-21,0.8824499994516373,526.45,24.799999237060547,0.0,0.0,67,5499,7,172.7,False,False,True,1064.2,438.0
48,0114,2,2003,2003-05-21,0.9561000049114228,1047.95,24.100000381469727,0.0,0.0,71,8290,9,162.5,False,False,True,1054.0,669.0
48,0114,2,2005,2005-06-27,0.982250002026558,498.19,25.5,0.0,0.0,64,10654,11,162.5,False,False,True,1054.0,768.0
48,0114,2,2007,2007-03-19,1.0197000205516815,818.63,24.0,0.0,0.0,71,13780,13,162.5,False,False,True,1054.0,630.0
48,0115,1,1997,1997-09-08,0.8809999942779541,810.67,23.700000762939453,0.0,1.0,68,1054,3,187.9,False,True,True,685.7,0.0
48,0115,1,1998,1998-04-02,0.996699994802475,961.33,25.299999237060547,0.0,0.0,67,2139,4,187.9,False,True,True,685.7,206.0
48,0115,2,1999,1999-12-10,1.284600019454956,478.04,25.100000381469727,0.0,0.0,66,3257,5,170.2,False,True,True,668.0,617.0
48,0115,2,2000,2000-05-09,1.1641999959945677,552.57,25.299999237060547,0.0,0.0,66,4365,6,170.2,False,True,True,668.0,151.0
48,0115,2,2001,2001-07-21,1.2158499896526336,526.45,24.799999237060547,0.0,0.0,67,5499,7,170.2,False,True,True,668.0,438.0
48,0115,3,2003,2003-05-21,1.190499985218048,1047.95,24.100000381469727,0.0,0.0,71,8290,9,185.4,False,True,True,678.2,669.0
48,0115,3,2005,2005-06-27,1.2317499995231629,498.19,25.5,0.0,0.0,64,10654,11,185.4,False,True,True,678.2,768.0
48,0115,4,2007,2007-03-19,1.2947000026702882,818.63,24.0,0.0,0.0,71,13780,13,185.4,False,True,True,678.2,630.0
48,0116,1,1997,1997-09-08,1.0906999945640563,810.67,23.700000762939453,0.0,1.0,68,1054,3,152.4,False,True,True,734.1,0.0
48,0116,1,1998,1998-04-02,1.0666999995708466,961.33,25.299999237060547,0.0,0.0,67,2139,4,152.4,False,True,True,734.1,206.0
48,0116,2,1999,1999-12-10,1.7660999774932862,478.04,25.100000381469727,0.0,0.0,66,3257,5,134.60000000000002,False,True,True,716.3,617.0
48,0116,2,2000,2000-05-09,1.5751000165939333,552.57,25.299999237060547,0.0,0.0,66,4365,6,134.60000000000002,False,True,True,716.3,151.0
48,0116,2,2001,2001-07-21,1.6529999911785125,526.45,24.799999237060547,0.0,0.0,67,5499,7,134.60000000000002,False,True,True,716.3,438.0
48,0116,3,2003,2003-05-21,0.9584000051021576,1047.95,24.100000381469727,0.0,0.0,71,8290,9,121.9,False,True,True,703.5999999999999,669.0
48,0116,3,2005,2005-06-27,0.9918499916791916,498.19,25.5,0.0,0.0,64,10654,11,121.9,False,True,True,703.5999999999999,768.0
48,0116,4,2007,2007-03-19,1.0277999937534332,818.63,24.0,0.0,0.0,71,13780,13,121.9,False,True,True,703.6,630.0
48,0117,1,1997,1997-09-08,0.7099999964237214,810.67,23.700000762939453,0.0,1.0,68,1054,3,190.5,False,True,True,685.8,0.0
48,0117,1,1998,1998-04-02,0.730100005865097,961.33,25.299999237060547,0.0,0.0,67,2139,4,190.5,False,True,True,685.8,206.0
48,0117,1,1999,1999-12-10,0.7419000089168548,478.04,25.100000381469727,0.0,0.0,66,3257,5,190.5,False,True,True,685.8,617.0
48,0117,1,2000,2000-05-09,0.7438000023365021,552.57,25.299999237060547,0.0,0.0,66,4365,6,190.5,False,True,True,685.8,151.0
48,0117,1,2001,2001-07-21,0.7482499986886978,526.45,24.799999237060547,0.0,0.0,67,5499,7,190.5,False,True,True,685.8,438.0
48,0117,2,2003,2003-05-21,1.0215000092983246,1047.95,24.100000381469727,0.0,0.0,71,8290,9,172.7,False,True,True,668.0,669.0
48,0117,2,2005,2005-06-27,1.0746999979019165,498.19,25.5,0.0,0.0,64,10654,11,172.7,False,True,True,668.0,768.0
48,0117,3,2007,2007-03-19,1.152199995517731,818.63,24.0,0.0,0.0,71,13780,13,172.7,False,True,True,668.0,630.0
48,0118,1,1997,1997-09-08,0.870300006866455,810.67,23.700000762939453,0.0,1.0,68,1054,3,149.9,False,True,True,993.2,0.0
48,0118,1,1998,1998-04-02,0.8586999893188476,961.33,25.299999237060547,0.0,0.0,67,2139,4,149.9,False,True,True,993.2,206.0
48,0118,1,1999,1999-12-10,0.9194999992847444,478.04,25.100000381469727,0.0,0.0,66,3257,5,149.9,False,True,True,993.2,617.0
48,0118,1,2000,2000-05-09,0.9205000042915344,552.57,25.299999237060547,0.0,0.0,66,4365,6,149.9,False,True,True,993.2,151.0
48,0118,1,2001,2001-07-21,0.8426999956369401,526.45,24.799999237060547,0.0,0.0,67,5499,7,149.9,False,True,True,993.2,438.0
48,0118,2,2003,2003-05-21,1.1521000146865843,1047.95,24.100000381469727,0.0,0.0,71,8290,9,127.0,False,True,True,970.3,669.0
48,0118,2,2005,2005-06-27,1.1894500076770782,498.19,25.5,0.0,0.0,64,10654,11,127.0,False,True,True,970.3,768.0
48,0118,3,2007,2007-03-19,1.285699987411499,818.63,24.0,0.0,0.0,71,13780,13,127.0,False,True,True,970.3,630.0
48,0119,1,1997,1997-09-08,0.807499998807907,810.67,23.700000762939453,0.0,1.0,68,1054,3,177.8,True,True,True,675.6,0.0
48,0119,1,1998,1998-04-02,0.850900000333786,961.33,25.299999237060547,0.0,0.0,67,2139,4,177.8,True,True,True,675.6,206.0
48,0119,2,1999,1999-12-10,1.3192999839782715,478.04,25.100000381469727,0.0,0.0,66,3257,5,149.8,True,True,True,647.6,617.0
48,0119,2,2000,2000-05-09,1.2250000119209288,552.57,25.299999237060547,0.0,0.0,66,4365,6,149.8,True,True,True,647.6,151.0
48,0119,2,2001,2001-07-21,1.1334000021219253,526.45,24.799999237060547,0.0,0.0,67,5499,7,149.8,True,True,True,647.6,438.0
48,0119,3,2003,2003-05-21,1.0020000040531158,1047.95,24.100000381469727,0.0,0.0,71,8290,9,187.9,True,True,True,685.7,669.0
48,0119,3,2005,2005-06-27,1.1565999865531922,498.19,25.5,0.0,0.0,64,10654,11,187.9,True,True,True,685.7,768.0
48,0119,4,2007,2007-03-19,1.3781000137329102,818.63,24.0,0.0,0.0,71,13780,13,187.9,True,True,True,685.7,630.0
48,0120,1,1997,1997-09-08,0.771099990606308,810.67,23.700000762939453,0.0,1.0,68,1054,3,119.4,True,True,True,792.4,0.0
48,0120,1,1998,1998-04-02,0.8467999935150146,961.33,25.299999237060547,0.0,0.0,67,2139,4,119.4,True,True,True,792.4,206.0
48,0120,1,1999,1999-12-10,0.8473999917507171,478.04,25.100000381469727,0.0,0.0,66,3257,5,119.4,True,True,True,792.4,617.0
48,0120,1,2000,2000-05-09,0.7614000082015991,552.57,25.299999237060547,0.0,0.0,66,4365,6,119.4,True,True,True,792.4,151.0
48,0120,1,2001,2001-07-21,1.061649999022484,526.45,24.799999237060547,0.0,0.0,67,5499,7,119.4,True,True,True,792.4,438.0
48,0120,2,2003,2003-05-21,1.0968999981880188,1047.95,24.100000381469727,0.0,0.0,71,8290,9,116.8,True,True,True,779.6,669.0
48,0120,2,2005,2005-06-27,1.163750010728836,498.19,25.5,0.0,0.0,64,10654,11,116.8,True,True,True,779.6,768.0
48,0120,3,2007,2007-03-19,1.4441999912261962,818.63,24.0,0.0,0.0,71,13780,13,116.8,True,True,True,779.6,630.0
48,0121,1,1997,1997-09-08,0.7594999969005585,810.67,23.700000762939453,0.0,1.0,68,1054,3,114.3,True,True,True,1104.9,0.0
48,0121,1,1998,1998-04-02,0.8842000067234039,961.33,25.299999237060547,0.0,0.0,67,2139,4,114.3,True,True,True,1104.9,206.0
48,0121,1,1999,1999-12-10,0.9249999821186066,478.04,25.100000381469727,0.0,0.0,66,3257,5,114.3,True,True,True,1104.9,617.0
48,0121,1,2000,2000-05-09,0.843200010061264,552.57,25.299999237060547,0.0,0.0,66,4365,6,114.3,True,True,True,1104.9,151.0
48,0121,1,2001,2001-07-21,1.1297999978065492,526.45,24.799999237060547,0.0,0.0,67,5499,7,114.3,True,True,True,1104.9,438.0
48,0121,2,2003,2003-05-21,1.0046999990940093,1047.95,24.100000381469727,0.0,0.0,71,8290,9,124.4,True,True,True,1097.1999999999998,669.0
48,0121,2,2005,2005-06-27,1.0557500034570697,498.19,25.5,0.0,0.0,64,10654,11,124.4,True,True,True,1097.1999999999998,768.0
48,0121,2,2007,2007-03-19,1.1111000061035157,818.63,24.0,0.0,0.0,71,13780,13,124.4,True,True,True,1097.1999999999998,630.0
48,0122,1,1997,1997-09-08,0.7344999969005584,810.67,23.700000762939453,0.0,1.0,68,1054,3,114.3,True,True,True,830.5,0.0
48,0122,1,1998,1998-04-02,0.8025999963283539,961.33,25.299999237060547,0.0,0.0,67,2139,4,114.3,True,True,True,830.5,206.0
48,0122,1,1999,1999-12-10,0.7557999968528748,478.04,25.100000381469727,0.0,0.0,66,3257,5,114.3,True,True,True,830.5,617.0
48,0122,1,2000,2000-05-09,0.7461999952793121,552.57,25.299999237060547,0.0,0.0,66,4365,6,114.3,True,True,True,830.5,151.0
48,0122,1,2001,2001-07-21,0.7923500001430511,526.45,24.799999237060547,0.0,0.0,67,5499,7,114.3,True,True,True,830.5,438.0
48,0122,2,2003,2003-05-21,0.9800999999046324,1047.95,24.100000381469727,0.0,0.0,71,8290,9,122.0,True,True,True,838.1999999999999,669.0
48,0122,2,2005,2005-06-27,1.0228000044822694,498.19,25.5,0.0,0.0,64,10654,11,122.0,True,True,True,838.1999999999999,768.0
48,0122,3,2007,2007-03-19,1.224400007724762,818.63,24.0,0.0,0.0,71,13780,13,122.0,True,True,True,838.2,630.0
48,0123,1,1997,1997-09-08,0.8513999938964845,810.67,23.700000762939453,0.0,1.0,68,1054,3,154.89999999999998,True,True,True,975.3,0.0
48,0123,1,1998,1998-04-02,0.8833000004291534,961.33,25.299999237060547,0.0,0.0,67,2139,4,154.89999999999998,True,True,True,975.3,206.0
48,0123,1,1999,1999-12-10,0.8496999919414521,478.04,25.100000381469727,0.0,0.0,66,3257,5,154.89999999999998,True,True,True,975.3,617.0
48,0123,1,2000,2000-05-09,0.8178000092506409,552.57,25.299999237060547,0.0,0.0,66,4365,6,154.89999999999998,True,True,True,975.3,151.0
48,0123,1,2001,2001-07-21,0.8821000009775162,526.45,24.799999237060547,0.0,0.0,67,5499,7,154.89999999999998,True,True,True,975.3,438.0
48,0123,2,2003,2003-05-21,0.972900003194809,1047.95,24.100000381469727,0.0,0.0,71,8290,9,154.89999999999998,True,True,True,972.8,669.0
48,0123,2,2005,2005-06-27,1.011549997329712,498.19,25.5,0.0,0.0,64,10654,11,154.89999999999998,True,True,True,972.8,768.0
48,0123,3,2007,2007-03-19,1.2970000028610231,818.63,24.0,0.0,0.0,71,13780,13,154.89999999999998,True,True,True,972.8,630.0
48,0124,1,1997,1997-09-08,0.8516000032424926,810.67,23.700000762939453,0.0,1.0,68,1054,3,160.0,True,True,True,1051.5,0.0
48,0124,1,1998,1998-04-02,1.0542999982833865,961.33,25.299999237060547,0.0,0.0,67,2139,4,160.0,True,True,True,1051.5,206.0
48,0124,1,1999,1999-12-10,0.9448000073432924,478.04,25.100000381469727,0.0,0.0,66,3257,5,160.0,True,True,True,1051.5,617.0
48,0124,1,2000,2000-05-09,0.8557999968528748,552.57,25.299999237060547,0.0,0.0,66,4365,6,160.0,True,True,True,1051.5,151.0
48,0124,1,2001,2001-07-21,0.9606000036001204,526.45,24.799999237060547,0.0,0.0,67,5499,7,160.0,True,True,True,1051.5,438.0
48,0124,2,2003,2003-05-21,0.8360000073909759,1047.95,24.100000381469727,0.0,0.0,71,8290,9,157.5,True,True,True,1046.5,669.0
48,0124,2,2005,2005-06-27,0.8828500032424926,498.19,25.5,0.0,0.0,64,10654,11,157.5,True,True,True,1046.5,768.0
48,0124,3,2007,2007-03-19,1.099400007724762,818.63,24.0,0.0,0.0,71,13780,13,157.5,True,True,True,1046.5,630.0
48,0160,1,1997,1997-09-08,0.8360000014305116,810.67,23.700000762939453,0.0,1.0,68,1054,3,142.2,False,False,True,716.2,0.0
48,0160,1,1998,1998-04-02,1.057400006055832,961.33,25.299999237060547,0.0,0.0,67,2139,4,142.2,False,False,True,716.2,206.0
48,0160,1,1999,1999-12-10,0.7740000009536743,478.04,25.100000381469727,0.0,0.0,66,3257,5,142.2,False,False,True,716.2,617.0
48,0160,1,2000,2000-05-09,0.7387000083923341,552.57,25.299999237060547,0.0,0.0,66,4365,6,142.2,False,False,True,716.2,151.0
48,0160,1,2001,2001-07-21,0.8502500087022782,526.45,24.799999237060547,0.0,0.0,67,5499,7,142.2,False,False,True,716.2,438.0
48,0160,2,2003,2003-05-21,1.1103000044822693,1047.95,24.100000381469727,0.0,0.0,71,8290,9,124.5,False,False,True,698.5,669.0
48,0160,2,2005,2005-01-21,1.1496000051498414,498.19,25.5,0.0,0.0,64,10654,11,124.5,False,False,True,698.5,611.0
48,0160,2,2007,2007-03-19,1.220700001716614,818.63,24.0,0.0,0.0,71,13780,13,124.5,False,False,True,698.5,787.0
48,0161,1,1997,1997-09-08,1.1032999873161315,810.67,23.700000762939453,0.0,1.0,68,1054,3,129.5,False,False,True,647.7,0.0
48,0161,1,1998,1998-04-02,1.2790000081062316,961.33,25.299999237060547,0.0,0.0,67,2139,4,129.5,False,False,True,647.7,206.0
48,0161,1,1999,1999-12-10,0.9961999833583832,478.04,25.100000381469727,0.0,0.0,66,3257,5,129.5,False,False,True,647.7,617.0
48,0161,1,2000,2000-05-09,0.9618000030517576,552.57,25.299999237060547,0.0,0.0,66,4365,6,129.5,False,False,True,647.7,151.0
48,0161,1,2001,2001-07-21,1.0281000047922135,526.45,24.799999237060547,0.0,0.0,67,5499,7,129.5,False,False,True,647.7,438.0
48,0161,2,2003,2003-05-21,1.2341000080108642,1047.95,24.100000381469727,0.0,0.0,71,8290,9,132.1,False,False,True,650.3,669.0
48,0161,2,2005,2005-01-21,1.183599990606308,498.19,25.5,0.0,0.0,64,10654,11,132.1,False,False,True,650.3,611.0
48,0161,2,2007,2007-03-19,1.2929999947547912,818.63,24.0,0.0,0.0,71,13780,13,132.1,False,False,True,650.3,787.0
48,0162,1,1997,1997-09-08,0.7847999989986421,810.67,23.700000762939453,0.0,1.0,68,1054,3,127.0,False,False,True,635.0,0.0
48,0162,1,1998,1998-04-02,1.003900009393692,961.33,25.299999237060547,0.0,0.0,67,2139,4,127.0,False,False,True,635.0,206.0
48,0162,1,1999,1999-12-10,0.8348999977111816,478.04,25.100000381469727,0.0,0.0,66,3257,5,127.0,False,False,True,635.0,617.0
48,0162,1,2000,2000-05-09,0.8300000071525573,552.57,25.299999237060547,0.0,0.0,66,4365,6,127.0,False,False,True,635.0,151.0
48,0162,1,2001,2001-07-21,1.07150000333786,526.45,24.799999237060547,0.0,0.0,67,5499,7,127.0,False,False,True,635.0,438.0
48,0162,2,2003,2003-05-21,0.9703999936580658,1047.95,24.100000381469727,0.0,0.0,71,8290,9,111.8,False,False,True,619.8,669.0
48,0162,2,2005,2005-01-21,1.0179999828338624,498.19,25.5,0.0,0.0,64,10654,11,111.8,False,False,True,619.8,611.0
48,0162,2,2007,2007-03-19,1.0504999995231628,818.63,24.0,0.0,0.0,71,13780,13,111.8,False,False,True,619.8,787.0
48,0163,1,1997,1997-09-08,0.9202999949455262,810.67,23.700000762939453,0.0,1.0,68,1054,3,121.9,False,False,True,688.3000000000001,0.0
48,0163,1,1998,1998-04-02,1.099599987268448,961.33,25.299999237060547,0.0,0.0,67,2139,4,121.9,False,False,True,688.3000000000001,206.0
48,0163,1,1999,1999-12-10,1.2672999858856202,478.04,25.100000381469727,0.0,0.0,66,3257,5,121.9,False,False,True,688.3000000000001,617.0
48,0163,1,2000,2000-05-09,1.221400010585785,552.57,25.299999237060547,0.0,0.0,66,4365,6,121.9,False,False,True,688.3000000000001,151.0
48,0163,1,2001,2001-07-21,1.128199997544289,526.45,24.799999237060547,0.0,0.0,67,5499,7,121.9,False,False,True,688.3000000000001,438.0
48,0163,2,2003,2003-05-21,1.089100003242493,1047.95,24.100000381469727,0.0,0.0,71,8290,9,116.8,False,False,True,683.2,669.0
48,0163,2,2005,2005-01-21,1.1262999892234804,498.19,25.5,0.0,0.0,64,10654,11,116.8,False,False,True,683.2,611.0
48,0163,2,2007,2007-03-19,1.2044000029563904,818.63,24.0,0.0,0.0,71,13780,13,116.8,False,False,True,683.2,787.0
48,0164,1,1997,1997-09-08,0.8508000075817108,810.67,23.700000762939453,0.0,1.0,68,1054,3,109.2,False,False,True,660.4,0.0
48,0164,1,1998,1998-04-02,0.9049000024795532,961.33,25.299999237060547,0.0,0.0,67,2139,4,109.2,False,False,True,660.4,206.0
48,0164,1,1999,1999-12-10,0.7571999967098236,478.04,25.100000381469727,0.0,0.0,66,3257,5,109.2,False,False,True,660.4,617.0
48,0164,1,2000,2000-05-09,0.7510000109672547,552.57,25.299999237060547,0.0,0.0,66,4365,6,109.2,False,False,True,660.4,151.0
48,0164,1,2001,2001-07-21,0.8578499913215637,526.45,24.799999237060547,0.0,0.0,67,5499,7,109.2,False,False,True,660.4,438.0
48,0164,2,2003,2003-05-21,0.855699998140335,1047.95,24.100000381469727,0.0,0.0,71,8290,9,104.1,False,False,True,655.3000000000001,669.0
48,0164,2,2005,2005-01-21,0.9107000052928924,498.19,25.5,0.0,0.0,64,10654,11,104.1,False,False,True,655.3000000000001,611.0
48,0164,2,2007,2007-03-19,1.001399999856949,818.63,24.0,0.0,0.0,71,13780,13,104.1,False,False,True,655.3000000000001,787.0
48,0165,1,1997,1997-09-08,0.8255000054836272,810.67,23.700000762939453,0.0,1.0,68,1054,3,119.4,False,False,True,609.6,0.0
48,0165,1,1998,1998-04-02,0.8622000098228455,961.33,25.299999237060547,0.0,0.0,67,2139,4,119.4,False,False,True,609.6,206.0
48,0165,1,1999,1999-12-10,0.8378000080585479,478.04,25.100000381469727,0.0,0.0,66,3257,5,119.4,False,False,True,609.6,617.0
48,0165,1,2000,2000-05-09,0.8287000000476837,552.57,25.299999237060547,0.0,0.0,66,4365,6,119.4,False,False,True,609.6,151.0
48,0165,1,2001,2001-07-21,0.8214999943971635,526.45,24.799999237060547,0.0,0.0,67,5499,7,119.4,False,False,True,609.6,438.0
48,0165,2,2003,2003-05-21,1.020600003004074,1047.95,24.100000381469727,0.0,0.0,71,8290,9,116.8,False,False,True,607.0,669.0
48,0165,2,2005,2005-01-21,1.0357999861240388,498.19,25.5,0.0,0.0,64,10654,11,116.8,False,False,True,607.0,611.0
48,0165,2,2007,2007-03-19,1.2396000027656555,818.63,24.0,0.0,0.0,71,13780,13,116.8,False,False,True,607.0,787.0
48,0166,1,1997,1997-09-08,0.9753000020980837,810.67,23.700000762939453,0.0,1.0,68,1054,3,134.7,False,False,True,782.4,0.0
48,0166,1,1998,1998-04-02,1.0336000144481658,961.33,25.299999237060547,0.0,0.0,67,2139,4,134.7,False,False,True,782.4,206.0
48,0166,1,1999,1999-12-10,0.9380000114440918,478.04,25.100000381469727,0.0,0.0,66,3257,5,134.7,False,False,True,782.4,617.0
48,0166,1,2000,2000-05-09,0.9232999861240389,552.57,25.299999237060547,0.0,0.0,66,4365,6,134.7,False,False,True,782.4,151.0
48,0166,1,2001,2001-07-21,1.103700006008148,526.45,24.799999237060547,0.0,0.0,67,5499,7,134.7,False,False,True,782.4,438.0
48,0166,1,2003,2003-05-21,0.9517999947071076,1047.95,24.100000381469727,0.0,0.0,71,8290,9,134.7,False,False,True,782.4,669.0
48,0166,1,2005,2005-01-21,0.9907000005245208,498.19,25.5,0.0,0.0,64,10654,11,134.7,False,False,True,782.4,611.0
48,0166,1,2007,2007-03-19,1.0748999953269958,818.63,24.0,0.0,0.0,71,13780,13,134.7,False,False,True,782.4,787.0
48,0167,1,1997,1997-09-08,0.8668999910354613,810.67,23.700000762939453,0.0,1.0,68,1054,3,127.0,True,False,True,769.6,0.0
48,0167,1,1998,1998-04-02,0.9752999901771544,961.33,25.299999237060547,0.0,0.0,67,2139,4,127.0,True,False,True,769.6,206.0
48,0167,1,1999,1999-12-10,1.0088000059127809,478.04,25.100000381469727,0.0,0.0,66,3257,5,127.0,True,False,True,769.6,617.0
48,0167,1,2000,2000-05-09,0.99510001540184,552.57,25.299999237060547,0.0,0.0,66,4365,6,127.0,True,False,True,769.6,151.0
48,0167,1,2001,2001-07-21,1.0831499934196471,526.45,24.799999237060547,0.0,0.0,67,5499,7,127.0,True,False,True,769.6,438.0
48,0167,2,2003,2003-05-21,1.156599998474121,1047.95,24.100000381469727,0.0,0.0,71,8290,9,121.9,True,False,True,764.5,669.0
48,0167,2,2005,2005-01-21,1.551599991321564,498.19,25.5,0.0,0.0,64,10654,11,121.9,True,False,True,764.5,611.0
48,0167,2,2007,2007-03-19,2.202100002765656,818.63,24.0,0.0,0.0,71,13780,13,121.9,True,False,True,764.5,787.0
48,1039,2,1990,1990-03-14,1.033999991416931,939.55,19.299999237060547,19.0,23.0,69,5285,9,198.2,False,False,True,751.9000000000001,0.0
48,1039,2,1991,1991-10-24,1.3608999848365784,1239.95,18.39999961853028,0.0,36.0,73,5715,10,198.2,False,False,True,751.9000000000001,589.0
48,1039,3,1993,1993-04-23,2.2854999780654905,1006.71,18.0,1.0,41.0,71,6655,12,198.2,False,False,True,751.9000000000001,547.0
48,1039,4,1995,1995-02-23,1.6491000056266785,788.91,18.600000381469727,3.0,36.0,70,7925,14,198.2,False,False,True,751.9000000000001,671.0
48,1039,5,1996,1996-03-14,2.5996000170707703,735.74,19.100000381469727,36.0,43.0,64,8311,15,198.2,False,False,True,751.9000000000001,385.0
48,1039,6,1998,1998-03-16,0.9430000066757204,1266.69,20.100000381469727,5.0,23.0,69,9706,17,243.9,False,False,True,797.6,732.0
48,1039,6,2001,2001-01-03,1.3027000069618224,1315.93,18.700000762939453,5.0,37.0,72,12265,20,243.9,False,False,True,797.6,1024.0
48,1039,8,2003,2003-04-25,1.2230999708175658,715.19,19.200000762939453,9.0,40.0,67,13901,22,261.7,True,False,True,817.9000000000001,842.0
48,1039,8,2005,2005-05-11,1.2687999963760377,593.2,19.799999237060547,6.0,24.0,63,15945,24,261.7,True,False,True,817.9000000000001,747.0
48,1046,2,1990,1990-10-29,1.336299991607666,421.85,16.0,40.0,77.0,50,19590,35,325.2,True,False,False,670.6,0.0
48,1046,2,1991,1991-11-13,1.437399971485138,498.4,15.399999618530272,33.0,87.0,54,21085,36,325.2,True,False,False,670.6,380.0
48,1046,2,1993,1993-05-11,1.4993000030517578,457.04,15.0,49.0,96.0,54,24668,38,325.2,True,False,False,670.6,545.0
48,1046,2,1994,1994-11-22,1.49410001039505,393.95,16.299999237060547,29.0,77.0,50,26594,39,325.2,True,False,False,670.6,560.0
48,1046,3,1998,1998-06-03,2.3944000601768494,371.36,16.700000762939453,39.0,77.0,53,35132,43,325.2,True,False,False,670.6,1289.0
48,1046,3,1999,1999-11-09,2.939999985694885,503.2,16.299999237060547,9.0,70.0,52,37431,44,325.2,True,False,False,670.6,524.0
48,1046,3,2001,2001-09-19,2.781500005722046,393.84,16.5,37.0,81.0,54,42238,46,325.2,True,False,False,670.6,680.0
48,1047,2,1990,1990-10-29,2.080299997329712,421.85,16.0,40.0,77.0,50,15595,20,254.0,True,False,True,1010.9,0.0
48,1047,2,1991,1991-11-13,2.094999992847443,498.4,15.399999618530272,33.0,87.0,54,17280,21,254.0,True,False,True,1010.9,380.0
48,1047,2,1993,1993-05-07,2.164500021934509,457.04,15.0,49.0,96.0,54,20462,23,254.0,True,False,True,1010.9,541.0
48,1047,2,1994,1994-11-22,1.5836999893188477,393.95,16.299999237060547,29.0,77.0,50,22115,24,254.0,True,False,True,1010.9,564.0
48,1047,6,1998,1998-06-03,3.5491999864578245,371.36,16.700000762939453,39.0,77.0,53,31236,28,254.0,True,False,True,1010.9,1289.0
48,1047,6,1999,1999-11-09,4.062000012397766,503.2,16.299999237060547,9.0,70.0,52,33938,29,254.0,True,False,True,1010.9,524.0
48,1048,1,1990,1990-10-19,1.629200005531311,436.75,18.0,6.0,47.0,49,3717,17,30.5,False,True,False,279.4,0.0
48,1048,1,1991,1991-11-24,1.8119999885559084,416.08,17.299999237060547,3.0,50.0,53,3860,18,30.5,False,True,False,279.4,401.0
48,1048,1,1993,1993-05-13,1.785699987411499,205.57,17.5,2.0,56.0,50,4168,20,30.5,False,True,False,279.4,536.0
48,1048,1,1994,1994-11-15,1.9962000012397767,219.6,18.799999237060547,4.0,41.0,46,4323,21,30.5,False,True,False,279.4,551.0
48,1049,1,1990,1990-04-20,1.109500002861023,1192.07,19.799999237060547,8.0,14.0,76,7806,7,129.5,False,True,True,612.0999999999999,0.0
48,1049,1,1992,1992-01-23,1.2682999789714813,1318.92,19.100000381469727,1.0,16.0,77,9782,9,129.5,False,True,True,612.0999999999999,643.0
48,1049,1,1993,1993-05-28,1.3519999861717222,1441.87,18.5,0.0,26.0,78,11104,10,129.5,False,True,True,612.0999999999999,491.0
48,1049,1,1995,1995-02-20,1.4442000031471252,1098.1,19.600000381469727,0.0,24.0,75,13776,12,129.5,False,True,True,612.0999999999999,633.0
48,1049,1,1996,1996-03-15,2.625999999046326,946.98,19.5,18.0,38.0,73,15152,13,129.5,False,True,True,612.0999999999999,389.0
48,1050,1,1990,1990-03-16,1.2075000047683715,1162.11,20.700000762939453,4.0,13.0,75,1432,6,45.7,False,False,True,454.6,0.0
48,1050,1,1991,1991-04-04,1.3496999859809875,1547.92,19.5,0.0,13.0,81,1593,7,45.7,False,False,True,454.6,384.0
48,1050,1,1992,1992-11-03,1.3787000060081482,1378.75,19.600000381469727,0.0,10.0,78,1764,8,45.7,False,False,True,454.6,579.0
48,1050,1,1994,1994-11-03,1.735799992084503,1048.72,20.0,0.0,19.0,78,2114,10,45.7,False,False,True,454.6,730.0
48,1050,2,1996,1996-11-18,2.036699986457825,1171.34,20.200000762939453,10.0,32.0,73,2673,12,45.7,False,False,True,454.6,746.0
48,1056,2,1990,1990-10-30,1.2870000004768372,416.92,15.699999809265137,72.0,90.0,51,2709,21,55.900000000000006,False,False,False,421.7,0.0
48,1056,2,1991,1991-02-22,1.4095999956130982,514.79,15.300000190734863,56.0,91.0,55,2799,22,55.900000000000006,False,False,False,421.7,115.0
48,1056,2,1993,1993-05-06,2.067700016498565,665.45,14.399999618530272,98.0,104.0,57,2959,24,55.900000000000006,False,False,False,421.7,804.0
48,1056,2,1995,1995-01-11,1.958399999141693,498.9,15.100000381469728,59.0,78.0,56,3138,26,55.900000000000006,False,False,False,421.7,615.0
48,1056,2,1998,1998-06-04,1.6565000057220458,450.94,16.200000762939453,56.0,82.0,56,3582,29,55.900000000000006,False,False,False,421.7,1240.0
48,1056,3,2000,2000-10-20,1.7562999963760375,661.62,15.899999618530272,49.0,98.0,52,3900,31,66.1,False,False,False,431.9,869.0
48,1056,3,2003,2003-02-25,1.997300016880036,645.65,15.699999809265137,51.0,90.0,53,4418,34,66.1,False,False,False,431.9,858.0
48,1056,3,2005,2005-03-17,1.908199977874756,433.37,15.800000190734863,63.0,66.0,57,4837,36,66.1,False,False,False,431.9,751.0
48,1056,3,2010,2010-04-29,1.893399965763092,430.59,15.600000381469728,65.0,105.0,56,5929,41,66.1,False,False,False,431.9,1869.0
48,1060,1,1990,1990-04-03,1.2462000012397767,732.14,22.700000762939453,0.0,2.0,74,2490,5,190.5,False,False,True,655.3,0.0
48,1060,1,1991,1991-04-22,1.267199993133545,965.46,22.0,0.0,0.0,78,3163,6,190.5,False,False,True,655.3,384.0
48,1060,1,1993,1993-10-03,1.3412000000476838,1213.92,21.39999961853028,0.0,1.0,77,4592,8,190.5,False,False,True,655.3,895.0
48,1060,1,1994,1994-07-20,1.3736999948819475,986.07,22.200000762939453,0.0,2.0,77,5336,9,190.5,False,False,True,655.3,290.0
48,1060,1,1995,1995-04-12,1.429200005531311,846.91,22.5,0.0,1.0,74,6097,10,190.5,False,False,True,655.3,266.0
48,1060,1,1997,1997-06-01,1.671200004220009,1182.99,21.299999237060547,0.0,4.0,79,8068,12,190.5,False,False,True,655.3,781.0
48,1060,1,1999,1999-01-04,1.7228000164031982,778.04,23.200000762939453,0.0,2.0,73,10237,14,190.5,False,False,True,655.3,582.0
48,1065,1,1990,1990-10-25,2.084400010108948,247.33,15.100000381469728,39.0,93.0,47,4472,21,218.4,False,False,False,340.3,0.0
48,1065,1,1991,1991-02-21,2.1311999797821044,389.58,14.300000190734863,38.0,102.0,52,4654,22,218.4,False,False,False,340.3,119.0
48,1065,1,1993,1993-05-10,2.4288000106811527,296.57,14.300000190734863,33.0,111.0,52,4975,24,218.4,False,False,False,340.3,809.0
48,1065,1,1994,1994-11-18,2.6566999673843386,480.85,15.300000190734863,24.0,96.0,49,5126,25,218.4,False,False,False,340.3,557.0
48,1065,2,1997,1997-05-01,4.037100005149841,539.71,14.0,128.0,103.0,56,6164,28,231.1,False,False,False,353.0,895.0
48,1068,1,1990,1990-04-25,1.099399995803833,1282.51,17.799999237060547,33.0,33.0,75,1347,4,276.8,False,False,True,632.4,0.0
48,1068,1,1991,1991-10-23,1.1291999936103825,1564.46,17.399999618530273,2.0,48.0,77,1653,5,276.8,False,False,True,632.4,546.0
48,1068,2,1993,1993-05-26,1.2222999930381775,1268.36,16.799999237060547,5.0,55.0,75,2328,7,279.3,False,False,True,634.9,581.0
48,1068,3,1993,1993-12-20,1.2330999970436096,1268.36,16.799999237060547,5.0,55.0,75,2328,7,279.3,False,False,True,634.9,208.0
48,1068,3,1994,1994-08-03,1.244115389310397,1062.05,17.399999618530273,9.0,44.0,77,2705,8,279.3,False,False,True,634.9,226.0
48,1068,3,1995,1995-04-09,1.2240999937057495,874.38,17.700000762939453,7.0,49.0,71,3078,9,279.3,False,False,True,634.9,249.0
48,1068,3,1997,1997-06-02,1.3618250012397766,1199.36,17.0,35.0,41.0,75,3942,11,279.3,False,False,True,634.9,785.0
48,1068,4,1999,1999-11-16,1.3652999997138977,944.42,18.89999961853028,9.0,28.0,68,5072,13,292.0,False,False,True,647.6,897.0
48,1068,4,2000,2000-06-05,1.2622500121593476,1313.52,18.100000381469727,57.0,48.0,69,5573,14,292.0,False,False,True,647.6,202.0
48,1068,5,2000,2000-11-15,0.5433000028133392,1313.52,18.100000381469727,57.0,48.0,69,5573,14,314.9,False,False,True,670.5,163.0
48,1068,5,2003,2003-03-19,0.5547000110149383,745.39,18.299999237060547,13.0,57.0,69,7123,17,314.9,False,False,True,670.5,854.0
48,1068,6,2005,2005-08-14,0.5683999910950661,592.51,19.100000381469727,9.0,36.0,65,8215,19,317.4,False,False,True,673.0,879.0
48,1069,1,1990,1990-03-13,1.3299999833106997,1039.3,19.100000381469727,18.0,22.0,72,7938,14,241.3,False,True,True,792.5,0.0
48,1069,2,1991,1991-03-18,1.495899987220764,1335.19,18.39999961853028,0.0,33.0,75,8285,15,241.3,False,True,True,792.5,370.0
48,1069,2,1993,1993-02-11,1.4342000007629394,1109.86,17.899999618530273,0.0,39.0,73,8996,17,241.3,False,True,True,792.5,696.0
48,1069,2,1994,1994-06-28,1.4884000062942504,871.52,18.700000762939453,3.0,29.0,74,9430,18,241.3,False,True,True,792.5,502.0
48,1069,2,1997,1997-06-03,2.2330999851226805,1203.18,18.0,20.0,38.0,73,11103,21,241.3,False,True,True,792.5,1071.0
48,1069,2,2001,2001-10-29,1.7271000027656551,1340.42,18.5,6.0,33.0,75,13655,25,241.3,False,True,True,792.5,1609.0
48,1069,3,2002,2002-08-17,1.860499995946884,949.15,18.700000762939453,6.0,37.0,71,14332,26,241.3,False,True,True,792.5,292.0
48,1070,1,1990,1990-03-13,1.0159999847412111,1039.3,19.100000381469727,18.0,22.0,72,7902,14,266.7,False,True,True,863.5999999999999,0.0
48,1070,1,1991,1991-03-20,1.0755000054836272,1335.19,18.39999961853028,0.0,33.0,75,8198,15,266.7,False,True,True,863.5999999999999,372.0
48,1070,2,1993,1993-02-16,1.1455000042915344,1109.86,17.899999618530273,0.0,39.0,73,9094,17,266.7,False,True,True,863.5999999999999,699.0
48,1070,2,1994,1994-06-27,1.0375,871.52,18.700000762939453,3.0,29.0,74,9514,18,266.7,False,True,True,863.5999999999999,496.0
48,1070,3,1997,1997-06-03,1.5550999999046329,1203.18,18.0,20.0,38.0,73,11264,21,266.7,False,True,True,863.5999999999999,1072.0
48,1070,5,1999,1999-11-17,1.941600036621094,832.43,19.799999237060547,6.0,20.0,67,12858,23,266.7,False,True,True,863.5999999999999,897.0
48,1070,5,2001,2001-10-29,1.6602999925613404,1340.42,18.5,6.0,33.0,75,14143,25,266.7,False,True,True,863.5999999999999,712.0
48,1070,5,2002,2002-01-23,1.949399995803833,949.15,18.700000762939453,6.0,37.0,71,14814,26,266.7,False,True,True,863.5999999999999,86.0
48,1070,6,2002,2002-08-17,1.7370999991893767,949.15,18.700000762939453,6.0,37.0,71,14814,26,266.7,False,True,True,863.5999999999999,206.0
48,1076,1,1990,1990-10-23,1.8377999901771545,436.4,17.200000762939453,7.0,60.0,47,4282,14,137.10000000000002,False,False,False,350.5,0.0
48,1076,1,1991,1991-02-20,1.8520000100135805,458.41,16.399999618530273,6.0,68.0,51,4522,15,137.10000000000002,False,False,False,350.5,120.0
48,1076,1,1993,1993-05-04,1.9049000024795533,211.02,16.399999618530273,5.0,70.0,50,5035,17,137.10000000000002,False,False,False,350.5,804.0
48,1076,1,1994,1994-11-16,1.6590999722480777,250.43,17.700000762939453,5.0,59.0,46,5297,18,137.10000000000002,False,False,False,350.5,561.0
48,1076,2,1997,1997-06-27,2.0549000263214108,561.29,16.200000762939453,43.0,76.0,53,6258,21,137.10000000000002,False,False,False,350.5,954.0
48,1076,3,2001,2001-09-17,2.1916999936103823,303.02,17.799999237060547,9.0,62.0,48,7502,25,149.8,False,False,False,363.2,1543.0
48,1076,3,2003,2003-11-24,2.503900027275085,333.9,17.899999618530273,9.0,53.0,46,8128,27,149.8,False,False,False,363.2,798.0
48,1076,4,2008,2008-05-17,2.2616000175476074,443.73,16.899999618530273,12.0,63.0,47,9743,32,162.5,False,False,False,375.9,1636.0
48,1076,4,2010,2010-04-21,2.296900010108948,479.88,16.899999618530273,11.0,69.0,51,10365,34,162.5,False,False,False,375.9,704.0
48,1076,4,2012,2012-04-02,2.424499988555908,321.69,18.5,7.0,54.0,43,10989,36,162.5,False,False,False,375.9,712.0
48,1076,4,2013,2013-02-14,2.6808000087738035,368.56,17.100000381469727,26.0,71.0,45,11301,37,162.5,False,False,False,375.9,318.0
48,1077,1,1990,1990-10-31,1.192199993133545,581.48,17.600000381469727,29.0,63.0,51,4785,9,124.5,False,False,False,388.7,0.0
48,1077,1,1991,1991-11-08,1.2466999888420105,621.12,16.899999618530273,13.0,70.0,55,5475,10,124.5,False,False,False,388.7,373.0
48,1077,2,1993,1993-05-05,1.2485000014305114,553.73,16.600000381469727,31.0,85.0,54,6831,12,127.0,False,False,False,391.2,544.0
48,1077,2,1994,1994-04-11,1.1806333482265472,337.67,18.0,15.0,60.0,50,7594,13,127.0,False,False,False,391.2,341.0
48,1077,2,1995,1995-04-06,1.2650333285331723,878.98,17.200000762939453,18.0,55.0,53,8424,14,127.0,False,False,False,391.2,360.0
48,1077,2,1997,1997-06-05,1.4159999936819077,845.94,16.200000762939453,58.0,75.0,59,10023,16,127.0,False,False,False,391.2,791.0
48,1077,3,1998,1998-04-06,1.7595999836921692,433.87,18.600000381469727,26.0,57.0,52,10843,17,127.0,False,False,False,391.2,305.0
48,1087,1,1990,1990-08-22,1.1031000018119812,1141.06,18.799999237060547,19.0,22.0,74,8966,18,182.8,False,False,False,365.7,0.0
48,1087,1,1992,1992-09-09,1.2035000324249268,1403.36,18.0,3.0,20.0,76,9265,20,182.8,False,False,False,365.7,749.0
48,1087,1,1997,1997-01-09,1.3990000009536745,1428.59,17.700000762939453,20.0,37.0,75,9933,25,182.8,False,False,False,365.7,1583.0
48,1087,2,1998,1998-09-10,1.1680999994277954,1283.69,19.89999961853028,8.0,24.0,72,10171,26,195.5,False,False,False,378.4,609.0
48,1087,2,2001,2001-04-05,1.17389999628067,1360.82,18.200000762939453,10.0,31.0,76,10799,29,195.5,False,False,False,378.4,938.0
48,1087,2,2003,2003-03-22,1.1716999888420103,915.09,18.89999961853028,6.0,33.0,71,11270,31,195.5,False,False,False,378.4,716.0
48,1087,3,2005,2005-08-15,1.340449994802475,633.64,19.600000381469727,5.0,22.0,66,11705,33,208.2,False,False,False,391.1,877.0
48,1087,4,2011,2011-12-07,1.386899995803833,749.94,20.39999961853028,31.0,37.0,60,12975,39,228.5,False,False,False,411.4,2305.0
48,1087,4,2013,2013-06-19,1.3699000000953676,1421.57,18.600000381469727,14.0,43.0,70,13239,41,228.5,False,False,False,411.4,560.0
48,1087,4,2014,2014-08-12,1.3564000010490416,929.35,17.899999618530273,18.0,45.0,72,13378,42,228.5,False,False,False,411.4,419.0
48,1087,4,2016,2016-03-16,1.3385999917984008,1468.24,19.600000381469727,6.0,26.0,74,13618,44,228.5,False,False,False,411.4,582.0
48,1092,2,1990,1990-03-26,0.9464999973773957,727.33,20.799999237060547,0.0,7.0,65,1915,8,78.8,False,False,False,396.3,0.0
48,1092,3,1991,1991-12-06,1.452999997138977,1033.2,20.39999961853028,0.0,8.0,67,2177,9,83.89999999999999,False,False,False,401.4,620.0
48,1092,3,1992,1992-12-22,1.42920001745224,952.33,19.600000381469727,0.0,9.0,72,2455,10,83.89999999999999,False,False,False,401.4,382.0
48,1092,3,1994,1994-10-04,1.6554999947547913,791.94,20.799999237060547,0.0,15.0,67,3089,12,83.89999999999999,False,False,False,401.4,651.0
48,1092,4,1998,1998-06-15,1.8484000205993647,1024.41,21.39999961853028,1.0,8.0,65,4780,16,91.5,False,False,False,409.0,1350.0
48,1092,5,2000,2000-06-28,1.0724999904632568,850.98,21.5,1.0,16.0,63,5782,18,134.7,False,False,False,452.2,744.0
48,1092,5,2002,2002-06-03,1.3012999892234802,1256.11,20.200000762939453,0.0,15.0,68,6934,20,134.7,False,False,False,452.2,705.0
48,1092,6,2003,2003-09-22,1.3823999881744389,977.93,20.5,0.0,12.0,68,7530,21,134.7,False,False,False,452.2,476.0
48,1092,6,2006,2006-01-25,1.2740000128746032,524.15,22.100000381469727,0.0,6.0,58,9383,24,134.7,False,False,False,452.2,856.0
48,1092,6,2010,2010-03-09,1.8064000010490413,990.24,20.100000381469727,2.0,25.0,65,12239,28,134.7,False,False,False,452.2,1504.0
48,1092,7,2014,2014-05-21,3.0461000204086304,564.78,20.600000381469727,2.0,24.0,63,15835,32,147.4,False,False,False,464.9,1534.0
48,1093,2,1990,1990-03-27,0.7102999925613404,702.87,22.299999237060547,0.0,5.0,67,8133,11,137.2,False,False,True,574.1,0.0
48,1093,2,1991,1991-04-16,0.7548999965190888,1108.81,21.700000762939453,0.0,5.0,70,8927,12,137.2,False,False,True,574.1,385.0
48,1093,2,1993,1993-07-27,0.7803000092506409,928.28,21.100000381469727,0.0,11.0,69,10683,14,137.2,False,False,True,574.1,833.0
48,1093,2,1995,1995-04-26,0.789300000667572,671.82,22.299999237060547,0.0,6.0,66,12724,16,137.2,False,False,True,574.1,638.0
48,1093,3,1998,1998-06-01,1.2623000144958496,1100.54,22.600000381469727,0.0,6.0,70,16531,19,137.2,False,False,True,574.1,1132.0
48,1093,3,2000,2000-06-28,1.3205999851226806,905.32,22.600000381469727,0.0,11.0,68,19303,21,137.2,False,False,True,574.1,758.0
48,1093,3,2004,2004-02-06,1.5307000041007996,1112.53,21.700000762939453,0.0,9.0,74,24880,25,137.2,False,False,True,574.1,1318.0
48,1094,1,1990,1990-03-20,0.8780999898910522,757.29,21.100000381469727,0.0,6.0,67,1048,15,48.3,False,False,False,261.7,0.0
48,1094,1,1991,1991-04-11,0.9079000174999236,1128.27,20.39999961853028,0.0,7.0,69,1215,16,48.3,False,False,False,261.7,387.0
48,1094,1,1992,1992-12-14,0.8789000034332275,1021.35,19.700000762939453,0.0,9.0,74,1331,17,48.3,False,False,False,261.7,613.0
48,1094,1,1994,1994-07-21,0.9614000022411346,894.79,20.799999237060547,0.0,14.0,70,1612,19,48.3,False,False,False,261.7,584.0
48,1094,1,1997,1997-09-02,0.9628999948501586,898.8,19.700000762939453,3.0,19.0,70,2169,22,48.3,False,False,False,261.7,1139.0
48,1094,1,1998,1998-07-06,1.0074999988079072,1220.91,21.39999961853028,1.0,8.0,69,2405,23,48.3,False,False,False,261.7,307.0
48,1094,2,2000,2000-07-13,1.053499990701675,1005.63,21.5,1.0,17.0,66,2923,25,58.5,False,False,False,271.9,738.0
48,1094,2,2002,2002-05-31,1.2019999980926517,1267.09,20.299999237060547,0.0,14.0,71,3449,27,58.5,False,False,False,271.9,687.0
48,1094,2,2004,2004-02-19,1.1082999885082243,1143.9,20.5,0.0,16.0,73,3928,29,58.5,False,False,False,271.9,629.0
48,1094,2,2005,2005-02-08,1.0845000028610228,680.86,21.5,0.0,7.0,64,4325,30,58.5,False,False,False,271.9,355.0
48,1094,2,2006,2006-01-24,1.109499990940094,585.71,22.200000762939453,0.0,5.0,60,4762,31,58.5,False,False,False,271.9,350.0
48,1096,1,1990,1990-03-26,2.128599965572357,757.29,21.100000381469727,0.0,6.0,67,2777,10,180.3,False,False,True,538.4,0.0
48,1096,1,1991,1991-12-06,2.30550000667572,1128.27,20.39999961853028,0.0,7.0,69,3038,11,180.3,False,False,True,538.4,620.0
48,1096,1,1992,1992-12-22,2.3097000122070312,1021.35,19.700000762939453,0.0,9.0,74,3323,12,180.3,False,False,True,538.4,382.0
48,1096,1,1994,1994-10-04,2.327400004863739,894.79,20.799999237060547,0.0,14.0,70,3959,14,180.3,False,False,True,538.4,651.0
48,1109,1,1990,1990-03-16,1.3945000052452088,1162.11,20.700000762939453,4.0,13.0,75,3724,7,160.1,False,False,True,325.2,0.0
48,1109,1,1991,1991-12-16,1.588699996471405,1547.92,19.5,0.0,13.0,81,3962,8,160.1,False,False,True,325.2,640.0
48,1109,1,1993,1993-06-02,1.6886000037193298,1267.67,19.0,0.0,19.0,78,4623,10,160.1,False,False,True,325.2,534.0
48,1109,1,1995,1995-02-08,1.8281000018119813,1086.24,20.0,0.0,17.0,76,5182,12,160.1,False,False,True,325.2,616.0
48,1109,1,1996,1996-07-31,1.8745999932289124,1171.34,20.200000762939453,10.0,32.0,73,5523,13,160.1,False,False,True,325.2,539.0
48,1109,3,1998,1998-05-28,1.9664999961853027,1608.38,21.200000762939453,0.0,9.0,76,6286,15,185.5,False,False,True,350.6,666.0
48,1109,4,2001,2001-04-04,2.2494999885559084,1695.5,19.700000762939453,0.0,15.0,80,7465,18,185.5,False,False,True,350.6,1042.0
48,1111,1,1990,1990-10-22,1.5473999857902525,501.64,16.899999618530273,13.0,66.0,49,4149,19,188.0,False,False,False,401.4,0.0
48,1111,1,1991,1991-02-20,1.602900004386902,394.3,16.100000381469727,10.0,75.0,54,4452,20,188.0,False,False,False,401.4,121.0
48,1111,1,1993,1993-05-04,1.6837000131607056,356.46,16.0,16.0,79.0,52,4998,22,188.0,False,False,False,401.4,804.0
48,1111,1,1997,1997-06-28,2.311299991607666,662.26,15.699999809265137,63.0,80.0,56,6116,26,188.0,False,False,False,401.4,1516.0
48,1111,1,1998,1998-06-02,1.863599991798401,192.35,17.700000762939453,18.0,61.0,49,6479,27,188.0,False,False,False,401.4,339.0
48,1111,2,2000,2000-10-19,0.8129999995231629,464.13,17.399999618530273,22.0,72.0,48,7114,29,254.0,True,False,False,469.9,870.0
48,1111,2,2002,2002-10-02,0.8458999991416931,458.98,16.600000381469727,14.0,81.0,51,7753,31,254.0,True,False,False,469.9,713.0
48,1111,2,2005,2005-03-18,0.9483000099658968,357.84,16.700000762939453,13.0,52.0,56,8725,34,254.0,True,False,False,469.9,898.0
48,1111,2,2010,2010-04-21,0.9832000017166138,632.65,16.299999237060547,18.0,72.0,55,10362,39,254.0,True,False,False,469.9,1860.0
48,1111,3,2012,2012-04-03,1.013199996948242,351.01,18.200000762939453,14.0,58.0,45,11237,41,266.70000000000005,True,False,False,482.6,713.0
48,1111,3,2013,2013-10-24,1.019600009918213,374.25,16.700000762939453,34.0,85.0,47,11619,42,266.70000000000005,True,False,False,482.6,569.0
48,1111,3,2015,2015-04-30,1.0945999920368197,695.98,16.799999237060547,34.0,62.0,57,12288,44,266.70000000000005,True,False,False,482.6,553.0
48,1111,3,2019,2019-11-14,1.0847000062465666,422.85,17.200000762939453,17.0,68.0,52,13956,48,266.70000000000005,True,False,False,482.6,1659.0
48,1113,1,1990,1990-04-20,0.7426999926567077,1234.37,19.200000762939453,15.0,21.0,75,1886,5,38.1,False,False,False,330.20000000000005,0.0
48,1113,1,1991,1991-12-18,0.9169999837875368,1708.08,18.299999237060547,0.0,26.0,80,2209,6,38.1,False,False,False,330.20000000000005,607.0
48,1113,2,1993,1993-05-27,0.6387999951839447,1381.69,17.899999618530273,1.0,35.0,76,2918,8,137.2,False,False,False,429.3,526.0
48,1113,2,1995,1995-02-21,0.689800000190735,1041.5,19.100000381469727,0.0,33.0,73,3652,10,137.2,False,False,False,429.3,635.0
48,1113,2,1998,1998-03-25,0.8261999964714051,1353.6,20.200000762939453,3.0,21.0,73,5322,13,137.2,False,False,False,429.3,1128.0
48,1113,2,2000,2000-08-02,0.8336999952793122,1161.57,19.5,10.0,34.0,70,6346,15,137.2,False,False,False,429.3,861.0
48,1113,2,2003,2003-10-08,1.1022000014781952,1214.31,18.89999961853028,2.0,31.0,74,7926,18,137.2,False,False,False,429.3,1162.0
48,1116,1,1990,1990-04-20,0.9410000085830688,1263.61,19.299999237060547,12.0,20.0,76,2341,4,38.1,False,False,False,314.99999999999994,0.0
48,1116,2,1992,1992-01-23,1.5867999911308288,1289.87,18.600000381469727,1.0,20.0,77,3626,6,132.1,False,False,False,409.0,643.0
48,1116,3,1993,1993-05-27,1.0461999952793122,1391.39,18.0,1.0,32.0,77,4406,7,132.1,False,False,False,409.0,490.0
48,1116,3,1995,1995-02-21,1.0465999960899353,1061.43,19.200000762939453,0.0,33.0,74,5940,9,132.1,False,False,False,409.0,635.0
48,1116,3,1998,1998-03-25,1.383399987220764,1500.2,20.200000762939453,2.0,22.0,74,8575,12,132.1,False,False,False,409.0,1128.0
48,1119,2,1990,1990-04-20,1.013100004196167,1234.37,19.200000762939453,15.0,21.0,75,2616,16,175.29999999999998,False,False,False,358.2,0.0
48,1119,2,1991,1991-12-18,1.017000013589859,1708.08,18.299999237060547,0.0,26.0,80,2878,17,175.29999999999998,False,False,False,358.2,607.0
48,1119,2,1993,1993-05-27,1.0330000042915344,1381.69,17.899999618530273,1.0,35.0,76,3400,19,175.29999999999998,False,False,False,358.2,526.0
48,1119,2,1994,1994-10-31,1.0124000132083897,1186.84,18.700000762939453,0.0,31.0,78,3660,20,175.29999999999998,False,False,False,358.2,522.0
48,1119,2,1997,1997-06-06,1.1858000099658963,1545.78,18.0,9.0,32.0,78,4523,23,175.29999999999998,False,False,False,358.2,949.0
48,1119,2,1999,1999-10-13,1.1217999935150145,793.54,19.89999961853028,5.0,19.0,70,5334,25,175.29999999999998,False,False,False,358.2,859.0
48,1119,2,2000,2000-05-13,1.0810999870300293,1161.57,19.5,10.0,34.0,70,5743,26,175.29999999999998,False,False,False,358.2,213.0
48,1122,1,1990,1990-04-05,1.0723000049591065,702.87,22.299999237060547,0.0,5.0,67,2854,17,86.4,False,False,False,696.0,0.0
48,1122,1,1991,1991-04-10,1.0585999965667725,1108.81,21.700000762939453,0.0,5.0,70,3002,18,86.4,False,False,False,696.0,370.0
48,1122,1,1992,1992-12-21,1.0144999861717223,1033.79,20.799999237060547,0.0,4.0,75,3167,19,86.4,False,False,False,696.0,621.0
48,1122,1,1993,1993-10-05,1.0622000098228457,928.28,21.100000381469727,0.0,11.0,69,3343,20,86.4,False,False,False,696.0,288.0
48,1122,1,1994,1994-07-21,1.1175999919573467,931.36,21.89999961853028,0.0,8.0,71,3505,21,86.4,False,False,False,696.0,289.0
48,1122,1,1995,1995-06-10,1.1234999999403952,671.82,22.299999237060547,0.0,6.0,66,3679,22,86.4,False,False,False,696.0,324.0
48,1122,1,1997,1997-06-01,1.337749996781349,1173.24,21.0,0.0,18.0,71,4248,24,86.4,False,False,False,696.0,722.0
48,1122,1,2000,2000-07-29,1.157266662518183,905.32,22.600000381469727,0.0,11.0,68,5139,27,86.4,False,False,False,696.0,1154.0
48,1122,1,2001,2001-06-05,1.1565249979496004,931.12,22.0,0.0,6.0,70,5459,28,86.4,False,False,False,696.0,311.0
48,1122,1,2002,2002-02-06,1.110699999332428,1284.48,21.39999961853028,0.0,10.0,72,5818,29,86.4,False,False,False,696.0,246.0
48,1122,2,2002,2002-09-27,1.3554999947547912,1284.48,21.39999961853028,0.0,10.0,72,5818,29,94.0,False,False,False,703.6,233.0
48,1122,2,2003,2003-05-20,1.3163999915122986,1016.25,21.600000381469727,0.0,6.0,72,6182,30,94.0,False,False,False,703.6,235.0
48,1122,2,2005,2005-03-21,1.2480000138282774,647.71,22.700000762939453,0.0,3.0,65,6809,32,94.0,False,False,False,703.6,671.0
48,1123,2,1990,1990-03-20,0.7573000013828277,706.98,19.39999961853028,4.0,18.0,66,6741,15,114.3,False,False,False,533.4,0.0
48,1123,2,1991,1991-02-14,0.799099999666214,967.38,18.89999961853028,0.0,24.0,68,7420,16,114.3,False,False,False,533.4,331.0
48,1123,2,1992,1992-03-03,0.9185999989509582,996.85,18.200000762939453,0.0,22.0,73,8087,17,114.3,False,False,False,533.4,383.0
48,1123,2,1993,1993-06-10,0.7872999846935271,598.56,18.5,0.0,25.0,66,8812,18,114.3,False,False,False,533.4,464.0
48,1130,1,1990,1990-04-04,3.7047000169754014,730.92,21.39999961853028,0.0,6.0,68,2897,19,68.6,False,False,True,726.5,0.0
48,1130,2,1992,1992-03-18,3.748200011253357,1133.0,19.89999961853028,0.0,8.0,76,3135,21,68.6,False,False,True,726.5,714.0
48,1130,3,1993,1993-07-22,0.9855999886989592,934.19,20.100000381469727,0.0,12.0,70,3253,22,109.2,False,False,True,767.0999999999999,491.0
48,1130,4,1995,1995-01-30,1.0071000039577482,759.36,21.299999237060547,0.0,11.0,67,3521,24,119.4,False,False,True,777.3,557.0
48,1130,4,1998,1998-03-30,1.1110000014305117,1350.05,21.700000762939453,1.0,8.0,71,4033,27,119.4,False,False,True,777.3,1155.0
48,1130,4,2000,2000-06-29,0.9641000092029572,1149.48,21.799999237060547,1.0,16.0,67,4425,29,119.4,False,False,True,777.3,822.0
48,1130,4,2002,2002-06-17,1.1430000066757202,1188.99,20.5,0.0,12.0,72,4864,31,119.4,False,False,True,777.3,718.0
48,1130,4,2005,2005-02-08,1.0829999923706053,776.52,21.799999237060547,0.0,7.0,66,5462,34,119.4,False,False,True,777.3,967.0
48,1130,4,2006,2006-01-26,1.1970000147819515,657.31,22.600000381469727,0.0,5.0,62,5659,35,119.4,False,False,True,777.3,352.0
48,1168,1,1990,1990-04-25,1.021100008487701,1141.06,18.799999237060547,19.0,22.0,74,52,6,30.5,False,False,False,294.7,0.0
48,1168,1,1991,1991-03-22,1.1227999866008758,1439.81,18.100000381469727,0.0,28.0,78,69,7,30.5,False,False,False,294.7,331.0
48,1168,1,1993,1993-05-26,1.1834000110626222,1180.53,17.600000381469727,0.0,38.0,75,110,9,30.5,False,False,False,294.7,796.0
48,1168,1,1995,1995-02-21,1.4687000036239624,854.78,18.700000762939453,2.0,40.0,71,159,11,30.5,False,False,False,294.7,636.0
48,1168,1,1998,1998-03-17,1.6209999918937683,1283.69,19.89999961853028,8.0,24.0,72,259,14,30.5,False,False,False,294.7,1120.0
48,1168,2,2000,2000-08-03,1.7688000082969666,1224.94,19.100000381469727,27.0,34.0,68,333,16,30.5,False,False,False,294.7,870.0
48,1168,3,2003,2003-03-22,1.800699985027313,915.09,18.89999961853028,6.0,33.0,71,474,19,43.2,False,False,False,307.4,961.0
48,1168,4,2005,2005-07-02,2.2513999621073406,633.64,19.600000381469727,5.0,22.0,66,553,21,43.2,False,False,False,307.4,833.0
48,1169,1,1990,1990-04-23,1.3180000185966492,1234.37,19.200000762939453,15.0,21.0,75,4402,19,48.3,False,False,False,335.3,0.0
48,1169,1,1991,1991-03-25,1.3416000247001647,1708.08,18.299999237060547,0.0,26.0,80,4548,20,48.3,False,False,False,335.3,336.0
48,1169,1,1993,1993-02-18,1.4003000259399414,1381.69,17.899999618530273,1.0,35.0,76,4837,22,48.3,False,False,False,335.3,696.0
48,1169,1,1997,1997-06-06,2.3383999824523927,1545.78,18.0,9.0,32.0,78,5471,26,48.3,False,False,False,335.3,1569.0
48,1169,1,1999,1999-11-18,1.995399963855744,793.54,19.89999961853028,5.0,19.0,70,5839,28,48.3,False,False,False,335.3,895.0
48,1169,1,2000,2000-05-14,2.0950000166893004,1161.57,19.5,10.0,34.0,70,6011,29,48.3,False,False,False,335.3,178.0
48,1169,2,2002,2002-01-23,1.3527999758720397,1229.99,18.89999961853028,6.0,36.0,75,6434,31,58.5,False,False,False,345.5,619.0
48,1169,3,2005,2005-08-15,1.594999998807907,719.72,19.700000762939453,2.0,21.0,69,7165,34,71.19999999999999,False,False,False,358.2,1300.0
48,1174,1,1990,1990-03-28,1.187299978733063,616.05,23.39999961853028,0.0,2.0,67,4810,16,116.9,False,False,False,454.7000000000001,0.0
48,1174,1,1991,1991-04-19,1.178500008583069,971.03,23.0,0.0,0.0,69,5050,17,116.9,False,False,False,454.7000000000001,387.0
48,1174,1,1992,1992-03-23,1.321499991416931,808.27,22.200000762939453,0.0,2.0,73,5306,18,116.9,False,False,False,454.7000000000001,339.0
48,1174,1,1993,1993-08-05,1.4236000061035154,869.17,22.5,0.0,3.0,68,5545,19,116.9,False,False,False,454.7000000000001,500.0
48,1174,1,1995,1995-03-08,1.7739000082015992,545.91,23.200000762939453,0.0,2.0,68,6059,21,116.9,False,False,False,454.7000000000001,580.0
48,1174,2,1998,1998-04-09,2.045199990272522,933.03,23.89999961853028,0.0,2.0,69,6855,24,116.9,False,False,False,452.2,1128.0
48,1178,1,1990,1990-04-18,1.7594000101089478,793.48,21.0,7.0,12.0,69,719,3,215.9,False,False,True,604.5,0.0
48,1178,2,1992,1992-03-18,2.4585000038146974,1249.26,19.39999961853028,1.0,12.0,76,1385,5,215.9,False,False,True,604.5,700.0
48,1178,2,1993,1993-06-02,3.129000020027161,1084.47,19.200000762939453,0.0,21.0,73,1675,6,215.9,False,False,True,604.5,441.0
48,1178,2,1995,1995-02-20,4.291899967193604,952.82,20.100000381469727,0.0,20.0,71,2271,8,215.9,False,False,True,604.5,628.0
48,1181,1,1990,1990-03-27,1.6813000082969665,639.54,22.89999961853028,0.0,2.0,67,7021,11,175.2,False,False,True,568.9,0.0
48,1181,1,1991,1991-04-16,1.6549999952316283,1007.27,22.5,0.0,3.0,69,7812,12,175.2,False,False,True,568.9,385.0
48,1181,1,1992,1992-02-28,1.984600019454956,866.14,21.600000381469727,0.0,3.0,74,8652,13,175.2,False,False,True,568.9,318.0
48,1181,1,1993,1993-07-27,1.8937000036239624,903.26,22.0,0.0,6.0,68,9528,14,175.2,False,False,True,568.9,515.0
48,1181,1,1994,1994-12-02,2.3429999589920047,837.07,22.700000762939453,0.0,5.0,70,10444,15,175.2,False,False,True,568.9,493.0
48,1181,1,1998,1998-05-12,1.7907000184059143,906.15,23.39999961853028,0.0,4.0,69,14993,19,175.2,False,False,True,568.9,1257.0
48,1181,2,2000,2000-07-13,2.2342999935150147,782.91,23.39999961853028,0.0,6.0,67,17368,21,175.2,False,False,True,568.9,793.0
48,1183,1,1990,1990-09-12,2.281599974632264,598.0,17.5,16.0,56.0,50,18956,16,144.9,False,False,False,358.3,0.0
48,1183,2,1991,1991-02-25,2.4219000339508057,464.2,16.700000762939453,8.0,69.0,55,19364,17,144.9,False,False,False,358.3,166.0
48,1183,4,1992,1992-11-19,2.3850000143051147,624.22,16.299999237060547,12.0,54.0,60,19968,18,144.9,False,False,False,358.3,633.0
48,1183,4,1994,1994-04-17,3.241700053215027,307.6,17.899999618530273,7.0,51.0,49,20627,20,144.9,False,False,False,358.3,514.0
48,2108,1,1990,1990-04-11,1.4768999934196474,1005.48,21.700000762939453,0.0,2.0,78,632,6,76.2,True,True,True,604.5,0.0
48,2108,1,1991,1991-04-23,1.5359999895095826,1203.2,20.89999961853028,0.0,0.0,82,833,7,76.2,True,True,True,604.5,377.0
48,2108,1,1993,1993-06-07,1.5509000062942504,1377.82,20.600000381469727,0.0,0.0,79,1213,9,76.2,True,True,True,604.5,776.0
48,2108,2,1995,1995-02-02,1.6492999792099,1052.59,21.299999237060547,0.0,0.0,78,1575,11,76.2,True,True,True,604.5,605.0
48,2108,3,1998,1998-03-27,1.7195000171661377,1240.13,22.0,0.0,0.0,79,2005,14,76.2,True,True,True,604.5,1149.0
48,2108,3,2000,2000-07-20,1.7563999891281128,1029.76,22.0,0.0,0.0,75,2358,16,76.2,True,True,True,604.5,846.0
48,2108,4,2002,2002-06-11,1.874400019645691,1347.16,21.0,0.0,4.0,80,2723,18,76.2,True,True,True,604.5,691.0
48,2108,5,2004,2004-08-25,1.2174000024795533,1437.64,21.600000381469727,0.0,0.0,80,3127,20,109.1,True,True,True,637.4,806.0
48,2108,5,2006,2006-08-08,1.2833000063896178,1352.75,21.799999237060547,0.0,1.0,77,3481,22,109.1,True,True,True,637.4,713.0
48,2108,5,2011,2011-12-09,1.3853999972343445,581.69,22.200000762939453,0.0,11.0,71,4513,27,109.1,True,True,True,637.4,1949.0
48,2108,6,2013,2013-09-04,0.746100002527237,1223.29,21.200000762939453,0.0,0.0,76,4992,29,116.8,True,True,True,645.1,635.0
48,2108,6,2014,2014-08-06,0.776699995994568,1199.47,20.799999237060547,0.0,5.0,77,5242,30,116.8,True,True,True,645.1,336.0
48,2133,1,1990,1990-04-27,0.8125000119209289,824.03,20.5,10.0,14.0,66,2244,6,55.8,False,True,False,655.3,0.0
48,2133,1,1991,1991-12-05,0.8505999982357025,1410.16,19.39999961853028,0.0,23.0,72,2368,7,55.8,False,True,False,655.3,587.0
48,2133,1,1993,1993-04-30,0.8396000027656556,847.39,18.799999237060547,0.0,26.0,70,2654,9,55.8,False,True,False,655.3,512.0
48,2133,1,1995,1995-01-06,0.8392000079154969,998.06,19.89999961853028,0.0,21.0,67,3044,11,55.8,False,True,False,655.3,616.0
48,2133,1,1998,1998-05-18,0.9656000018119812,1330.93,20.799999237060547,3.0,17.0,69,3845,14,55.8,False,True,False,655.3,1228.0
48,2133,2,2000,2000-10-06,1.119400000572205,848.92,20.700000762939453,3.0,27.0,65,4519,16,63.4,False,True,False,662.9,872.0
48,2133,2,2003,2003-06-15,1.1747999966144562,769.08,20.100000381469727,2.0,25.0,68,5706,19,63.4,False,True,False,662.9,982.0
48,2133,2,2004,2004-06-10,2.348000001907349,1089.41,19.89999961853028,2.0,25.0,73,6038,20,63.4,False,True,False,662.9,361.0
48,2133,2,2005,2005-02-04,2.114699971675873,678.51,20.299999237060547,1.0,14.0,66,6433,21,63.4,False,True,False,662.9,239.0
48,2172,2,1990,1990-09-13,0.7223999977111817,588.8,18.39999961853028,11.0,45.0,52,9648,9,276.9,False,True,False,673.1,0.0
48,2172,3,1991,1991-02-26,0.753899997472763,468.22,17.600000381469727,2.0,54.0,56,11049,10,289.6,False,True,False,685.8,166.0
48,2172,3,1992,1992-11-20,0.7483000040054322,515.68,17.399999618530273,10.0,49.0,60,12492,11,289.6,False,True,False,685.8,633.0
48,2172,4,1994,1994-11-15,1.0159999907016757,363.31,19.0,4.0,44.0,50,15372,13,302.3,False,True,False,698.5,725.0
48,2176,1,1990,1990-10-24,1.2485999822616578,513.16,16.399999618530273,17.0,75.0,49,818,21,58.400000000000006,False,True,False,297.2,0.0
48,2176,1,1991,1991-02-21,1.236800003051758,398.57,15.600000381469728,17.0,82.0,53,873,22,58.400000000000006,False,True,False,297.2,120.0
48,2176,1,1993,1993-05-05,1.3241000175476074,407.79,15.399999618530272,23.0,92.0,52,997,24,58.400000000000006,False,True,False,297.2,804.0
48,2176,1,1994,1994-11-17,1.3412000298500062,245.41,16.700000762939453,11.0,72.0,48,1073,25,58.400000000000006,False,True,False,297.2,561.0
48,2176,2,1997,1997-06-28,1.4439999908208847,625.97,15.0,84.0,86.0,57,1257,28,66.0,False,True,False,304.8,954.0
48,2176,2,1999,1999-10-22,1.3882999897003172,396.23,16.600000381469727,8.0,63.0,50,1396,30,66.0,False,True,False,304.8,846.0
48,2176,3,2001,2001-09-18,0.5541999936103821,356.54,16.700000762939453,25.0,71.0,52,1554,32,124.4,True,True,False,365.7,697.0
48,2176,3,2002,2002-10-03,0.5683000028133393,465.93,16.100000381469727,22.0,89.0,51,1721,33,124.4,True,True,False,365.7,380.0
48,2176,3,2003,2003-02-26,0.541399997472763,287.8,16.899999618530273,15.0,78.0,48,1905,34,124.4,True,True,False,365.7,146.0
48,2176,3,2005,2005-03-17,0.5780000030994416,370.24,16.200000762939453,16.0,60.0,56,2244,36,124.4,True,True,False,365.7,750.0
48,2176,3,2010,2010-04-21,0.7485000014305114,547.82,15.899999618530272,28.0,85.0,54,2769,41,124.4,True,True,False,365.7,1861.0
48,2176,4,2012,2012-04-03,0.8490000009536742,409.68,17.700000762939453,18.0,64.0,45,2958,43,137.1,True,True,False,378.4,713.0
48,2176,4,2013,2013-10-24,0.8378999948501586,426.98,16.100000381469727,42.0,93.0,48,3082,44,137.1,True,True,False,378.4,569.0
48,2176,4,2015,2015-04-30,0.9221999943256378,848.05,16.200000762939453,42.0,66.0,57,3315,46,137.1,True,True,False,378.4,553.0
48,3559,1,1990,1990-03-15,0.8770999968051911,1162.11,20.700000762939453,4.0,13.0,75,3759,21,22.8,False,True,False,337.7,0.0
48,3559,1,1991,1991-03-27,0.8687999963760376,1547.92,19.5,0.0,13.0,81,3875,22,22.8,False,True,False,337.7,377.0
48,3559,1,1992,1992-11-04,0.847000002861023,1378.75,19.600000381469727,0.0,10.0,78,4029,23,22.8,False,True,False,337.7,588.0
48,3559,1,1994,1994-11-02,1.084500014781952,1048.72,20.0,0.0,19.0,78,4391,25,22.8,False,True,False,337.7,728.0
48,3559,1,1997,1997-06-09,0.912399995326996,1334.83,19.39999961853028,1.0,22.0,79,4992,28,22.8,False,True,False,337.7,950.0
48,3559,1,1998,1998-03-26,0.9063000082969666,1608.38,21.200000762939453,0.0,9.0,76,5212,29,22.8,False,True,False,337.7,290.0
48,3579,1,1990,1990-08-23,1.3094000101089478,1141.06,18.799999237060547,19.0,22.0,74,1242,4,43.1,False,False,True,551.1,0.0
48,3579,1,1991,1991-03-21,1.3798000097274778,1439.81,18.100000381469727,0.0,28.0,78,1428,5,43.1,False,False,True,551.1,210.0
48,3579,2,1993,1993-02-17,1.410000002384186,1180.53,17.600000381469727,0.0,38.0,75,1969,7,43.1,False,False,True,551.1,699.0
48,3579,2,1994,1994-10-28,1.3766999959945678,1012.4,18.39999961853028,3.0,33.0,76,2439,8,43.1,False,False,True,551.1,618.0
48,3579,2,1997,1997-06-03,2.506599998474121,1428.59,17.700000762939453,20.0,37.0,75,3459,11,43.1,False,False,True,551.1,949.0
48,3609,1,1990,1990-10-23,2.321500015258789,676.36,18.100000381469727,19.0,46.0,53,1762,17,106.6,False,False,False,274.2,0.0
48,3609,1,1991,1991-11-08,2.336899983882904,573.41,17.299999237060547,6.0,59.0,57,1854,18,106.6,False,False,False,274.2,381.0
48,3669,1,1990,1990-04-19,1.2074000000953675,1170.15,19.700000762939453,10.0,17.0,75,1703,8,106.7,False,True,True,510.6,0.0
48,3669,1,1991,1991-12-17,1.323599994182587,1657.85,18.799999237060547,0.0,24.0,81,1802,9,106.7,False,True,True,510.6,607.0
48,3669,1,1993,1993-06-03,1.433399999141693,1433.27,18.39999961853028,0.0,27.0,77,1987,11,106.7,False,True,True,510.6,534.0
48,3669,1,1995,1995-02-08,1.538099992275238,1060.98,19.5,0.0,27.0,74,2220,13,106.7,False,True,True,510.6,615.0
48,3669,2,1998,1998-03-25,1.5274000048637388,1476.34,20.700000762939453,0.0,16.0,74,2671,16,106.7,False,True,True,510.6,1141.0
48,3669,2,2000,2000-04-26,1.469099998474121,1125.79,20.100000381469727,2.0,29.0,70,2981,18,106.7,False,True,True,510.6,763.0
48,3669,3,2001,2001-10-24,1.544000005722046,2017.33,19.0,2.0,21.0,79,3135,19,147.3,False,True,True,551.1999999999999,546.0
48,3669,3,2002,2002-01-23,1.3763999819755557,1304.47,19.39999961853028,3.0,29.0,76,3291,20,147.3,False,True,True,551.1999999999999,91.0
48,3669,4,2005,2005-08-16,1.6499500036239625,825.51,20.0,0.0,18.0,71,3853,23,154.89999999999998,False,True,True,558.8,1301.0
48,3669,5,2011,2011-12-08,1.2057999968528748,710.32,21.0,14.0,34.0,63,4703,29,167.6,False,True,True,571.5,2305.0
48,3669,5,2014,2014-08-12,1.2589000105857848,1235.08,18.600000381469727,7.0,37.0,75,5031,32,167.6,False,True,True,571.5,978.0
48,3679,1,1990,1990-04-19,1.7989000082015991,1192.07,19.799999237060547,8.0,14.0,76,626,3,40.6,False,True,False,254.0,0.0
48,3679,1,1991,1991-12-17,2.335099995136261,1555.77,18.799999237060547,0.0,20.0,82,764,4,40.6,False,True,False,254.0,607.0
48,3679,1,1993,1993-06-04,2.726200032234192,1441.87,18.5,0.0,26.0,78,1108,6,40.6,False,True,False,254.0,535.0
48,3679,1,1995,1995-02-09,2.288999998569489,1098.1,19.600000381469727,0.0,24.0,75,1454,8,40.6,False,True,False,254.0,615.0
48,3689,1,1990,1990-04-18,1.4051000118255614,1261.08,20.700000762939453,3.0,11.0,76,796,4,78.7,False,True,True,431.8,0.0
48,3689,1,1991,1991-12-16,1.691700005531311,1509.35,19.700000762939453,0.0,14.0,82,948,5,78.7,False,True,True,431.8,607.0
48,3689,1,1993,1993-06-03,1.885500001907349,1453.39,19.200000762939453,0.0,20.0,79,1191,7,78.7,False,True,True,431.8,535.0
48,3689,2,1995,1995-02-08,2.1826000213623047,1168.21,20.200000762939453,0.0,18.0,78,1567,9,78.7,False,True,True,431.8,615.0
48,3689,3,1998,1998-03-25,2.4746000289916994,1663.83,21.39999961853028,0.0,6.0,76,2164,12,78.7,False,True,True,431.8,1141.0
48,3689,4,1999,1999-06-03,2.321799993515014,933.46,21.200000762939453,0.0,9.0,74,2378,13,78.7,False,True,True,431.8,435.0
48,3729,1,1990,1990-03-30,1.5248750299215317,771.53,25.100000381469727,0.0,0.0,69,6129,8,256.5,False,False,True,660.4,0.0
48,3729,1,1991,1991-04-19,1.5512999892234802,805.02,24.799999237060547,0.0,0.0,72,6787,9,256.5,False,False,True,660.4,385.0
48,3729,1,1992,1992-03-19,1.6300999999046326,1004.27,24.100000381469727,0.0,0.0,74,7463,10,256.5,False,False,True,660.4,335.0
48,3729,1,1993,1993-08-05,1.6671000242233278,861.38,24.200000762939453,0.0,0.0,73,8229,11,256.5,False,False,True,660.4,504.0
48,3729,1,1998,1998-05-13,1.885099995136261,957.41,25.299999237060547,0.0,0.0,72,14517,16,256.5,False,False,True,660.4,1742.0
48,3729,3,2000,2000-10-17,1.2751250118017197,674.73,25.39999961853028,0.0,0.0,71,17080,18,302.2,False,False,True,706.0999999999999,888.0
48,3729,3,2003,2003-05-21,1.4003000140190125,1183.8,24.600000381469727,0.0,0.0,74,20899,21,302.2,False,False,True,706.0999999999999,946.0
48,3739,1,1990,1990-03-29,2.000099992752076,606.08,24.100000381469727,0.0,0.0,73,3997,9,45.7,False,False,True,523.3000000000001,0.0
48,3739,1,1991,1991-04-18,2.172600030899048,890.95,23.89999961853028,0.0,0.0,75,4458,10,45.7,False,False,True,523.3000000000001,385.0
48,3739,1,1992,1992-03-20,2.231399965286255,895.72,23.200000762939453,0.0,0.0,76,4974,11,45.7,False,False,True,523.3000000000001,337.0
48,3739,1,1993,1993-10-10,2.5333000183105465,1104.54,23.200000762939453,0.0,0.0,75,5553,12,45.7,False,False,True,523.3000000000001,569.0
48,3739,1,1994,1994-06-02,2.4618499755859373,853.3,23.89999961853028,0.0,0.0,75,6127,13,45.7,False,False,True,523.3000000000001,235.0
48,3739,2,1994,1994-10-25,2.43090000152588,853.3,23.89999961853028,0.0,0.0,75,6127,13,50.8,False,False,True,528.4000000000001,145.0
48,3739,2,1995,1995-01-18,2.730900001525879,699.85,24.0,0.0,0.0,74,6229,14,50.8,False,False,True,528.4000000000001,85.0
48,3739,3,1995,1995-06-01,2.515000015497208,699.85,24.0,0.0,0.0,74,6229,14,53.3,False,False,True,530.9,134.0
48,3739,3,1997,1997-05-31,2.506400001049042,967.08,23.100000381469727,0.0,0.0,75,7441,16,53.3,False,False,True,530.9,730.0
48,3739,3,2000,2000-07-29,2.3206666787465413,658.48,24.200000762939453,0.0,0.0,75,9875,19,53.3,False,False,True,530.9,1155.0
48,3739,4,2001,2001-06-09,2.195375007390976,626.43,23.89999961853028,0.0,0.0,74,10738,20,25.4,False,False,True,503.0,315.0
48,3739,4,2002,2002-02-06,1.9702999949455264,837.97,23.700000762939453,0.0,0.0,74,11541,21,25.4,False,False,True,503.0,242.0
48,3739,4,2003,2003-05-21,2.1374000191688536,964.52,23.39999961853028,0.0,0.0,77,12549,22,25.4,False,False,True,503.0,469.0
48,3739,4,2005,2005-07-25,2.2760499835014345,655.61,24.5,0.0,0.0,72,14470,24,25.4,False,False,True,503.0,796.0
48,3749,1,1990,1990-03-28,1.2450999975204469,514.57,23.299999237060547,0.0,2.0,64,3377,10,45.7,False,False,True,474.9,0.0
48,3749,1,1991,1991-04-17,1.224899983406067,800.88,22.799999237060547,0.0,0.0,67,3535,11,45.7,False,False,True,474.9,385.0
48,3749,1,1992,1992-03-23,1.315500009059906,654.88,21.89999961853028,0.0,2.0,72,3741,12,45.7,False,False,True,474.9,341.0
48,3749,1,1993,1993-08-04,1.6103999972343446,561.21,22.39999961853028,0.0,3.0,66,3927,13,45.7,False,False,True,474.9,499.0
48,3749,1,1994,1994-12-01,1.8442999958992004,657.0,23.200000762939453,0.0,2.0,68,4113,14,45.7,False,False,True,474.9,484.0
48,3749,2,1997,1997-03-20,3.1638000249862674,858.95,21.89999961853028,0.0,11.0,68,4681,17,45.7,False,False,True,474.9,840.0
48,3769,1,1990,1990-09-14,1.4407000064849853,289.34,16.600000381469727,6.0,64.0,42,2898,15,61.0,False,False,False,274.4,0.0
48,3769,1,1991,1991-02-18,1.5860000133514405,281.91,15.800000190734863,3.0,63.0,47,3078,16,61.0,False,False,False,274.4,157.0
48,3769,1,1992,1992-11-12,1.7144999861717225,197.58,16.200000762939453,10.0,64.0,48,3154,17,61.0,False,False,False,274.4,633.0
48,3769,1,1997,1997-03-06,2.2797000169754025,250.04,16.899999618530273,13.0,59.0,42,4670,22,61.0,False,False,False,274.4,1575.0
48,3769,1,2000,2000-05-19,2.3328999996185305,174.67,18.100000381469727,0.0,52.0,36,5730,25,61.0,False,False,False,274.4,1170.0
48,3769,1,2001,2001-11-15,2.1563000082969666,145.71,17.799999237060547,0.0,62.0,38,6111,26,61.0,False,False,False,274.4,545.0
48,3769,2,2003,2003-11-23,1.0315000116825104,171.37,18.100000381469727,2.0,46.0,37,7038,28,76.2,False,False,False,289.6,738.0
48,3769,2,2007,2007-09-21,1.28160001039505,239.77,16.799999237060547,5.0,71.0,45,9468,32,76.2,False,False,False,289.6,1398.0
48,3835,1,1992,1992-03-17,1.5014999866485597,1223.36,19.5,1.0,11.0,77,1301,2,215.9,False,False,True,698.5,0.0
48,3835,2,1993,1993-06-02,1.7355999946594238,1142.6,19.0,0.0,18.0,76,2103,3,215.9,False,False,True,698.5,442.0
48,3835,2,1994,1994-07-22,1.8306999802589417,951.44,20.100000381469727,0.0,19.0,76,2589,4,215.9,False,False,True,698.5,415.0
48,3835,2,1997,1997-06-09,1.8288000106811524,1182.61,19.39999961853028,2.0,23.0,76,4787,7,215.9,False,False,True,698.5,1053.0
48,3835,2,1998,1998-05-28,1.94000004529953,1581.6,21.200000762939453,0.0,12.0,74,5616,8,215.9,False,False,True,698.5,353.0
48,3835,2,1999,1999-12-02,1.778000009059906,723.5,21.39999961853028,1.0,9.0,69,6430,9,215.9,False,False,True,698.5,553.0
48,3835,3,2001,2001-10-08,1.0660000085830688,1429.63,19.799999237060547,1.0,17.0,78,8412,11,373.3,False,False,True,855.9,676.0
48,3835,3,2002,2002-01-17,1.0508000016212464,1178.65,20.200000762939453,1.0,17.0,74,9448,12,373.3,False,False,True,855.9,101.0
48,3835,3,2004,2004-02-18,1.0274000108242034,1549.1,20.200000762939453,2.0,17.0,78,11561,14,373.3,False,False,True,855.9,762.0
48,3835,3,2008,2008-10-17,1.238599991798401,942.27,20.39999961853028,0.0,13.0,70,17036,18,373.3,False,False,True,855.9,1703.0
48,3835,3,2009,2009-03-09,1.191100001335144,1141.56,20.600000381469727,0.0,19.0,70,18105,19,373.3,False,False,True,855.9,143.0
48,3835,3,2010,2010-01-26,1.12739999294281,788.89,20.200000762939453,5.0,28.0,70,19252,20,373.3,False,False,True,855.9,323.0
48,3855,1,1990,1990-04-04,1.3141000032424928,766.06,21.299999237060547,3.0,10.0,70,4657,12,35.599999999999994,False,False,True,614.6999999999999,0.0
48,3855,1,1992,1992-03-18,1.282100009918213,1218.37,19.799999237060547,1.0,10.0,77,5325,14,35.599999999999994,False,False,True,614.6999999999999,714.0
48,3855,1,1993,1993-06-09,1.3620999932289124,1040.53,19.39999961853028,0.0,18.0,75,5667,15,35.599999999999994,False,False,True,614.6999999999999,448.0
48,3855,1,1995,1995-01-31,1.3668999552726746,1007.2,20.700000762939453,0.0,15.0,72,6301,17,35.599999999999994,False,False,True,614.6999999999999,601.0
48,3855,1,1998,1998-03-30,1.5175999999046326,1381.16,21.5,1.0,10.0,73,7722,20,35.599999999999994,False,False,True,614.6999999999999,1154.0
48,3855,3,2000,2000-12-05,0.9469999969005584,1141.74,21.39999961853028,1.0,21.0,70,8569,22,83.89999999999999,False,False,True,663.0,981.0
48,3855,3,2002,2002-06-19,0.959800010919571,1173.33,20.600000381469727,0.0,16.0,73,9518,24,83.89999999999999,False,False,True,663.0,561.0
48,3855,3,2004,2004-08-26,0.964000004529953,1443.68,20.600000381469727,1.0,18.0,77,10314,26,83.89999999999999,False,False,True,663.0,799.0
48,3855,3,2006,2006-08-09,1.5205000042915344,983.23,21.600000381469727,0.0,6.0,69,11273,28,83.89999999999999,False,False,True,663.0,713.0
48,3855,4,2011,2011-12-22,1.4238999843597413,499.98,22.39999961853028,8.0,22.0,60,13454,33,96.6,False,False,True,675.6999999999999,1961.0
48,3855,4,2014,2014-05-20,1.4633000016212463,930.35,20.299999237060547,3.0,26.0,71,14846,36,96.6,False,False,True,675.6999999999999,880.0
48,3855,4,2016,2016-02-23,1.5751000046730042,1256.44,21.200000762939453,1.0,11.0,76,15779,38,96.6,False,False,True,675.6999999999999,644.0
48,3865,1,1990,1990-09-17,1.1950000047683715,673.76,19.299999237060547,12.0,26.0,63,4271,22,55.9,False,False,False,500.4,0.0
48,3865,1,1991,1991-03-12,1.2452999830245972,857.87,18.600000381469727,1.0,32.0,67,4408,23,55.9,False,False,False,500.4,176.0
48,3865,1,1993,1993-04-29,1.3870999813079834,564.36,18.100000381469727,2.0,45.0,65,4741,25,55.9,False,False,False,500.4,779.0
48,3865,1,1999,1999-02-17,1.3152000188827513,465.64,20.299999237060547,2.0,21.0,57,6128,31,55.9,False,False,False,500.4,2120.0
48,3865,1,2000,2000-10-05,1.364300012588501,764.89,19.89999961853028,9.0,34.0,59,6372,32,55.9,False,False,False,500.4,596.0
48,3865,1,2001,2001-04-18,1.348399996757507,794.5,19.100000381469727,3.0,34.0,66,6619,33,55.9,False,False,False,500.4,195.0
48,3865,2,2001,2001-09-04,0.9657999992370604,794.5,19.100000381469727,3.0,34.0,66,6619,33,68.6,False,False,False,513.1,139.0
48,3865,2,2003,2003-03-24,1.004699993133545,538.32,19.299999237060547,8.0,39.0,63,7140,35,68.6,False,False,False,513.1,566.0
48,3865,3,2005,2005-05-24,1.0444000124931336,567.62,19.5,4.0,20.0,61,7732,37,81.3,False,False,False,525.8,792.0
48,3865,3,2012,2012-01-12,1.0985000133514404,883.53,20.200000762939453,1.0,19.0,60,9243,44,81.3,False,False,False,525.8,2424.0
48,3875,1,1991,1991-02-22,1.050600004196167,664.33,14.399999618530272,57.0,108.0,53,2739,7,25.4,False,False,False,449.6,0.0
48,3875,2,1993,1993-05-06,1.134500002861023,490.59,14.0,79.0,114.0,54,3562,9,50.8,False,False,False,475.0,804.0
48,3875,3,1998,1998-09-09,1.9800999760627749,481.67,15.399999618530272,51.0,92.0,53,6187,14,50.8,False,False,False,475.0,1952.0
48,3875,3,1999,1999-10-19,2.1267000079154967,402.67,15.300000190734863,14.0,85.0,52,6733,15,50.8,False,False,False,475.0,405.0
48,3875,3,2000,2000-06-02,2.169300007820129,482.39,15.600000381469728,40.0,102.0,49,7181,16,50.8,False,False,False,475.0,227.0
48,6079,1,1990,1990-10-25,2.439500021934509,306.76,15.100000381469728,33.0,94.0,47,16184,18,251.4,False,False,False,378.4,0.0
48,6079,2,1991,1991-11-14,2.591600036621094,436.48,14.199999809265137,31.0,110.0,52,17834,19,251.4,False,False,False,378.4,385.0
48,6079,3,1993,1993-05-10,2.9622999906539915,241.71,14.399999618530272,22.0,117.0,50,21175,21,251.4,False,False,False,378.4,543.0
48,6079,4,1994,1994-11-21,2.90220000743866,448.54,15.300000190734863,18.0,101.0,47,23039,22,251.4,False,False,False,378.4,560.0
48,6079,5,1997,1997-04-30,3.7404000043869017,566.93,14.100000381469728,126.0,104.0,54,27930,25,251.4,False,False,False,378.4,891.0
48,6079,7,2001,2001-09-18,2.869400000572204,327.67,15.699999809265137,34.0,92.0,49,36794,29,302.2,False,False,False,429.2,1602.0
48,6079,7,2002,2002-02-08,2.831499981880188,378.47,15.300000190734863,34.0,112.0,46,38971,30,302.2,False,False,False,429.2,143.0
48,6086,1,1990,1990-04-02,0.7775999903678894,616.05,23.39999961853028,0.0,2.0,67,8935,20,259.1,False,False,True,848.4,0.0
48,6086,1,1991,1991-04-22,0.729799997806549,971.03,23.0,0.0,0.0,69,9428,21,259.1,False,False,True,848.4,385.0
48,6086,1,1993,1993-07-23,0.7560000002384186,869.17,22.5,0.0,3.0,68,10626,23,259.1,False,False,True,848.4,823.0
48,6086,1,1995,1995-04-21,0.8047999978065491,545.91,23.200000762939453,0.0,2.0,68,12021,25,259.1,False,False,True,848.4,637.0
48,6086,2,1998,1998-05-29,1.0248000085353852,933.03,23.89999961853028,0.0,2.0,69,14414,28,271.8,False,False,True,861.0999999999999,1134.0
48,6086,2,1999,1999-03-25,0.9716999948024748,791.09,24.0,0.0,3.0,67,15305,29,271.8,False,False,True,861.0999999999999,300.0
48,6086,2,2000,2000-07-27,0.9761999905109404,765.07,23.799999237060547,0.0,4.0,68,16203,30,271.8,False,False,True,861.0999999999999,490.0
48,6160,1,1990,1990-10-24,1.7680999875068664,327.95,15.100000381469728,23.0,92.0,46,10663,29,101.6,False,False,False,436.9,0.0
48,6160,1,1991,1991-11-15,1.901599991321564,485.62,14.300000190734863,26.0,105.0,52,11026,30,101.6,False,False,False,436.9,387.0
48,6160,1,1993,1993-05-12,2.150499975681305,259.22,14.399999618530272,18.0,115.0,50,11718,32,101.6,False,False,False,436.9,544.0
48,6179,1,1990,1990-10-24,0.9867000043392182,327.95,15.100000381469728,23.0,92.0,46,4693,26,152.4,False,False,False,492.8,0.0
48,6179,1,1991,1991-11-15,1.039299988746643,485.62,14.300000190734863,26.0,105.0,52,4914,27,152.4,False,False,False,492.8,387.0
48,6179,1,1993,1993-05-13,1.0824000000953675,259.22,14.399999618530272,18.0,115.0,50,5318,29,152.4,False,False,False,492.8,545.0
48,6179,1,1994,1994-11-18,1.419599997997284,384.85,15.5,12.0,97.0,47,5517,30,152.4,False,False,False,492.8,554.0
48,6179,2,1998,1998-06-02,1.4156000018119812,326.12,15.600000381469728,22.0,87.0,48,6507,34,154.9,False,False,False,495.3,1292.0
48,6179,3,2000,2000-10-20,1.521299993991852,407.37,15.699999809265137,28.0,91.0,46,7126,36,167.6,False,False,False,508.0,871.0
48,6179,3,2003,2003-09-12,1.7024000167846678,293.12,15.899999618530272,13.0,85.0,46,8129,39,167.6,False,False,False,508.0,1057.0
48,9005,1,1990,1990-04-06,1.2095999896526335,757.29,21.100000381469727,0.0,6.0,67,541,5,40.7,False,False,False,279.5,0.0
48,9005,1,1991,1991-04-12,1.4130000114440917,1128.27,20.39999961853028,0.0,7.0,69,630,6,40.7,False,False,False,279.5,371.0
48,9005,1,1992,1992-12-15,1.4777999877929688,1021.35,19.700000762939453,0.0,9.0,74,748,7,40.7,False,False,False,279.5,613.0
48,9005,1,1994,1994-10-03,1.8002999663352963,894.79,20.799999237060547,0.0,14.0,70,953,9,40.7,False,False,False,279.5,657.0
48,9005,1,1998,1998-07-07,2.793600010871887,1220.91,21.39999961853028,1.0,8.0,69,1290,13,40.7,False,False,False,279.5,1373.0
48,9005,2,2000,2000-10-11,2.11540002822876,1005.63,21.5,1.0,17.0,66,1604,15,96.6,False,False,False,335.40000000000003,827.0
48,9005,2,2002,2002-07-25,2.216399997472763,1267.09,20.299999237060547,0.0,14.0,71,2293,17,96.6,False,False,False,335.40000000000003,652.0
48,9005,3,2005,2005-02-08,2.247200000286102,680.86,21.5,0.0,7.0,64,2999,20,96.6,False,False,False,335.4,929.0
48,9005,3,2006,2006-01-24,2.315100014209748,585.71,22.200000762939453,0.0,5.0,60,3369,21,96.6,False,False,False,335.4,350.0
48,9005,3,2010,2010-03-09,2.303399991989136,878.58,20.100000381469727,2.0,26.0,68,4547,25,96.6,False,False,False,335.4,1505.0
48,9005,3,2014,2014-05-21,2.5719000339508056,617.71,20.600000381469727,2.0,24.0,65,5362,29,96.6,False,False,False,335.4,1534.0
48,A310,2,1990,1990-03-20,0.8388000011444092,757.29,21.100000381469727,0.0,6.0,67,1048,15,73.7,False,False,False,287.1,0.0
48,A310,2,1991,1991-04-11,0.838699996471405,1128.27,20.39999961853028,0.0,7.0,69,1215,16,73.7,False,False,False,287.1,387.0
48,A310,2,1992,1992-12-14,0.8308000028133392,1021.35,19.700000762939453,0.0,9.0,74,1331,17,73.7,False,False,False,287.1,613.0
48,A310,2,1994,1994-07-21,0.9869000017642976,894.79,20.799999237060547,0.0,14.0,70,1612,19,73.7,False,False,False,287.1,584.0
48,A310,2,1997,1997-09-02,0.8921000063419342,898.8,19.700000762939453,3.0,19.0,70,2169,22,73.7,False,False,False,287.1,1139.0
48,A310,2,1998,1998-07-06,0.8941999912261963,1220.91,21.39999961853028,1.0,8.0,69,2405,23,73.7,False,False,False,287.1,307.0
48,A320,2,1990,1990-03-20,1.0384999871253968,757.29,21.100000381469727,0.0,6.0,67,1048,15,53.400000000000006,False,False,False,266.8,0.0
48,A320,2,1991,1991-04-11,1.013100004196167,1128.27,20.39999961853028,0.0,7.0,69,1215,16,53.400000000000006,False,False,False,266.8,387.0
48,A320,2,1992,1992-12-14,0.9942000091075897,1021.35,19.700000762939453,0.0,9.0,74,1331,17,53.400000000000006,False,False,False,266.8,613.0
48,A320,2,1997,1997-09-02,1.0615999937057494,898.8,19.700000762939453,3.0,19.0,70,2169,22,53.400000000000006,False,False,False,266.8,1723.0
48,A320,2,1998,1998-07-06,1.0553999960422518,1220.91,21.39999961853028,1.0,8.0,69,2405,23,53.400000000000006,False,False,False,266.8,307.0
48,A330,1,1990,1990-03-20,0.5606000036001206,757.29,21.100000381469727,0.0,6.0,67,1048,15,45.7,False,False,False,259.1,0.0
48,A330,1,1991,1991-04-11,0.5950999975204467,1128.27,20.39999961853028,0.0,7.0,69,1215,16,45.7,False,False,False,259.1,387.0
48,A330,1,1992,1992-12-14,0.5725000023841857,1021.35,19.700000762939453,0.0,9.0,74,1331,17,45.7,False,False,False,259.1,613.0
48,A330,1,1994,1994-07-21,0.6800999999046327,894.79,20.799999237060547,0.0,14.0,70,1612,19,45.7,False,False,False,259.1,584.0
48,A330,1,1997,1997-09-02,0.7584999978542328,898.8,19.700000762939453,3.0,19.0,70,2169,22,45.7,False,False,False,259.1,1139.0
48,A330,1,1998,1998-07-06,0.7879000008106232,1220.91,21.39999961853028,1.0,8.0,69,2405,23,45.7,False,False,False,259.1,307.0
48,A340,1,1990,1990-03-20,0.8254000127315522,757.29,21.100000381469727,0.0,6.0,67,1048,15,50.8,False,False,False,264.2,0.0
48,A340,1,1991,1991-04-12,0.8139999985694886,1128.27,20.39999961853028,0.0,7.0,69,1215,16,50.8,False,False,False,264.2,388.0
48,A340,1,1992,1992-12-14,0.7427000045776366,1021.35,19.700000762939453,0.0,9.0,74,1331,17,50.8,False,False,False,264.2,612.0
48,A340,1,1994,1994-07-21,0.8134000062942506,894.79,20.799999237060547,0.0,14.0,70,1612,19,50.8,False,False,False,264.2,584.0
48,A340,1,1997,1997-09-02,0.9111000061035156,898.8,19.700000762939453,3.0,19.0,70,2169,22,50.8,False,False,False,264.2,1139.0
48,A340,1,1998,1998-07-06,0.904700005054474,1220.91,21.39999961853028,1.0,8.0,69,2405,23,50.8,False,False,False,264.2,307.0
48,A502,1,1991,1991-03-19,1.374500000476837,1335.19,18.39999961853028,0.0,33.0,75,8285,15,236.2,False,True,True,810.2,0.0
48,A502,2,1992,1992-01-20,1.2342999935150147,1427.86,18.0,3.0,25.0,76,8624,16,289.5,False,True,True,863.5,307.0
48,A502,2,1993,1993-02-12,1.2102999806404116,1109.86,17.899999618530273,0.0,39.0,73,8996,17,289.5,False,True,True,863.5,389.0
48,A502,2,1994,1994-06-29,1.2690999984741211,871.52,18.700000762939453,3.0,29.0,74,9430,18,289.5,False,True,True,863.5,502.0
48,A502,2,1997,1997-06-03,1.3491000056266784,1203.18,18.0,20.0,38.0,73,11103,21,289.5,False,True,True,863.5,1070.0
48,A502,2,2000,2000-11-14,1.2639999985694883,1091.62,19.39999961853028,17.0,34.0,67,13032,24,289.5,False,True,True,863.5,1260.0
48,A502,2,2001,2001-10-29,1.301699995994568,1340.42,18.5,6.0,33.0,75,13655,25,289.5,False,True,True,863.5,349.0
48,A502,2,2002,2002-01-23,1.1992000222206116,949.15,18.700000762939453,6.0,37.0,71,14332,26,289.5,False,True,True,863.5,86.0
48,A502,2,2003,2003-03-22,1.263100004196167,855.49,19.200000762939453,7.0,36.0,69,14947,27,289.5,False,True,True,863.5,423.0
48,A502,2,2004,2004-03-02,1.3065000176429749,1346.53,19.0,5.0,31.0,73,15518,28,289.5,False,True,True,863.5,346.0
48,A502,2,2005,2005-05-09,1.369700002670288,644.63,19.799999237060547,4.0,20.0,65,16091,29,289.5,False,True,True,863.5,433.0
48,A502,2,2007,2007-04-10,1.397299993038177,1423.71,18.100000381469727,14.0,37.0,78,17245,31,289.5,False,True,True,863.5,701.0
48,A502,2,2008,2008-09-06,1.48439998626709,875.53,18.700000762939453,3.0,33.0,69,17826,32,289.5,False,True,True,863.5,515.0
48,A502,2,2011,2011-12-07,1.507700002193451,730.25,20.5,32.0,37.0,59,19583,35,289.5,False,True,True,863.5,1187.0
48,A502,2,2013,2013-06-20,1.5026999950408937,1321.64,18.799999237060547,15.0,43.0,67,20767,37,289.5,False,True,True,863.5,561.0
48,A502,3,2016,2016-03-18,1.5606000065803527,1355.84,19.600000381469727,6.0,25.0,74,22562,40,302.2,False,True,True,876.2,1002.0
48,A503,1,1991,1991-03-19,1.4916000008583068,1335.19,18.39999961853028,0.0,33.0,75,8285,15,238.8,False,True,True,741.7,0.0
48,A503,2,1992,1992-01-21,1.11120001077652,1427.86,18.0,3.0,25.0,76,8624,16,370.9,False,True,True,873.8000000000001,308.0
48,A503,2,1993,1993-02-15,1.126800000667572,1109.86,17.899999618530273,0.0,39.0,73,8996,17,370.9,False,True,True,873.8000000000001,391.0
48,A503,2,1994,1994-06-29,1.179799997806549,871.52,18.700000762939453,3.0,29.0,74,9430,18,370.9,False,True,True,873.8000000000001,499.0
48,A503,2,1997,1997-06-03,1.2670000195503237,1203.18,18.0,20.0,38.0,73,11103,21,370.9,False,True,True,873.8000000000001,1070.0
48,A503,2,2000,2000-11-14,1.1547000050544738,1091.62,19.39999961853028,17.0,34.0,67,13032,24,370.9,False,True,True,873.8000000000001,1260.0
48,A503,2,2001,2001-10-29,1.2208999872207642,1340.42,18.5,6.0,33.0,75,13655,25,370.9,False,True,True,873.8000000000001,349.0
48,A503,2,2002,2002-01-23,1.1166000008583068,949.15,18.700000762939453,6.0,37.0,71,14332,26,370.9,False,True,True,873.8000000000001,86.0
48,A503,2,2003,2003-03-22,1.2304999828338623,855.49,19.200000762939453,7.0,36.0,69,14947,27,370.9,False,True,True,873.8000000000001,423.0
48,A503,2,2004,2004-03-02,1.2060999989509584,1346.53,19.0,5.0,31.0,73,15518,28,370.9,False,True,True,873.8000000000001,346.0
48,A503,2,2005,2005-05-09,1.2449999928474424,644.63,19.799999237060547,4.0,20.0,65,16091,29,370.9,False,True,True,873.8000000000001,433.0
48,A503,2,2007,2007-04-10,1.2412000060081485,1423.71,18.100000381469727,14.0,37.0,78,17245,31,370.9,False,True,True,873.8000000000001,701.0
48,A503,2,2008,2008-09-06,1.2953999996185304,875.53,18.700000762939453,3.0,33.0,69,17826,32,370.9,False,True,True,873.8000000000001,515.0
48,A503,2,2011,2011-12-07,1.2973000168800355,730.25,20.5,32.0,37.0,59,19583,35,370.9,False,True,True,873.8000000000001,1187.0
48,A503,2,2013,2013-06-20,1.3357999801635745,1321.64,18.799999237060547,15.0,43.0,67,20767,37,370.9,False,True,True,873.8000000000001,561.0
48,A503,3,2016,2016-03-18,1.4960999965667725,1355.84,19.600000381469727,6.0,25.0,74,22562,40,383.6,False,True,True,886.5,1002.0
48,A504,1,1991,1991-03-19,1.3805999875068664,1335.19,18.39999961853028,0.0,33.0,75,8285,15,226.1,False,True,True,683.3,0.0
48,A504,2,1992,1992-01-21,1.54410001039505,1427.86,18.0,3.0,25.0,76,8624,16,353.1,False,True,True,810.3,308.0
48,A504,2,1993,1993-02-15,1.4948999881744385,1109.86,17.899999618530273,0.0,39.0,73,8996,17,353.1,False,True,True,810.3,391.0
48,A504,2,1994,1994-06-29,1.5278999924659729,871.52,18.700000762939453,3.0,29.0,74,9430,18,353.1,False,True,True,810.3,499.0
48,A504,2,1997,1997-06-03,1.523199999332428,1203.18,18.0,20.0,38.0,73,11103,21,353.1,False,True,True,810.3,1070.0
48,A504,2,2000,2000-11-14,1.4460000038146972,1091.62,19.39999961853028,17.0,34.0,67,13032,24,353.1,False,True,True,810.3,1260.0
48,A504,2,2001,2001-10-29,1.427499997615814,1340.42,18.5,6.0,33.0,75,13655,25,353.1,False,True,True,810.3,349.0
48,A504,2,2002,2002-01-23,1.3015000104904175,949.15,18.700000762939453,6.0,37.0,71,14332,26,353.1,False,True,True,810.3,86.0
48,A504,2,2003,2003-03-22,1.4218999862670898,855.49,19.200000762939453,7.0,36.0,69,14947,27,353.1,False,True,True,810.3,423.0
48,A504,2,2004,2004-03-02,1.4458999991416932,1346.53,19.0,5.0,31.0,73,15518,28,353.1,False,True,True,810.3,346.0
48,A504,2,2005,2005-05-09,1.4607999920845032,644.63,19.799999237060547,4.0,20.0,65,16091,29,353.1,False,True,True,810.3,433.0
48,A504,2,2007,2007-04-10,1.4722000002861022,1423.71,18.100000381469727,14.0,37.0,78,17245,31,353.1,False,True,True,810.3,701.0
48,A504,2,2008,2008-09-06,1.5049999952316284,875.53,18.700000762939453,3.0,33.0,69,17826,32,353.1,False,True,True,810.3,515.0
48,A504,2,2011,2011-12-07,1.492900002002716,730.25,20.5,32.0,37.0,59,19583,35,353.1,False,True,True,810.3,1187.0
48,A504,2,2013,2013-06-20,1.5189999699592591,1321.64,18.799999237060547,15.0,43.0,67,20767,37,353.1,False,True,True,810.3,561.0
48,A504,3,2016,2016-03-18,1.8419000267982484,1355.84,19.600000381469727,6.0,25.0,74,22562,40,365.8,False,True,True,823.0,1002.0
48,A505,1,1991,1991-03-20,1.5450000047683714,1335.19,18.39999961853028,0.0,33.0,75,8285,15,238.8,False,True,True,884.0,0.0
48,A505,2,1992,1992-01-22,1.363000011444092,1427.86,18.0,3.0,25.0,76,8624,16,292.1,False,True,True,937.3,308.0
48,A505,2,1993,1993-02-12,1.3152000069618226,1109.86,17.899999618530273,0.0,39.0,73,8996,17,292.1,False,True,True,937.3,387.0
48,A505,2,1994,1994-06-29,1.4593999981880188,871.52,18.700000762939453,3.0,29.0,74,9430,18,292.1,False,True,True,937.3,502.0
48,A505,2,1997,1997-06-03,1.4752000093460085,1203.18,18.0,20.0,38.0,73,11103,21,292.1,False,True,True,937.3,1070.0
48,A505,2,2000,2000-11-14,1.477299976348877,1091.62,19.39999961853028,17.0,34.0,67,13032,24,292.1,False,True,True,937.3,1260.0
48,A505,2,2001,2001-10-29,1.5164000034332277,1340.42,18.5,6.0,33.0,75,13655,25,292.1,False,True,True,937.3,349.0
48,A505,2,2002,2002-01-23,1.3841999888420105,949.15,18.700000762939453,6.0,37.0,71,14332,26,292.1,False,True,True,937.3,86.0
48,A505,2,2003,2003-03-22,1.5352999925613404,855.49,19.200000762939453,7.0,36.0,69,14947,27,292.1,False,True,True,937.3,423.0
48,A505,2,2004,2004-03-02,1.551699984073639,1346.53,19.0,5.0,31.0,73,15518,28,292.1,False,True,True,937.3,346.0
48,A505,2,2005,2005-05-09,1.6585999965667724,644.63,19.799999237060547,4.0,20.0,65,16091,29,292.1,False,True,True,937.3,433.0
48,A505,2,2007,2007-04-10,1.745799994468689,1423.71,18.100000381469727,14.0,37.0,78,17245,31,292.1,False,True,True,937.3,701.0
48,A505,2,2008,2008-09-06,1.839800012111664,875.53,18.700000762939453,3.0,33.0,69,17826,32,292.1,False,True,True,937.3,515.0
48,A505,2,2011,2011-12-07,1.9269999980926515,730.25,20.5,32.0,37.0,59,19583,35,292.1,False,True,True,937.3,1187.0
48,A505,2,2013,2013-06-20,1.9391000151634217,1321.64,18.799999237060547,15.0,43.0,67,20767,37,292.1,False,True,True,937.3,561.0
48,A505,3,2016,2016-03-18,2.3091999769210814,1355.84,19.600000381469727,6.0,25.0,74,22562,40,304.79999999999995,False,True,True,950.0,1002.0
48,A506,1,1991,1991-03-19,1.1812999844551086,1335.19,18.39999961853028,0.0,33.0,75,8285,15,218.4,False,True,True,863.6,0.0
48,A506,2,1992,1992-01-21,1.520799994468689,1427.86,18.0,3.0,25.0,76,8624,16,289.6,False,True,True,934.8,308.0
48,A506,2,1993,1993-02-15,1.461299991607666,1109.86,17.899999618530273,0.0,39.0,73,8996,17,289.6,False,True,True,934.8,391.0
48,A506,2,1994,1994-06-29,1.502399969100952,871.52,18.700000762939453,3.0,29.0,74,9430,18,289.6,False,True,True,934.8,499.0
48,A506,2,1997,1997-06-03,1.5421000242233276,1203.18,18.0,20.0,38.0,73,11103,21,289.6,False,True,True,934.8,1070.0
48,A506,2,2000,2000-11-14,1.3689000010490415,1091.62,19.39999961853028,17.0,34.0,67,13032,24,289.6,False,True,True,934.8,1260.0
48,A506,2,2001,2001-10-29,1.3222000122070312,1340.42,18.5,6.0,33.0,75,13655,25,289.6,False,True,True,934.8,349.0
48,A506,2,2002,2002-01-23,1.2013000011444093,949.15,18.700000762939453,6.0,37.0,71,14332,26,289.6,False,True,True,934.8,86.0
48,A506,2,2003,2003-03-22,1.2815000057220458,855.49,19.200000762939453,7.0,36.0,69,14947,27,289.6,False,True,True,934.8,423.0
48,A506,2,2004,2004-03-02,1.417700004577637,1346.53,19.0,5.0,31.0,73,15518,28,289.6,False,True,True,934.8,346.0
48,A506,2,2005,2005-05-09,1.3932999968528748,644.63,19.799999237060547,4.0,20.0,65,16091,29,289.6,False,True,True,934.8,433.0
48,A506,2,2007,2007-04-10,1.3616999983787537,1423.71,18.100000381469727,14.0,37.0,78,17245,31,289.6,False,True,True,934.8,701.0
48,A506,2,2008,2008-09-06,1.447000002861023,875.53,18.700000762939453,3.0,33.0,69,17826,32,289.6,False,True,True,934.8,515.0
48,A506,2,2011,2011-12-07,1.3868000030517578,730.25,20.5,32.0,37.0,59,19583,35,289.6,False,True,True,934.8,1187.0
48,A506,2,2013,2013-06-20,1.309999978542328,1321.64,18.799999237060547,15.0,43.0,67,20767,37,289.6,False,True,True,934.8,561.0
48,A506,3,2016,2016-03-18,1.7367999792098998,1355.84,19.600000381469727,6.0,25.0,74,22562,40,302.3,False,True,True,947.5,1002.0
48,A507,1,1991,1991-03-19,1.4632000207901,1335.19,18.39999961853028,0.0,33.0,75,8285,15,223.5,False,True,True,815.3,0.0
48,A507,2,1992,1992-01-21,1.449300014972687,1427.86,18.0,3.0,25.0,76,8624,16,365.8,False,True,True,957.6,308.0
48,A507,2,1993,1993-02-15,1.323900008201599,1109.86,17.899999618530273,0.0,39.0,73,8996,17,365.8,False,True,True,957.6,391.0
48,A507,2,1994,1994-06-29,1.4563000082969666,871.52,18.700000762939453,3.0,29.0,74,9430,18,365.8,False,True,True,957.6,499.0
48,A507,2,1997,1997-06-03,1.3591000080108642,1203.18,18.0,20.0,38.0,73,11103,21,365.8,False,True,True,957.6,1070.0
48,A507,2,2000,2000-11-14,1.2683000326156617,1091.62,19.39999961853028,17.0,34.0,67,13032,24,365.8,False,True,True,957.6,1260.0
48,A507,2,2001,2001-10-29,1.2803000092506407,1340.42,18.5,6.0,33.0,75,13655,25,365.8,False,True,True,957.6,349.0
48,A507,2,2002,2002-01-23,1.147599995136261,949.15,18.700000762939453,6.0,37.0,71,14332,26,365.8,False,True,True,957.6,86.0
48,A507,2,2003,2003-03-22,1.252300000190735,855.49,19.200000762939453,7.0,36.0,69,14947,27,365.8,False,True,True,957.6,423.0
48,A507,2,2004,2004-03-02,1.2432999730110168,1346.53,19.0,5.0,31.0,73,15518,28,365.8,False,True,True,957.6,346.0
48,A507,2,2005,2005-05-09,1.278700006008148,644.63,19.799999237060547,4.0,20.0,65,16091,29,365.8,False,True,True,957.6,433.0
48,A507,2,2007,2007-04-10,1.261300003528595,1423.71,18.100000381469727,14.0,37.0,78,17245,31,365.8,False,True,True,957.6,701.0
48,A507,2,2008,2008-09-06,1.2843000173568724,875.53,18.700000762939453,3.0,33.0,69,17826,32,365.8,False,True,True,957.6,515.0
48,A507,2,2011,2011-12-07,1.4935999989509583,730.25,20.5,32.0,37.0,59,19583,35,365.8,False,True,True,957.6,1187.0
48,A507,2,2013,2013-06-20,1.4606000065803528,1321.64,18.799999237060547,15.0,43.0,67,20767,37,365.8,False,True,True,957.6,561.0
48,A507,3,2016,2016-03-18,1.8971000075340272,1355.84,19.600000381469727,6.0,25.0,74,22562,40,378.5,False,True,True,970.3,1002.0
48,A508,1,1991,1991-03-19,1.2575999975204468,1335.19,18.39999961853028,0.0,33.0,75,8285,15,241.3,False,True,True,800.1,0.0
48,A508,2,1992,1992-01-20,1.0641999959945678,1427.86,18.0,3.0,25.0,76,8624,16,393.7000000000001,False,True,True,952.5,307.0
48,A508,2,1993,1993-02-16,1.0983000159263612,1109.86,17.899999618530273,0.0,39.0,73,8996,17,393.7000000000001,False,True,True,952.5,393.0
48,A508,2,1994,1994-06-29,1.1495999932289125,871.52,18.700000762939453,3.0,29.0,74,9430,18,393.7000000000001,False,True,True,952.5,498.0
48,A508,2,1997,1997-06-03,1.1662999987602234,1203.18,18.0,20.0,38.0,73,11103,21,393.7000000000001,False,True,True,952.5,1070.0
48,A508,2,2000,2000-11-14,1.1599000096321106,1091.62,19.39999961853028,17.0,34.0,67,13032,24,393.7000000000001,False,True,True,952.5,1260.0
48,A508,2,2001,2001-10-29,1.1937000036239624,1340.42,18.5,6.0,33.0,75,13655,25,393.7000000000001,False,True,True,952.5,349.0
48,A508,2,2002,2002-01-23,1.0843999981880188,949.15,18.700000762939453,6.0,37.0,71,14332,26,393.7000000000001,False,True,True,952.5,86.0
48,A508,2,2003,2003-03-22,1.1436999917030335,855.49,19.200000762939453,7.0,36.0,69,14947,27,393.7000000000001,False,True,True,952.5,423.0
48,A508,2,2004,2004-03-02,1.1988999962806703,1346.53,19.0,5.0,31.0,73,15518,28,393.7000000000001,False,True,True,952.5,346.0
48,A508,2,2005,2005-05-09,1.23510000705719,644.63,19.799999237060547,4.0,20.0,65,16091,29,393.7000000000001,False,True,True,952.5,433.0
48,A508,2,2007,2007-04-10,1.212499988079071,1423.71,18.100000381469727,14.0,37.0,78,17245,31,393.7000000000001,False,True,True,952.5,701.0
48,A508,2,2008,2008-09-06,1.3472999811172486,875.53,18.700000762939453,3.0,33.0,69,17826,32,393.7000000000001,False,True,True,952.5,515.0
48,A508,2,2011,2011-12-07,1.3593999862670898,730.25,20.5,32.0,37.0,59,19583,35,393.7000000000001,False,True,True,952.5,1187.0
48,A508,2,2013,2013-06-20,1.461199986934662,1321.64,18.799999237060547,15.0,43.0,67,20767,37,393.7000000000001,False,True,True,952.5,561.0
48,A508,3,2016,2016-03-18,1.6046999931335448,1355.84,19.600000381469727,6.0,25.0,74,22562,40,406.4,False,True,True,965.2,1002.0
48,A509,1,1991,1991-03-19,1.9455999970436093,1335.19,18.39999961853028,0.0,33.0,75,8285,15,226.0,False,True,True,800.0,0.0
48,A509,2,1992,1992-01-20,1.2430999875068665,1427.86,18.0,3.0,25.0,76,8624,16,307.29999999999995,False,True,True,881.3,307.0
48,A509,2,1993,1993-02-12,1.2115999937057496,1109.86,17.899999618530273,0.0,39.0,73,8996,17,307.29999999999995,False,True,True,881.3,389.0
48,A509,2,1994,1994-06-29,1.2500999808311462,871.52,18.700000762939453,3.0,29.0,74,9430,18,307.29999999999995,False,True,True,881.3,502.0
48,A509,2,1997,1997-06-03,1.2520999908447266,1203.18,18.0,20.0,38.0,73,11103,21,307.29999999999995,False,True,True,881.3,1070.0
48,A509,2,2000,2000-11-14,1.2143999934196472,1091.62,19.39999961853028,17.0,34.0,67,13032,24,307.29999999999995,False,True,True,881.3,1260.0
48,A509,2,2001,2001-10-29,1.2065999865531922,1340.42,18.5,6.0,33.0,75,13655,25,307.29999999999995,False,True,True,881.3,349.0
48,A509,2,2002,2002-01-23,1.1277999758720398,949.15,18.700000762939453,6.0,37.0,71,14332,26,307.29999999999995,False,True,True,881.3,86.0
48,A509,2,2003,2003-03-22,1.220200002193451,855.49,19.200000762939453,7.0,36.0,69,14947,27,307.29999999999995,False,True,True,881.3,423.0
48,A509,2,2004,2004-03-02,1.2199000120162964,1346.53,19.0,5.0,31.0,73,15518,28,307.29999999999995,False,True,True,881.3,346.0
48,A509,2,2005,2005-05-09,1.2248999953269957,644.63,19.799999237060547,4.0,20.0,65,16091,29,307.29999999999995,False,True,True,881.3,433.0
48,A509,2,2007,2007-04-10,1.2872999906539917,1423.71,18.100000381469727,14.0,37.0,78,17245,31,307.29999999999995,False,True,True,881.3,701.0
48,A509,2,2008,2008-09-06,1.31839998960495,875.53,18.700000762939453,3.0,33.0,69,17826,32,307.29999999999995,False,True,True,881.3,515.0
48,A509,2,2011,2011-12-07,1.3615999937057497,730.25,20.5,32.0,37.0,59,19583,35,307.29999999999995,False,True,True,881.3,1187.0
48,A509,2,2013,2013-06-20,1.3664000034332275,1321.64,18.799999237060547,15.0,43.0,67,20767,37,307.29999999999995,False,True,True,881.3,561.0
48,A509,3,2016,2016-03-18,1.5674000024795531,1355.84,19.600000381469727,6.0,25.0,74,22562,40,320.0,False,True,True,894.0,1002.0
48,B310,1,1990,1990-03-13,1.0597999930381774,1039.3,19.100000381469727,18.0,22.0,72,7938,14,233.7,False,True,True,784.9000000000001,0.0
48,B310,3,1991,1991-03-15,1.595200002193451,1335.19,18.39999961853028,0.0,33.0,75,8285,15,251.5,False,True,True,802.7,367.0
48,B310,3,1993,1993-02-11,1.4791000008583068,1109.86,17.899999618530273,0.0,39.0,73,8996,17,251.5,False,True,True,802.7,699.0
48,B310,3,1994,1994-06-28,1.2896999835968015,871.52,18.700000762939453,3.0,29.0,74,9430,18,251.5,False,True,True,802.7,502.0
48,B310,3,1997,1997-06-03,1.8608999848365784,1203.18,18.0,20.0,38.0,73,11103,21,251.5,False,True,True,802.7,1071.0
48,B310,3,2003,2003-06-10,1.624399995803833,855.49,19.200000762939453,7.0,36.0,69,14947,27,251.5,False,True,True,802.7,2198.0
48,B320,1,1990,1990-03-13,1.0628999948501583,1039.3,19.100000381469727,18.0,22.0,72,7938,14,246.4,False,True,True,797.6,0.0
48,B320,3,1993,1993-02-11,1.286900019645691,1109.86,17.899999618530273,0.0,39.0,73,8996,17,251.5,False,True,True,802.7,1066.0
48,B320,3,1994,1994-06-28,1.136099994182587,871.52,18.700000762939453,3.0,29.0,74,9430,18,251.5,False,True,True,802.7,502.0
48,B320,3,1997,1997-06-03,1.436799991130829,1203.18,18.0,20.0,38.0,73,11103,21,251.5,False,True,True,802.7,1071.0
48,B320,3,2003,2003-06-10,1.5729999899864198,855.49,19.200000762939453,7.0,36.0,69,14947,27,251.5,False,True,True,802.7,2198.0
48,B330,1,1990,1990-03-13,1.4336999893188476,1039.3,19.100000381469727,18.0,22.0,72,7938,14,254.0,False,True,True,805.2,0.0
48,B330,2,1991,1991-03-18,1.4824000120162966,1335.19,18.39999961853028,0.0,33.0,75,8285,15,254.0,False,True,True,805.2,370.0
48,B330,2,1994,1994-06-28,1.6699000120162963,871.52,18.700000762939453,3.0,29.0,74,9430,18,254.0,False,True,True,805.2,1198.0
48,B330,2,1997,1997-06-03,2.4914000153541567,1203.18,18.0,20.0,38.0,73,11103,21,254.0,False,True,True,805.2,1071.0
48,B330,2,2003,2003-06-10,2.4239999771118166,855.49,19.200000762939453,7.0,36.0,69,14947,27,254.0,False,True,True,805.2,2198.0
48,B340,1,1990,1990-03-13,1.7592000126838685,1039.3,19.100000381469727,18.0,22.0,72,7938,14,243.9,False,True,True,795.1,0.0
48,B340,1,1991,1991-03-18,1.8426000118255608,1335.19,18.39999961853028,0.0,33.0,75,8285,15,243.9,False,True,True,795.1,370.0
48,B340,1,1994,1994-06-28,1.999699985980988,871.52,18.700000762939453,3.0,29.0,74,9430,18,243.9,False,True,True,795.1,1198.0
48,B340,1,1997,1997-06-03,2.3829999923706056,1203.18,18.0,20.0,38.0,73,11103,21,243.9,False,True,True,795.1,1071.0
48,B340,2,2003,2003-06-10,2.6457000017166137,855.49,19.200000762939453,7.0,36.0,69,14947,27,243.9,False,True,True,795.1,2198.0
48,B350,1,1990,1990-03-13,1.2126999855041505,1039.3,19.100000381469727,18.0,22.0,72,7938,14,246.3,False,True,True,797.5,0.0
48,B350,3,1991,1991-03-18,1.352400004863739,1335.19,18.39999961853028,0.0,33.0,75,8285,15,253.9,False,True,True,805.1,370.0
48,B350,3,1993,1993-02-11,1.428599977493286,1109.86,17.899999618530273,0.0,39.0,73,8996,17,253.9,False,True,True,805.1,696.0
48,B350,3,1994,1994-06-28,1.5648999929428102,871.52,18.700000762939453,3.0,29.0,74,9430,18,253.9,False,True,True,805.1,502.0
48,B350,3,1997,1997-06-03,1.6693999886512756,1203.18,18.0,20.0,38.0,73,11103,21,253.9,False,True,True,805.1,1071.0
48,B350,4,2002,2002-08-17,2.082150000333786,949.15,18.700000762939453,6.0,37.0,71,14332,26,253.9,False,True,True,805.1,1901.0
48,B350,4,2003,2003-06-10,2.097699975967408,855.49,19.200000762939453,7.0,36.0,69,14947,27,253.9,False,True,True,805.1,297.0
48,D310,2,1990,1990-09-13,0.9179000079631804,588.8,18.39999961853028,11.0,45.0,52,9648,9,274.3,False,True,False,670.5,0.0
48,D310,3,1991,1991-02-26,1.1373000025749205,468.22,17.600000381469727,2.0,54.0,56,11049,10,299.7,False,True,False,695.9,166.0
48,D310,3,1992,1992-11-20,1.1564999938011171,515.68,17.399999618530273,10.0,49.0,60,12492,11,299.7,False,True,False,695.9,633.0
48,D310,3,1994,1994-11-15,1.134499990940094,363.31,19.0,4.0,44.0,50,15372,13,299.7,False,True,False,695.9,725.0
48,D320,2,1990,1990-09-13,0.7830999970436097,588.8,18.39999961853028,11.0,45.0,52,9648,9,266.7,False,True,False,662.9,0.0
48,D320,3,1991,1991-02-26,0.833899998664856,468.22,17.600000381469727,2.0,54.0,56,11049,10,269.2,False,True,False,665.4,166.0
48,D320,3,1992,1992-11-20,0.7614000022411347,515.68,17.399999618530273,10.0,49.0,60,12492,11,269.2,False,True,False,665.4,633.0
48,D330,2,1990,1990-09-13,0.9123000025749206,588.8,18.39999961853028,11.0,45.0,52,9648,9,289.5,False,True,False,685.6999999999999,0.0
48,D330,4,1991,1991-02-26,1.0476000010967257,468.22,17.600000381469727,2.0,54.0,56,11049,10,292.0,False,True,False,688.1999999999999,166.0
48,D330,4,1992,1992-11-20,0.9499000012874604,515.68,17.399999618530273,10.0,49.0,60,12492,11,292.0,False,True,False,688.1999999999999,633.0
48,D350,2,1990,1990-09-13,0.9355000019073488,588.8,18.39999961853028,11.0,45.0,52,9648,9,276.8,False,True,False,673.0,0.0
48,D350,3,1991,1991-02-26,1.1378000020980834,468.22,17.600000381469727,2.0,54.0,56,11049,10,279.3,False,True,False,675.5,166.0
48,D350,3,1992,1992-11-20,0.9226999998092652,515.68,17.399999618530273,10.0,49.0,60,12492,11,279.3,False,True,False,675.5,633.0
48,D350,3,1994,1994-11-15,0.9784000039100648,363.31,19.0,4.0,44.0,50,15372,13,279.3,False,True,False,675.5,725.0
48,E310,3,1991,1991-02-25,1.02950000166893,464.2,16.700000762939453,8.0,69.0,55,19364,17,170.2,False,False,False,383.6,0.0
48,E310,3,1992,1992-11-19,1.2802000045776367,624.22,16.299999237060547,12.0,54.0,60,19968,18,170.2,False,False,False,383.6,633.0
48,E310,3,1994,1994-04-17,1.5645000100135804,307.6,17.899999618530273,7.0,51.0,49,20627,20,170.2,False,False,False,383.6,514.0
48,E320,2,1990,1990-09-12,2.490699982643127,598.0,17.5,16.0,56.0,50,18956,16,154.9,False,False,False,368.3,0.0
48,E320,3,1991,1991-02-25,2.1562999844551083,464.2,16.700000762939453,8.0,69.0,55,19364,17,160.0,False,False,False,373.4,166.0
48,E320,5,1992,1992-11-19,2.1830999851226807,624.22,16.299999237060547,12.0,54.0,60,19968,18,160.0,False,False,False,373.4,633.0
48,E330,2,1990,1990-09-12,2.48580002784729,598.0,17.5,16.0,56.0,50,18956,16,160.0,False,False,False,373.4,0.0
48,E330,2,1991,1991-02-25,2.852999997138977,464.2,16.700000762939453,8.0,69.0,55,19364,17,160.0,False,False,False,373.4,166.0
48,E330,4,1992,1992-11-19,3.276400017738342,624.22,16.299999237060547,12.0,54.0,60,19968,18,160.0,False,False,False,373.4,633.0
48,E330,4,1994,1994-04-18,3.911400008201599,307.6,17.899999618530273,7.0,51.0,49,20627,20,160.0,False,False,False,373.4,515.0
48,E340,2,1990,1990-09-12,2.673799991607666,598.0,17.5,16.0,56.0,50,18956,16,152.4,False,False,False,365.8,0.0
48,E340,2,1991,1991-02-25,3.0171000003814696,464.2,16.700000762939453,8.0,69.0,55,19364,17,152.4,False,False,False,365.8,166.0
48,E340,4,1992,1992-11-19,3.009499979019165,624.22,16.299999237060547,12.0,54.0,60,19968,18,152.4,False,False,False,365.8,633.0
48,E340,4,1994,1994-04-18,3.512700009346008,307.6,17.899999618530273,7.0,51.0,49,20627,20,152.4,False,False,False,365.8,515.0
48,E350,2,1990,1990-09-12,1.8823000073432925,598.0,17.5,16.0,56.0,50,18956,16,154.9,False,False,False,368.3,0.0
48,E350,3,1991,1991-02-26,1.8932000041008,464.2,16.700000762939453,8.0,69.0,55,19364,17,162.5,False,False,False,375.9,167.0
48,E350,5,1992,1992-11-19,2.0852000236511232,624.22,16.299999237060547,12.0,54.0,60,19968,18,162.5,False,False,False,375.9,632.0
48,E350,5,1994,1994-04-18,2.057299995422363,307.6,17.899999618530273,7.0,51.0,49,20627,20,162.5,False,False,False,375.9,515.0
48,E352,2,1990,1990-09-12,2.3914999961853027,598.0,17.5,16.0,56.0,50,18956,16,170.2,False,False,False,383.6,0.0
48,E352,3,1991,1991-02-26,2.55169997215271,464.2,16.700000762939453,8.0,69.0,55,19364,17,180.4,False,False,False,393.8,167.0
48,E352,3,1992,1992-11-19,2.607200002670288,624.22,16.299999237060547,12.0,54.0,60,19968,18,180.4,False,False,False,393.8,632.0
48,F310,1,1990,1990-08-28,1.151900005340576,1141.06,18.799999237060547,19.0,22.0,74,1242,4,53.3,False,False,True,561.3,0.0
48,F310,2,1991,1991-03-21,1.869100022315979,1439.81,18.100000381469727,0.0,28.0,78,1428,5,78.7,False,False,True,586.7,205.0
48,F310,2,1993,1993-02-16,1.8324000120162964,1180.53,17.600000381469727,0.0,38.0,75,1969,7,78.7,False,False,True,586.7,698.0
48,F310,2,1994,1994-10-28,1.970200002193451,1012.4,18.39999961853028,3.0,33.0,76,2439,8,78.7,False,False,True,586.7,619.0
48,F310,2,1997,1997-06-03,2.476599991321564,1428.59,17.700000762939453,20.0,37.0,75,3459,11,78.7,False,False,True,586.7,949.0
48,F320,1,1990,1990-08-28,1.069300001859665,1141.06,18.799999237060547,19.0,22.0,74,1242,4,45.7,False,False,True,553.7,0.0
48,F320,2,1991,1991-03-21,1.3723000049591063,1439.81,18.100000381469727,0.0,28.0,78,1428,5,48.2,False,False,True,556.2,205.0
48,F320,2,1993,1993-02-17,1.3606999874114991,1180.53,17.600000381469727,0.0,38.0,75,1969,7,48.2,False,False,True,556.2,699.0
48,F320,3,1994,1994-10-28,1.439300012588501,1012.4,18.39999961853028,3.0,33.0,76,2439,8,48.2,False,False,True,556.2,618.0
48,F320,3,1997,1997-06-03,2.8073999881744385,1428.59,17.700000762939453,20.0,37.0,75,3459,11,48.2,False,False,True,556.2,949.0
48,F330,1,1990,1990-08-28,0.8993000149726867,1141.06,18.799999237060547,19.0,22.0,74,1242,4,38.1,False,False,True,546.1,0.0
48,F330,2,1991,1991-03-21,0.9094999969005584,1439.81,18.100000381469727,0.0,28.0,78,1428,5,38.1,False,False,True,546.1,205.0
48,F330,2,1993,1993-02-17,0.911000007390976,1180.53,17.600000381469727,0.0,38.0,75,1969,7,38.1,False,False,True,546.1,699.0
48,F330,3,1994,1994-10-28,1.019300001859665,1012.4,18.39999961853028,3.0,33.0,76,2439,8,38.1,False,False,True,546.1,618.0
48,F330,4,1997,1997-06-03,2.3400999903678894,1428.59,17.700000762939453,20.0,37.0,75,3459,11,38.1,False,False,True,546.1,949.0
48,F340,1,1990,1990-08-29,0.8029000103473664,1141.06,18.799999237060547,19.0,22.0,74,1242,4,53.3,False,False,True,561.3,0.0
48,F340,1,1991,1991-03-21,0.841899996995926,1439.81,18.100000381469727,0.0,28.0,78,1428,5,53.3,False,False,True,561.3,204.0
48,F340,1,1993,1993-02-17,0.9240000009536744,1180.53,17.600000381469727,0.0,38.0,75,1969,7,53.3,False,False,True,561.3,699.0
48,F340,1,1994,1994-10-28,1.155299997329712,1012.4,18.39999961853028,3.0,33.0,76,2439,8,53.3,False,False,True,561.3,618.0
48,F340,1,1997,1997-06-03,2.408200025558472,1428.59,17.700000762939453,20.0,37.0,75,3459,11,53.3,False,False,True,561.3,949.0
48,F350,1,1990,1990-08-29,1.1425999879837037,1141.06,18.799999237060547,19.0,22.0,74,1242,4,43.1,False,False,True,551.1,0.0
48,F350,2,1991,1991-03-21,1.2503000020980837,1439.81,18.100000381469727,0.0,28.0,78,1428,5,50.7,False,False,True,558.6999999999999,204.0
48,F350,3,1993,1993-02-17,1.418500006198883,1180.53,17.600000381469727,0.0,38.0,75,1969,7,50.7,False,False,True,558.7,699.0
48,F350,4,1994,1994-10-28,2.99099999666214,1012.4,18.39999961853028,3.0,33.0,76,2439,8,50.7,False,False,True,558.7,618.0
48,G310,1,1990,1990-04-23,1.6123999953269958,1234.37,19.200000762939453,15.0,21.0,75,4402,19,55.9,False,False,False,342.9,0.0
48,G310,2,1991,1991-03-25,1.8675999999046329,1708.08,18.299999237060547,0.0,26.0,80,4548,20,86.4,False,False,False,373.4,336.0
48,G310,2,1993,1993-02-18,1.7817999958992004,1381.69,17.899999618530273,1.0,35.0,76,4837,22,86.4,False,False,False,373.4,696.0
48,G310,2,1994,1994-10-31,1.8050000071525567,1186.84,18.700000762939453,0.0,31.0,78,4980,23,86.4,False,False,False,373.4,620.0
48,G310,2,1997,1997-06-06,2.157599985599518,1545.78,18.0,9.0,32.0,78,5471,26,86.4,False,False,False,373.4,949.0
48,G310,2,2000,2000-05-14,2.147499990463257,1161.57,19.5,10.0,34.0,70,6011,29,86.4,False,False,False,373.4,1073.0
48,G320,1,1990,1990-04-23,1.025100004673004,1234.37,19.200000762939453,15.0,21.0,75,4402,19,48.3,False,False,False,335.3,0.0
48,G320,2,1991,1991-03-25,1.10450000166893,1708.08,18.299999237060547,0.0,26.0,80,4548,20,50.8,False,False,False,337.8,336.0
48,G320,2,1993,1993-02-19,1.07260000705719,1381.69,17.899999618530273,1.0,35.0,76,4837,22,50.8,False,False,False,337.8,697.0
48,G320,2,1994,1994-10-31,1.1788000106811525,1186.84,18.700000762939453,0.0,31.0,78,4980,23,50.8,False,False,False,337.8,619.0
48,G320,2,1997,1997-06-06,1.1482000231742855,1545.78,18.0,9.0,32.0,78,5471,26,50.8,False,False,False,337.8,949.0
48,G320,2,2000,2000-05-14,1.2417999982833865,1161.57,19.5,10.0,34.0,70,6011,29,50.8,False,False,False,337.8,1073.0
48,G330,1,1990,1990-04-23,1.0712999999523165,1234.37,19.200000762939453,15.0,21.0,75,4402,19,58.400000000000006,False,False,False,345.40000000000003,0.0
48,G330,1,1991,1991-03-25,1.0697999954223634,1708.08,18.299999237060547,0.0,26.0,80,4548,20,58.400000000000006,False,False,False,345.40000000000003,336.0
48,G330,1,1993,1993-02-19,1.1298999905586242,1381.69,17.899999618530273,1.0,35.0,76,4837,22,58.400000000000006,False,False,False,345.40000000000003,697.0
48,G330,1,1997,1997-06-06,1.185700011253357,1545.78,18.0,9.0,32.0,78,5471,26,58.400000000000006,False,False,False,345.40000000000003,1568.0
48,G330,1,2000,2000-05-14,1.1285999894142151,1161.57,19.5,10.0,34.0,70,6011,29,58.400000000000006,False,False,False,345.40000000000003,1073.0
48,G350,1,1990,1990-04-23,1.712499976158142,1234.37,19.200000762939453,15.0,21.0,75,4402,19,55.9,False,False,False,342.9,0.0
48,G350,2,1991,1991-03-25,1.786800003051758,1708.08,18.299999237060547,0.0,26.0,80,4548,20,61.0,False,False,False,348.0,336.0
48,G350,4,1993,1993-02-19,1.6451000094413757,1381.69,17.899999618530273,1.0,35.0,76,4837,22,61.0,False,False,False,348.0,697.0
48,G350,5,1997,1997-06-06,2.381299996376038,1545.78,18.0,9.0,32.0,78,5471,26,61.0,False,False,False,348.0,1568.0
48,H310,1,1990,1990-03-16,1.4233999967575073,1162.11,20.700000762939453,4.0,13.0,75,1432,6,45.7,False,False,True,454.6,0.0
48,H310,2,1991,1991-04-04,0.77950000166893,1547.92,19.5,0.0,13.0,81,1593,7,76.2,False,False,True,485.1,384.0
48,H310,2,1992,1992-11-03,0.8253999948501587,1378.75,19.600000381469727,0.0,10.0,78,1764,8,76.2,False,False,True,485.1,579.0
48,H310,2,1994,1994-11-03,0.872299998998642,1048.72,20.0,0.0,19.0,78,2114,10,76.2,False,False,True,485.1,730.0
48,H310,2,1996,1996-11-18,0.872299998998642,1171.34,20.200000762939453,10.0,32.0,73,2673,12,76.2,False,False,True,485.1,746.0
48,H320,1,1990,1990-03-16,1.4764999985694884,1162.11,20.700000762939453,4.0,13.0,75,1432,6,48.3,False,False,True,457.2,0.0
48,H320,2,1991,1991-04-04,1.4829000115394593,1547.92,19.5,0.0,13.0,81,1593,7,53.400000000000006,False,False,True,462.3,384.0
48,H320,2,1992,1992-11-03,1.4906999945640564,1378.75,19.600000381469727,0.0,10.0,78,1764,8,53.400000000000006,False,False,True,462.3,579.0
48,H320,2,1994,1994-11-03,1.6255000114440916,1048.72,20.0,0.0,19.0,78,2114,10,53.400000000000006,False,False,True,462.3,730.0
48,H320,2,1996,1996-11-18,1.640000009536743,1171.34,20.200000762939453,10.0,32.0,73,2673,12,53.400000000000006,False,False,True,462.3,746.0
48,H330,1,1990,1990-03-16,1.0506999909877777,1162.11,20.700000762939453,4.0,13.0,75,1432,6,45.7,False,False,True,454.6,0.0
48,H330,2,1992,1992-11-03,1.141000008583069,1378.75,19.600000381469727,0.0,10.0,78,1764,8,45.7,False,False,True,454.6,963.0
48,H330,3,1994,1994-11-03,1.2501999974250793,1048.72,20.0,0.0,19.0,78,2114,10,45.7,False,False,True,454.6,730.0
48,H330,3,1996,1996-11-19,1.2669000029563904,1171.34,20.200000762939453,10.0,32.0,73,2673,12,45.7,False,False,True,454.6,747.0
48,H340,1,1990,1990-03-16,1.0999000072479248,1162.11,20.700000762939453,4.0,13.0,75,1432,6,53.3,False,False,True,462.2,0.0
48,H340,1,1991,1991-04-04,1.1776000022888184,1547.92,19.5,0.0,13.0,81,1593,7,53.3,False,False,True,462.2,384.0
48,H340,1,1992,1992-11-03,1.238700008392334,1378.75,19.600000381469727,0.0,10.0,78,1764,8,53.3,False,False,True,462.2,579.0
48,H340,1,1994,1994-11-03,1.3433000087738036,1048.72,20.0,0.0,19.0,78,2114,10,53.3,False,False,True,462.2,730.0
48,H340,1,1996,1996-11-19,1.3388000011444092,1171.34,20.200000762939453,10.0,32.0,73,2673,12,53.3,False,False,True,462.2,747.0
48,H350,1,1990,1990-03-16,1.1849999904632569,1162.11,20.700000762939453,4.0,13.0,75,1432,6,50.8,False,False,True,459.7,0.0
48,H350,2,1991,1991-04-04,1.3835999846458436,1547.92,19.5,0.0,13.0,81,1593,7,55.900000000000006,False,False,True,464.8,384.0
48,H350,2,1992,1992-11-03,1.4340999841690063,1378.75,19.600000381469727,0.0,10.0,78,1764,8,55.900000000000006,False,False,True,464.8,579.0
48,H350,2,1994,1994-11-03,1.5111000061035156,1048.72,20.0,0.0,19.0,78,2114,10,55.900000000000006,False,False,True,464.8,730.0
48,H350,2,1996,1996-11-19,1.5144000053405762,1171.34,20.200000762939453,10.0,32.0,73,2673,12,55.900000000000006,False,False,True,464.8,747.0
48,H351,2,1992,1992-11-03,2.045299983024597,1378.75,19.600000381469727,0.0,10.0,78,1764,8,43.1,False,False,True,474.9,0.0
48,H351,2,1994,1994-11-03,2.169700002670288,1048.72,20.0,0.0,19.0,78,2114,10,43.1,False,False,True,474.9,730.0
48,H351,2,1996,1996-11-18,2.1588999748229982,1171.34,20.200000762939453,10.0,32.0,73,2673,12,43.1,False,False,True,474.9,746.0
48,I310,1,1990,1990-03-15,1.3985999941825866,1162.11,20.700000762939453,4.0,13.0,75,3759,21,215.9,False,False,False,375.9,0.0
48,I310,2,1992,1992-11-04,1.0624000012874604,1378.75,19.600000381469727,0.0,10.0,78,4029,23,231.1,False,False,False,391.1,965.0
48,I310,2,1994,1994-11-02,1.0987999916076658,1048.72,20.0,0.0,19.0,78,4391,25,231.1,False,False,False,391.1,728.0
48,I310,2,1997,1997-06-09,1.3163999915122986,1334.83,19.39999961853028,1.0,22.0,79,4992,28,231.1,False,False,False,391.1,950.0
48,I310,2,1998,1998-03-26,1.2799999952316283,1608.38,21.200000762939453,0.0,9.0,76,5212,29,231.1,False,False,False,391.1,290.0
48,I310,2,1999,1999-02-15,1.1712999939918518,863.78,21.200000762939453,1.0,8.0,72,5420,30,231.1,False,False,False,391.1,326.0
48,I320,1,1990,1990-03-15,1.3348000049591064,1162.11,20.700000762939453,4.0,13.0,75,3759,21,205.7,False,False,False,365.7,0.0
48,I320,2,1992,1992-11-04,1.2447999954223632,1378.75,19.600000381469727,0.0,10.0,78,4029,23,210.8,False,False,False,370.8,965.0
48,I320,2,1994,1994-11-02,1.312600004673004,1048.72,20.0,0.0,19.0,78,4391,25,210.8,False,False,False,370.8,728.0
48,I320,2,1997,1997-06-09,1.2966999888420103,1334.83,19.39999961853028,1.0,22.0,79,4992,28,210.8,False,False,False,370.8,950.0
48,I320,2,1998,1998-03-26,1.2874000072479248,1608.38,21.200000762939453,0.0,9.0,76,5212,29,210.8,False,False,False,370.8,290.0
48,I330,1,1990,1990-03-15,1.4281999945640562,1162.11,20.700000762939453,4.0,13.0,75,3759,21,190.5,False,False,False,350.5,0.0
48,I330,1,1992,1992-11-04,1.413699996471405,1378.75,19.600000381469727,0.0,10.0,78,4029,23,190.5,False,False,False,350.5,965.0
48,I330,1,1997,1997-06-09,1.5534000039100646,1334.83,19.39999961853028,1.0,22.0,79,4992,28,190.5,False,False,False,350.5,1678.0
48,I330,1,1998,1998-03-26,1.4647000074386596,1608.38,21.200000762939453,0.0,9.0,76,5212,29,190.5,False,False,False,350.5,290.0
48,I340,1,1990,1990-03-15,0.7566999971866608,1162.11,20.700000762939453,4.0,13.0,75,3759,21,185.4,False,False,False,345.4,0.0
48,I340,1,1992,1992-11-04,0.7474000036716462,1378.75,19.600000381469727,0.0,10.0,78,4029,23,185.4,False,False,False,345.4,965.0
48,I340,1,1997,1997-06-09,0.8443999946117401,1334.83,19.39999961853028,1.0,22.0,79,4992,28,185.4,False,False,False,345.4,1678.0
48,I340,1,1998,1998-03-26,0.7346999943256378,1608.38,21.200000762939453,0.0,9.0,76,5212,29,185.4,False,False,False,345.4,290.0
48,I350,1,1990,1990-03-15,0.8850000023841857,1162.11,20.700000762939453,4.0,13.0,75,3759,21,236.2,False,False,False,396.2,0.0
48,I350,2,1992,1992-11-04,1.000499999523163,1378.75,19.600000381469727,0.0,10.0,78,4029,23,238.7,False,False,False,398.7,965.0
48,I350,2,1994,1994-11-02,1.0663999974727632,1048.72,20.0,0.0,19.0,78,4391,25,238.7,False,False,False,398.7,728.0
48,I350,2,1997,1997-06-09,1.1044999957084656,1334.83,19.39999961853028,1.0,22.0,79,4992,28,238.7,False,False,False,398.7,950.0
48,I350,2,1998,1998-03-26,0.9867999851703644,1608.38,21.200000762939453,0.0,9.0,76,5212,29,238.7,False,False,False,398.7,290.0
48,J310,1,1990,1990-04-05,1.0571000039577485,702.87,22.299999237060547,0.0,5.0,67,2854,17,111.7,False,False,False,721.3,0.0
48,J310,2,1992,1992-12-21,1.1223000049591063,1033.79,20.799999237060547,0.0,4.0,75,3167,19,134.6,False,False,False,744.2,991.0
48,J310,2,1993,1993-07-26,1.143099993467331,928.28,21.100000381469727,0.0,11.0,69,3343,20,134.6,False,False,False,744.2,217.0
48,J310,2,1995,1995-12-01,1.1218999803066254,671.82,22.299999237060547,0.0,6.0,66,3679,22,134.6,False,False,False,744.2,858.0
48,J310,2,1997,1997-08-18,1.1686999917030334,1173.24,21.0,0.0,18.0,71,4248,24,134.6,False,False,False,744.2,626.0
48,J320,2,1992,1992-12-21,1.2384000062942504,1033.79,20.799999237060547,0.0,4.0,75,3167,19,106.6,False,False,False,716.1999999999999,0.0
48,J320,2,1993,1993-07-26,1.299400019645691,928.28,21.100000381469727,0.0,11.0,69,3343,20,106.6,False,False,False,716.1999999999999,217.0
48,J320,2,1997,1997-08-18,1.3218000054359438,1173.24,21.0,0.0,18.0,71,4248,24,106.6,False,False,False,716.1999999999999,1484.0
48,J330,1,1993,1993-07-26,1.3114999890327457,928.28,21.100000381469727,0.0,11.0,69,3343,20,99.0,False,False,False,708.6,0.0
48,J330,1,1995,1995-12-01,1.386199986934662,671.82,22.299999237060547,0.0,6.0,66,3679,22,99.0,False,False,False,708.6,858.0
48,J330,1,1997,1997-08-18,1.5120999813079834,1173.24,21.0,0.0,18.0,71,4248,24,99.0,False,False,False,708.6,626.0
48,J340,1,1990,1990-04-05,1.1889999866485597,702.87,22.299999237060547,0.0,5.0,67,2854,17,101.6,False,False,False,711.2,0.0
48,J340,1,1992,1992-12-21,1.221000003814697,1033.79,20.799999237060547,0.0,4.0,75,3167,19,101.6,False,False,False,711.2,991.0
48,J340,1,1993,1993-07-26,1.220200002193451,928.28,21.100000381469727,0.0,11.0,69,3343,20,101.6,False,False,False,711.2,217.0
48,J340,1,1995,1995-12-01,1.2944000005722045,671.82,22.299999237060547,0.0,6.0,66,3679,22,101.6,False,False,False,711.2,858.0
48,J340,1,1997,1997-08-18,1.3384999990463258,1173.24,21.0,0.0,18.0,71,4248,24,101.6,False,False,False,711.2,626.0
48,J350,2,1991,1991-04-10,1.0435999929904938,1108.81,21.700000762939453,0.0,5.0,70,3002,18,101.6,False,False,False,711.2,0.0
48,J350,2,1992,1992-12-21,0.9875999987125396,1033.79,20.799999237060547,0.0,4.0,75,3167,19,101.6,False,False,False,711.2,621.0
48,J350,2,1993,1993-07-26,1.04549999833107,928.28,21.100000381469727,0.0,11.0,69,3343,20,101.6,False,False,False,711.2,217.0
48,J350,2,1995,1995-12-01,1.0293999910354614,671.82,22.299999237060547,0.0,6.0,66,3679,22,101.6,False,False,False,711.2,858.0
48,J350,2,1997,1997-08-18,1.057100009918213,1173.24,21.0,0.0,18.0,71,4248,24,101.6,False,False,False,711.2,626.0
48,J351,2,1991,1991-04-10,1.6154000163078308,1108.81,21.700000762939453,0.0,5.0,70,3002,18,99.0,False,False,False,708.6,0.0
48,J351,2,1992,1992-12-21,1.5366999983787537,1033.79,20.799999237060547,0.0,4.0,75,3167,19,99.0,False,False,False,708.6,621.0
48,J351,2,1993,1993-07-26,1.6050999879837036,928.28,21.100000381469727,0.0,11.0,69,3343,20,99.0,False,False,False,708.6,217.0
48,J351,2,1995,1995-12-01,1.5108999967575074,671.82,22.299999237060547,0.0,6.0,66,3679,22,99.0,False,False,False,708.6,858.0
48,J351,2,1997,1997-08-18,1.6128000140190126,1173.24,21.0,0.0,18.0,71,4248,24,99.0,False,False,False,708.6,626.0
48,K310,1,1990,1990-04-06,1.022599995136261,757.29,21.100000381469727,0.0,6.0,67,541,5,48.3,False,False,False,287.1,0.0
48,K310,3,1991,1991-04-12,1.2184999883174896,1128.27,20.39999961853028,0.0,7.0,69,630,6,68.6,False,False,False,307.40000000000003,371.0
48,K310,3,1992,1992-12-15,1.185699999332428,1021.35,19.700000762939453,0.0,9.0,74,748,7,68.6,False,False,False,307.40000000000003,613.0
48,K310,3,1994,1994-10-03,1.1793000102043152,894.79,20.799999237060547,0.0,14.0,70,953,9,68.6,False,False,False,307.40000000000003,657.0
48,K310,3,1997,1997-11-21,1.3542999863624572,898.8,19.700000762939453,3.0,19.0,70,1185,12,68.6,False,False,False,307.40000000000003,1145.0
48,K310,3,1998,1998-07-07,1.4505000114440918,1220.91,21.39999961853028,1.0,8.0,69,1290,13,68.6,False,False,False,307.40000000000003,228.0
48,K320,1,1990,1990-04-06,1.534600019454956,757.29,21.100000381469727,0.0,6.0,67,541,5,50.8,False,False,False,289.6,0.0
48,K320,3,1991,1991-04-12,1.5699999928474426,1128.27,20.39999961853028,0.0,7.0,69,630,6,55.900000000000006,False,False,False,294.7,371.0
48,K320,3,1992,1992-12-15,1.6695999979972838,1021.35,19.700000762939453,0.0,9.0,74,748,7,55.900000000000006,False,False,False,294.7,613.0
48,K320,3,1994,1994-10-03,1.7353999972343446,894.79,20.799999237060547,0.0,14.0,70,953,9,55.900000000000006,False,False,False,294.7,657.0
48,K320,3,1997,1997-11-21,1.739800012111664,898.8,19.700000762939453,3.0,19.0,70,1185,12,55.900000000000006,False,False,False,294.7,1145.0
48,K320,3,1998,1998-07-07,1.940999972820282,1220.91,21.39999961853028,1.0,8.0,69,1290,13,55.900000000000006,False,False,False,294.7,228.0
48,K330,1,1990,1990-04-06,1.011999994516373,757.29,21.100000381469727,0.0,6.0,67,541,5,40.6,False,False,False,279.4,0.0
48,K330,1,1991,1991-04-12,0.9711000144481658,1128.27,20.39999961853028,0.0,7.0,69,630,6,40.6,False,False,False,279.4,371.0
48,K330,1,1992,1992-12-15,0.9712999999523162,1021.35,19.700000762939453,0.0,9.0,74,748,7,40.6,False,False,False,279.4,613.0
48,K330,1,1994,1994-10-03,1.0258999943733216,894.79,20.799999237060547,0.0,14.0,70,953,9,40.6,False,False,False,279.4,657.0
48,K330,1,1997,1997-11-21,1.020200008153915,898.8,19.700000762939453,3.0,19.0,70,1185,12,40.6,False,False,False,279.4,1145.0
48,K330,1,1998,1998-07-07,1.0487999975681306,1220.91,21.39999961853028,1.0,8.0,69,1290,13,40.6,False,False,False,279.4,228.0
48,K340,1,1990,1990-04-06,1.2618000209331512,757.29,21.100000381469727,0.0,6.0,67,541,5,35.599999999999994,False,False,False,274.4,0.0
48,K340,1,1991,1991-04-12,1.3296000003814696,1128.27,20.39999961853028,0.0,7.0,69,630,6,35.599999999999994,False,False,False,274.4,371.0
48,K340,1,1992,1992-12-15,1.6019999861717222,1021.35,19.700000762939453,0.0,9.0,74,748,7,35.599999999999994,False,False,False,274.4,613.0
48,K340,1,1994,1994-10-03,1.8157000064849853,894.79,20.799999237060547,0.0,14.0,70,953,9,35.599999999999994,False,False,False,274.4,657.0
48,K340,1,1997,1997-11-21,2.962100005149841,898.8,19.700000762939453,3.0,19.0,70,1185,12,35.599999999999994,False,False,False,274.4,1145.0
48,K340,1,1998,1998-07-07,3.0479000091552733,1220.91,21.39999961853028,1.0,8.0,69,1290,13,35.599999999999994,False,False,False,274.4,228.0
48,K350,1,1990,1990-04-06,1.2414000153541564,757.29,21.100000381469727,0.0,6.0,67,541,5,38.1,False,False,False,276.90000000000003,0.0
48,K350,3,1991,1991-04-12,1.38879998922348,1128.27,20.39999961853028,0.0,7.0,69,630,6,45.7,False,False,False,284.5,371.0
48,K350,3,1992,1992-12-15,1.4305999994277954,1021.35,19.700000762939453,0.0,9.0,74,748,7,45.7,False,False,False,284.5,613.0
48,K350,3,1994,1994-10-03,1.5223000049591064,894.79,20.799999237060547,0.0,14.0,70,953,9,45.7,False,False,False,284.5,657.0
48,K350,3,1997,1997-11-21,1.6991999983787536,898.8,19.700000762939453,3.0,19.0,70,1185,12,45.7,False,False,False,284.5,1145.0
48,K350,3,1998,1998-07-07,1.748699998855591,1220.91,21.39999961853028,1.0,8.0,69,1290,13,45.7,False,False,False,284.5,228.0
48,K351,1,1990,1990-04-06,1.5141999959945678,757.29,21.100000381469727,0.0,6.0,67,541,5,45.7,False,False,False,284.5,0.0
48,K351,3,1991,1991-04-12,1.7034999966621398,1128.27,20.39999961853028,0.0,7.0,69,630,6,55.900000000000006,False,False,False,294.7,371.0
48,K351,3,1992,1992-12-15,1.833499991893768,1021.35,19.700000762939453,0.0,9.0,74,748,7,55.900000000000006,False,False,False,294.7,613.0
48,K351,3,1994,1994-10-03,1.94670000076294,894.79,20.799999237060547,0.0,14.0,70,953,9,55.900000000000006,False,False,False,294.7,657.0
48,L310,2,1990,1990-09-14,1.3888999938964846,289.34,16.600000381469727,6.0,64.0,42,2898,15,53.400000000000006,False,False,False,266.8,0.0
48,L310,2,1991,1991-02-18,1.4566999793052673,281.91,15.800000190734863,3.0,63.0,47,3078,16,53.400000000000006,False,False,False,266.8,157.0
48,L310,3,1992,1992-11-12,1.016100013256073,197.58,16.200000762939453,10.0,64.0,48,3154,17,78.8,False,False,False,292.2,633.0
48,L310,3,1997,1997-03-06,1.0428999960422516,250.04,16.899999618530273,13.0,59.0,42,4670,22,78.8,False,False,False,292.2,1575.0
48,L320,2,1990,1990-09-14,1.3205999970436095,289.34,16.600000381469727,6.0,64.0,42,2898,15,55.900000000000006,False,False,False,269.3,0.0
48,L320,3,1991,1991-02-18,1.280999982357025,281.91,15.800000190734863,3.0,63.0,47,3078,16,58.400000000000006,False,False,False,271.8,157.0
48,L320,3,1997,1997-03-06,1.6376999974250794,250.04,16.899999618530273,13.0,59.0,42,4670,22,58.400000000000006,False,False,False,271.8,2208.0
48,L330,1,1990,1990-09-14,1.5394999861717225,289.34,16.600000381469727,6.0,64.0,42,2898,15,50.8,False,False,False,264.2,0.0
48,L330,2,1991,1991-02-18,1.6383000016212463,281.91,15.800000190734863,3.0,63.0,47,3078,16,50.8,False,False,False,264.2,157.0
48,L330,2,1992,1992-11-13,1.9775999784469604,197.58,16.200000762939453,10.0,64.0,48,3154,17,50.8,False,False,False,264.2,634.0
48,L330,2,1994,1994-10-12,1.8792999982833865,208.24,17.700000762939453,1.0,48.0,38,3610,19,50.8,False,False,False,264.2,698.0
48,L330,2,1997,1997-03-06,2.9149999856948856,250.04,16.899999618530273,13.0,59.0,42,4670,22,50.8,False,False,False,264.2,876.0
48,L340,1,1990,1990-09-14,1.464799988269806,289.34,16.600000381469727,6.0,64.0,42,2898,15,50.8,False,False,False,264.2,0.0
48,L340,1,1991,1991-02-18,1.4988000035285949,281.91,15.800000190734863,3.0,63.0,47,3078,16,50.8,False,False,False,264.2,157.0
48,L340,1,1992,1992-11-16,1.8192999958992004,197.58,16.200000762939453,10.0,64.0,48,3154,17,50.8,False,False,False,264.2,637.0
48,L340,1,1997,1997-03-06,3.076399993896485,250.04,16.899999618530273,13.0,59.0,42,4670,22,50.8,False,False,False,264.2,1571.0
48,L350,2,1990,1990-09-14,1.7771000027656556,289.34,16.600000381469727,6.0,64.0,42,2898,15,50.8,False,False,False,264.2,0.0
48,L350,3,1991,1991-02-18,1.6391999840736389,281.91,15.800000190734863,3.0,63.0,47,3078,16,55.900000000000006,False,False,False,269.3,157.0
48,L350,3,1992,1992-11-16,2.085599994659424,197.58,16.200000762939453,10.0,64.0,48,3154,17,55.900000000000006,False,False,False,269.3,637.0
48,L350,3,1994,1994-10-12,1.9050999760627745,208.24,17.700000762939453,1.0,48.0,38,3610,19,55.900000000000006,False,False,False,269.3,695.0
48,L350,3,1997,1997-03-06,2.8235999584198,250.04,16.899999618530273,13.0,59.0,42,4670,22,55.900000000000006,False,False,False,269.3,876.0
48,M310,1,1990,1990-03-28,1.3537999987602234,514.57,23.299999237060547,0.0,2.0,64,3377,10,48.2,False,False,True,477.4,0.0
48,M310,2,1991,1991-04-17,1.663700008392334,800.88,22.799999237060547,0.0,0.0,67,3535,11,63.400000000000006,False,False,True,492.6,385.0
48,M310,2,1992,1992-03-23,1.6569000244140624,654.88,21.89999961853028,0.0,2.0,72,3741,12,63.400000000000006,False,False,True,492.6,341.0
48,M310,2,1993,1993-08-04,1.759600007534027,561.21,22.39999961853028,0.0,3.0,66,3927,13,63.400000000000006,False,False,True,492.6,499.0
48,M310,2,1994,1994-12-01,1.9734999656677248,657.0,23.200000762939453,0.0,2.0,68,4113,14,63.400000000000006,False,False,True,492.6,484.0
48,M310,3,1997,1997-03-20,3.046600031852722,858.95,21.89999961853028,0.0,11.0,68,4681,17,63.4,False,False,True,492.6,840.0
48,M320,1,1990,1990-03-28,1.53089998960495,514.57,23.299999237060547,0.0,2.0,64,3377,10,48.3,False,False,True,477.5,0.0
48,M320,2,1991,1991-04-17,1.6121000051498413,800.88,22.799999237060547,0.0,0.0,67,3535,11,50.8,False,False,True,480.0,385.0
48,M320,2,1992,1992-03-23,1.506600022315979,654.88,21.89999961853028,0.0,2.0,72,3741,12,50.8,False,False,True,480.0,341.0
48,M320,2,1993,1993-08-04,1.564900004863739,561.21,22.39999961853028,0.0,3.0,66,3927,13,50.8,False,False,True,480.0,499.0
48,M320,2,1994,1994-12-01,1.768999981880188,657.0,23.200000762939453,0.0,2.0,68,4113,14,50.8,False,False,True,480.0,484.0
48,M320,3,1997,1997-03-20,2.497100043296814,858.95,21.89999961853028,0.0,11.0,68,4681,17,50.8,False,False,True,480.0,840.0
48,M330,1,1990,1990-03-28,1.372399985790253,514.57,23.299999237060547,0.0,2.0,64,3377,10,55.9,False,False,True,485.1,0.0
48,M330,1,1991,1991-04-17,1.3531999945640565,800.88,22.799999237060547,0.0,0.0,67,3535,11,55.9,False,False,True,485.1,385.0
48,M330,1,1992,1992-03-23,1.3251000046730042,654.88,21.89999961853028,0.0,2.0,72,3741,12,55.9,False,False,True,485.1,341.0
48,M330,1,1993,1993-08-04,1.3357999920845032,561.21,22.39999961853028,0.0,3.0,66,3927,13,55.9,False,False,True,485.1,499.0
48,M330,1,1994,1994-12-01,1.4338000178337098,657.0,23.200000762939453,0.0,2.0,68,4113,14,55.9,False,False,True,485.1,484.0
48,M330,2,1997,1997-03-20,2.36139999628067,858.95,21.89999961853028,0.0,11.0,68,4681,17,55.9,False,False,True,485.1,840.0
48,M340,1,1990,1990-03-28,1.160899996757507,514.57,23.299999237060547,0.0,2.0,64,3377,10,50.8,False,False,True,480.0,0.0
48,M340,1,1991,1991-04-17,1.2301000118255616,800.88,22.799999237060547,0.0,0.0,67,3535,11,50.8,False,False,True,480.0,385.0
48,M340,1,1992,1992-03-23,1.2870000004768372,654.88,21.89999961853028,0.0,2.0,72,3741,12,50.8,False,False,True,480.0,341.0
48,M340,1,1993,1993-08-04,1.3632000088691711,561.21,22.39999961853028,0.0,3.0,66,3927,13,50.8,False,False,True,480.0,499.0
48,M340,2,1994,1994-12-01,1.672200012207031,657.0,23.200000762939453,0.0,2.0,68,4113,14,50.8,False,False,True,480.0,484.0
48,M340,3,1997,1997-03-20,2.689399981498718,858.95,21.89999961853028,0.0,11.0,68,4681,17,50.8,False,False,True,480.0,840.0
48,M350,1,1990,1990-03-28,1.1514999985694885,514.57,23.299999237060547,0.0,2.0,64,3377,10,48.2,False,False,True,477.4,0.0
48,M350,2,1991,1991-04-17,1.2083999991416932,800.88,22.799999237060547,0.0,0.0,67,3535,11,53.3,False,False,True,482.5,385.0
48,M350,2,1992,1992-03-24,1.2121999859809875,654.88,21.89999961853028,0.0,2.0,72,3741,12,53.3,False,False,True,482.5,342.0
48,M350,2,1993,1993-08-04,1.2027000069618223,561.21,22.39999961853028,0.0,3.0,66,3927,13,53.3,False,False,True,482.5,498.0
48,M350,2,1994,1994-12-01,1.273799979686737,657.0,23.200000762939453,0.0,2.0,68,4113,14,53.3,False,False,True,482.5,484.0
48,M350,2,1997,1997-03-20,1.3123000025749207,858.95,21.89999961853028,0.0,11.0,68,4681,17,53.3,False,False,True,482.5,840.0
48,N310,1,1990,1990-03-30,1.91780002117157,606.08,24.100000381469727,0.0,0.0,73,3997,9,40.7,False,False,True,518.3000000000001,0.0
48,N310,2,1991,1991-04-18,1.4520000100135804,890.95,23.89999961853028,0.0,0.0,75,4458,10,66.1,False,False,True,543.7,384.0
48,N310,2,1992,1992-03-20,1.4049000144004822,895.72,23.200000762939453,0.0,0.0,76,4974,11,66.1,False,False,True,543.7,337.0
48,N310,2,1993,1993-08-06,1.4925999999046329,1104.54,23.200000762939453,0.0,0.0,75,5553,12,66.1,False,False,True,543.7,504.0
48,N320,1,1990,1990-03-30,2.2960000038146973,606.08,24.100000381469727,0.0,0.0,73,3997,9,53.3,False,False,True,530.9,0.0
48,N320,3,1991,1991-04-18,2.0093750208616257,890.95,23.89999961853028,0.0,0.0,75,4458,10,63.5,False,False,True,541.1,384.0
48,N320,3,1992,1992-03-20,1.9722000002861024,895.72,23.200000762939453,0.0,0.0,76,4974,11,63.5,False,False,True,541.1,337.0
48,N320,3,1993,1993-08-06,2.270300030708313,1104.54,23.200000762939453,0.0,0.0,75,5553,12,63.5,False,False,True,541.1,504.0
48,N330,1,1990,1990-03-30,2.212599992752075,606.08,24.100000381469727,0.0,0.0,73,3997,9,45.7,False,False,True,523.3000000000001,0.0
48,N330,2,1991,1991-04-18,2.2933000326156616,890.95,23.89999961853028,0.0,0.0,75,4458,10,45.7,False,False,True,523.3000000000001,384.0
48,N330,5,1992,1992-03-20,2.3283999919891354,895.72,23.200000762939453,0.0,0.0,76,4974,11,45.7,False,False,True,523.3000000000001,337.0
48,N330,6,1993,1993-08-06,2.517999982833862,1104.54,23.200000762939453,0.0,0.0,75,5553,12,45.7,False,False,True,523.3000000000001,504.0
48,N340,1,1990,1990-03-30,2.64379997253418,606.08,24.100000381469727,0.0,0.0,73,3997,9,45.7,False,False,True,523.3000000000001,0.0
48,N340,1,1991,1991-04-18,2.6226999759674072,890.95,23.89999961853028,0.0,0.0,75,4458,10,45.7,False,False,True,523.3000000000001,384.0
48,N340,1,1992,1992-03-20,2.689099979400635,895.72,23.200000762939453,0.0,0.0,76,4974,11,45.7,False,False,True,523.3000000000001,337.0
48,N340,2,1993,1993-08-06,2.708800029754639,1104.54,23.200000762939453,0.0,0.0,75,5553,12,45.7,False,False,True,523.3000000000001,504.0
48,N350,1,1990,1990-03-30,1.731299984455109,606.08,24.100000381469727,0.0,0.0,73,3997,9,48.2,False,False,True,525.8000000000001,0.0
48,N350,2,1991,1991-04-18,1.729800009727478,890.95,23.89999961853028,0.0,0.0,75,4458,10,58.400000000000006,False,False,True,536.0,384.0
48,N350,2,1992,1992-03-20,1.7413000106811525,895.72,23.200000762939453,0.0,0.0,76,4974,11,58.400000000000006,False,False,True,536.0,337.0
48,N350,2,1993,1993-08-06,1.7973000049591064,1104.54,23.200000762939453,0.0,0.0,75,5553,12,58.400000000000006,False,False,True,536.0,504.0
48,Q310,1,1990,1990-09-17,1.1894999980926513,673.76,19.299999237060547,12.0,26.0,63,4271,22,55.9,False,False,False,500.4,0.0
48,Q310,2,1991,1991-03-12,1.1203999936580658,857.87,18.600000381469727,1.0,32.0,67,4408,23,78.8,False,False,False,523.3,176.0
48,Q310,2,1995,1995-02-24,1.0630999982357026,789.66,18.799999237060547,2.0,34.0,64,5111,27,78.8,False,False,False,523.3,1445.0
48,Q310,2,2001,2001-04-18,1.6744999766349793,794.5,19.100000381469727,3.0,34.0,66,6619,33,78.8,False,False,False,523.3,2245.0
48,Q320,1,1990,1990-09-17,1.0282000064849854,673.76,19.299999237060547,12.0,26.0,63,4271,22,58.5,False,False,False,503.0,0.0
48,Q320,2,1991,1991-03-12,1.0541000008583068,857.87,18.600000381469727,1.0,32.0,67,4408,23,61.0,False,False,False,505.5,176.0
48,Q320,2,1995,1995-02-24,1.1082000017166138,789.66,18.799999237060547,2.0,34.0,64,5111,27,61.0,False,False,False,505.5,1445.0
48,Q320,2,2001,2001-04-18,1.1054000079631805,794.5,19.100000381469727,3.0,34.0,66,6619,33,61.0,False,False,False,505.5,2245.0
48,Q330,1,1990,1990-09-17,0.9938999772071838,673.76,19.299999237060547,12.0,26.0,63,4271,22,53.400000000000006,False,False,False,497.9,0.0
48,Q330,1,1991,1991-03-12,1.09410001039505,857.87,18.600000381469727,1.0,32.0,67,4408,23,53.400000000000006,False,False,False,497.9,176.0
48,Q330,1,1995,1995-05-01,1.121299993991852,789.66,18.799999237060547,2.0,34.0,64,5111,27,53.400000000000006,False,False,False,497.9,1511.0
48,Q330,1,2001,2001-04-18,1.051499992609024,794.5,19.100000381469727,3.0,34.0,66,6619,33,53.400000000000006,False,False,False,497.9,2179.0
48,Q340,1,1990,1990-09-17,1.0064999878406524,673.76,19.299999237060547,12.0,26.0,63,4271,22,50.8,False,False,False,495.3,0.0
48,Q340,1,1991,1991-03-12,1.095200002193451,857.87,18.600000381469727,1.0,32.0,67,4408,23,50.8,False,False,False,495.3,176.0
48,Q340,1,1995,1995-05-01,1.3520000100135805,789.66,18.799999237060547,2.0,34.0,64,5111,27,50.8,False,False,False,495.3,1511.0
48,Q340,1,2001,2001-04-18,1.3870000004768372,794.5,19.100000381469727,3.0,34.0,66,6619,33,50.8,False,False,False,495.3,2179.0
48,Q350,1,1990,1990-09-17,1.0692000150680545,673.76,19.299999237060547,12.0,26.0,63,4271,22,53.3,False,False,False,497.8,0.0
48,Q350,3,1991,1991-03-12,1.1926000118255615,857.87,18.600000381469727,1.0,32.0,67,4408,23,63.4,False,False,False,507.9,176.0
48,Q350,3,1995,1995-05-01,1.185800015926361,789.66,18.799999237060547,2.0,34.0,64,5111,27,63.4,False,False,False,507.9,1511.0
48,Q350,3,2001,2001-04-18,1.1085000157356262,794.5,19.100000381469727,3.0,34.0,66,6619,33,63.4,False,False,False,507.9,2179.0
48,Q353,1,1990,1990-09-17,0.9407000184059144,673.76,19.299999237060547,12.0,26.0,63,4271,22,55.8,False,False,False,500.3,0.0
48,Q353,2,1995,1995-05-01,1.136899983882904,789.66,18.799999237060547,2.0,34.0,64,5111,27,63.400000000000006,False,False,False,507.9,1687.0
48,Q353,2,2001,2001-04-18,1.0224000036716463,794.5,19.100000381469727,3.0,34.0,66,6619,33,63.400000000000006,False,False,False,507.9,2179.0
49,1001,1,1989,1989-08-04,0.9910000026226043,151.55,12.100000381469728,148.0,119.0,38,1962,10,139.7,False,False,False,287.0,0.0
49,1001,1,1990,1990-04-11,0.9381999969482422,362.74,11.600000381469728,212.0,119.0,43,2030,11,139.7,False,False,False,287.0,250.0
49,1001,1,1991,1991-10-26,1.0421999931335448,281.33,11.0,105.0,158.0,46,2100,12,139.7,False,False,False,287.0,563.0
49,1001,1,1992,1992-11-09,1.0712000131607056,375.61,11.100000381469728,225.0,126.0,50,2175,13,139.7,False,False,False,287.0,380.0
49,1001,1,1993,1993-11-09,1.06780002117157,370.07,10.5,157.0,153.0,50,2250,14,139.7,False,False,False,287.0,365.0
49,1001,1,1994,1994-06-08,1.1021999955177306,265.17,11.899999618530272,121.0,139.0,44,2340,15,139.7,False,False,False,287.0,211.0
49,1001,1,1995,1995-03-30,1.0948499917984007,304.62,11.399999618530272,55.0,136.0,47,2436,16,139.7,False,False,False,287.0,295.0
49,1001,2,1996,1996-12-08,1.2526000380516051,369.61,11.800000190734863,132.0,149.0,42,2541,17,149.9,False,False,False,297.2,619.0
49,1001,2,1997,1997-06-11,1.2388000011444091,333.28,11.0,161.0,149.0,51,2676,18,149.9,False,False,False,297.2,185.0
49,1001,2,1998,1998-08-17,1.2370999813079837,328.73,11.300000190734863,98.0,146.0,48,2857,19,149.9,False,False,False,297.2,432.0
49,1001,2,1999,1999-07-16,1.259500014781952,199.37,11.800000190734863,34.0,133.0,43,3050,20,149.9,False,False,False,297.2,333.0
49,1001,2,2000,2000-08-16,1.2942000031471252,269.58,12.600000381469728,69.0,137.0,42,3332,21,149.9,False,False,False,297.2,397.0
49,1001,3,2004,2004-10-08,1.5504999995231628,401.79,12.0,121.0,122.0,44,4117,25,152.4,False,False,False,299.7,1514.0
49,1001,3,2012,2012-10-28,1.9956000447273248,248.78,13.100000381469728,86.0,124.0,39,5109,33,152.4,False,False,False,299.7,2942.0
49,1001,4,2014,2014-05-19,2.1924999833107,297.75,12.5,62.0,133.0,43,5366,35,152.4,False,False,False,299.7,568.0
49,1001,5,2016,2016-05-15,1.4625,418.06,12.199999809265137,152.0,114.0,46,5617,37,157.5,False,False,False,304.8,727.0
49,1004,1,1989,1989-08-05,2.0899999976158146,262.68,8.0,412.0,141.0,44,2519,19,200.7,False,False,False,434.4,0.0
49,1004,1,1990,1990-08-01,2.348799997568131,411.84,7.599999904632568,557.0,118.0,48,2574,20,200.7,False,False,False,434.4,361.0
49,1004,1,1991,1991-10-24,2.6149999618530275,404.23,7.300000190734863,360.0,170.0,50,2634,21,200.7,False,False,False,434.4,449.0
49,1004,1,1992,1992-11-11,2.823300004005432,425.26,7.900000095367432,388.0,133.0,53,2717,22,200.7,False,False,False,434.4,384.0
49,1004,1,1993,1993-11-14,3.039949977397919,500.92,6.300000190734863,527.0,155.0,54,2815,23,200.7,False,False,False,434.4,368.0
49,1004,1,1995,1995-11-01,2.8525999784469604,513.37,7.699999809265137,255.0,161.0,54,3045,25,200.7,False,False,False,434.4,717.0
49,1004,1,1997,1997-11-12,3.5583999633789065,513.34,7.599999904632568,407.0,145.0,54,3386,27,200.7,False,False,False,434.4,742.0
49,1004,1,1998,1998-07-10,3.622099995613098,587.56,6.699999809265137,405.0,166.0,58,3536,28,200.7,False,False,False,434.4,240.0
49,1004,2,1999,1999-11-19,1.1215999960899352,386.82,8.100000381469727,231.0,170.0,49,3686,29,228.6,False,False,False,462.3,497.0
49,1004,2,2004,2004-10-07,1.3707000017166138,451.19,8.0,386.0,136.0,51,4459,34,228.6,False,False,False,462.3,1784.0
49,1005,1,1989,1989-09-29,0.6549000024795533,427.01,7.699999809265137,621.0,95.0,56,5022,20,246.4,False,False,False,602.0,0.0
49,1005,1,1990,1990-08-27,0.660999995470047,468.99,8.0,611.0,113.0,55,5230,21,246.4,False,False,False,602.0,332.0
49,1005,1,1991,1991-08-29,0.6108000040054321,648.64,7.400000095367432,495.0,124.0,59,5444,22,246.4,False,False,False,602.0,367.0
49,1005,1,1992,1992-11-15,0.9259999990463256,413.19,8.600000381469727,493.0,86.0,57,5669,23,246.4,False,False,False,602.0,444.0
49,1005,1,1994,1994-09-19,0.8810999989509583,491.84,8.399999618530273,497.0,116.0,56,6134,25,246.4,False,False,False,602.0,673.0
49,1005,1,1995,1995-07-28,0.8588000118732453,742.65,8.0,252.0,124.0,62,6372,26,246.4,False,False,False,602.0,312.0
49,1006,1,1989,1989-08-02,0.6933999955654144,228.95,9.199999809265137,380.0,120.0,44,6425,19,297.2,False,False,False,497.9,0.0
49,1006,1,1990,1990-07-31,0.8434499979019165,299.07,9.0,476.0,106.0,46,6825,20,297.2,False,False,False,497.9,363.0
49,1006,1,1991,1991-10-25,0.7867999970912933,337.9,8.5,292.0,155.0,50,7225,21,297.2,False,False,False,497.9,451.0
49,1006,1,1992,1992-11-10,0.7371000111103059,378.89,9.199999809265137,361.0,118.0,51,7653,22,297.2,False,False,False,497.9,382.0
49,1006,1,1993,1993-11-10,0.8373000025749207,407.27,7.699999809265137,353.0,151.0,53,8093,23,297.2,False,False,False,497.9,365.0
49,1006,1,1995,1995-08-02,0.712200003862381,408.58,8.899999618530273,169.0,148.0,54,8973,25,297.2,False,False,False,497.9,630.0
49,1006,1,1997,1997-11-13,0.7673999965190887,459.07,8.600000381469727,367.0,128.0,55,10008,27,297.2,False,False,False,497.9,834.0
49,1006,1,1998,1998-12-01,0.8194999992847443,482.63,8.5,274.0,149.0,55,10467,28,297.2,False,False,False,497.9,383.0
49,1006,1,1999,1999-07-14,0.8497999906539917,365.55,9.399999618530272,179.0,159.0,47,10999,29,297.2,False,False,False,497.9,225.0
49,1006,1,2002,2002-10-23,0.967599993944168,263.44,9.800000190734863,267.0,137.0,43,13056,32,297.2,False,False,False,497.9,1197.0
49,1007,1,1989,1989-08-03,1.0348999977111817,106.41,9.0,430.0,128.0,45,2971,11,289.6,False,False,False,370.9,0.0
49,1007,1,1990,1990-08-28,1.0526000022888184,189.57,9.0,433.0,135.0,46,3581,12,289.6,False,False,False,370.9,390.0
49,1007,1,1991,1991-10-22,1.061199998855591,247.48,8.5,298.0,164.0,49,4201,13,289.6,False,False,False,370.9,420.0
49,1007,1,1992,1992-11-10,1.091100001335144,238.18,8.899999618530273,419.0,119.0,51,4841,14,289.6,False,False,False,370.9,385.0
49,1007,1,1993,1993-11-13,1.1734000086784362,301.61,7.099999904632568,547.0,152.0,54,5499,15,289.6,False,False,False,370.9,368.0
49,1007,1,1995,1995-08-01,1.2632999897003174,188.84,8.699999809265137,178.0,165.0,53,6867,17,289.6,False,False,False,370.9,626.0
49,1008,1,1989,1989-08-02,1.5402999877929688,228.95,9.199999809265137,380.0,120.0,44,5864,14,231.2,False,False,False,350.6,0.0
49,1008,2,1990,1990-08-31,1.2914000034332276,299.07,9.0,476.0,106.0,46,6302,15,256.6,False,False,False,376.0,394.0
49,1008,2,1991,1991-10-23,1.4212000012397763,337.9,8.5,292.0,155.0,50,6747,16,256.6,False,False,False,376.0,418.0
49,1008,2,1992,1992-11-10,1.5172999858856202,378.89,9.199999809265137,361.0,118.0,51,7222,17,256.6,False,False,False,376.0,384.0
49,1008,2,1993,1993-11-10,1.5176000118255617,407.27,7.699999809265137,353.0,151.0,53,7672,18,256.6,False,False,False,376.0,365.0
49,1008,2,1995,1995-10-30,1.6849999904632569,408.58,8.899999618530273,169.0,148.0,54,8517,20,256.6,False,False,False,376.0,719.0
49,1008,2,1997,1997-11-13,1.885699999332428,459.07,8.600000381469727,367.0,128.0,55,9549,22,256.6,False,False,False,376.0,745.0
49,1008,2,1998,1998-12-01,2.25180002450943,482.63,8.5,274.0,149.0,55,10129,23,256.6,False,False,False,376.0,383.0
49,1008,2,1999,1999-07-14,2.314500004053116,365.55,9.399999618530272,179.0,159.0,47,10730,24,256.6,False,False,False,376.0,225.0
49,1017,2,1989,1989-08-05,1.3677000045776366,311.02,8.399999618530273,404.0,134.0,45,4339,24,129.6,False,False,False,444.5,0.0
49,1017,2,1990,1990-08-01,1.357149988412857,493.82,8.0,538.0,123.0,48,4394,25,129.6,False,False,False,444.5,361.0
49,1017,2,1991,1991-10-25,1.395900022983551,491.1,7.699999809265137,327.0,164.0,50,4452,26,129.6,False,False,False,444.5,450.0
49,1017,2,1992,1992-11-11,1.518300008773804,486.95,8.399999618530273,358.0,128.0,52,4535,27,129.6,False,False,False,444.5,383.0
49,1017,2,1993,1993-11-14,1.479199993610382,571.9,7.099999904632568,385.0,165.0,53,4633,28,129.6,False,False,False,444.5,368.0
49,1017,2,1995,1995-10-31,1.477899968624115,616.11,8.100000381469727,200.0,160.0,53,4901,30,129.6,False,False,False,444.5,716.0
49,1017,2,1997,1997-11-12,1.564300000667572,660.05,7.900000095367432,389.0,134.0,54,5256,32,129.6,False,False,False,444.5,743.0
49,1017,2,1998,1998-12-02,1.4975000143051147,728.15,7.400000095367432,344.0,166.0,57,5438,33,129.6,False,False,False,444.5,385.0
49,1017,2,1999,1999-07-15,1.5305999994277952,514.93,8.600000381469727,205.0,164.0,48,5618,34,129.6,False,False,False,444.5,225.0
49,1017,2,2001,2001-04-03,1.5412999987602234,381.72,9.199999809265137,325.0,129.0,47,5830,36,129.6,False,False,False,444.5,628.0
49,A310,1,1990,1990-06-29,2.576400017738342,411.84,7.599999904632568,557.0,118.0,48,2574,20,195.5,False,False,False,403.8,0.0
49,A310,2,1990,1990-09-04,1.3582000136375427,411.84,7.599999904632568,557.0,118.0,48,2574,20,218.4,False,False,False,426.7,67.0
49,A310,2,1991,1991-10-24,1.4443000078201294,404.23,7.300000190734863,360.0,170.0,50,2634,21,218.4,False,False,False,426.7,415.0
49,A310,2,1992,1992-11-11,1.2788999915122985,425.26,7.900000095367432,388.0,133.0,53,2717,22,218.4,False,False,False,426.7,384.0
49,A310,2,1993,1993-11-15,1.5491999983787537,500.92,6.300000190734863,527.0,155.0,54,2815,23,218.4,False,False,False,426.7,369.0
49,A310,2,1995,1995-11-01,1.855599999427796,513.37,7.699999809265137,255.0,161.0,54,3045,25,218.4,False,False,False,426.7,716.0
49,A310,2,1997,1997-11-12,2.2990999937057497,513.34,7.599999904632568,407.0,145.0,54,3386,27,218.4,False,False,False,426.7,742.0
49,A310,2,1998,1998-07-10,2.59040002822876,587.56,6.699999809265137,405.0,166.0,58,3536,28,218.4,False,False,False,426.7,240.0
49,A320,2,1990,1990-08-01,1.825699996948242,411.84,7.599999904632568,557.0,118.0,48,2574,20,195.6,False,False,False,416.6,0.0
49,A320,2,1991,1991-10-24,2.2118000268936155,404.23,7.300000190734863,360.0,170.0,50,2634,21,195.6,False,False,False,416.6,449.0
49,A320,2,1992,1992-11-11,2.2350000143051147,425.26,7.900000095367432,388.0,133.0,53,2717,22,195.6,False,False,False,416.6,384.0
49,A320,2,1993,1993-11-15,2.543499994277954,500.92,6.300000190734863,527.0,155.0,54,2815,23,195.6,False,False,False,416.6,369.0
49,A320,2,1995,1995-11-01,3.069000005722046,513.37,7.699999809265137,255.0,161.0,54,3045,25,195.6,False,False,False,416.6,716.0
49,A320,2,1997,1997-11-12,3.5506999492645264,513.34,7.599999904632568,407.0,145.0,54,3386,27,195.6,False,False,False,416.6,742.0
49,A320,2,1998,1998-07-10,3.7695000171661377,587.56,6.699999809265137,405.0,166.0,58,3536,28,195.6,False,False,False,416.6,240.0
49,A330,2,1990,1990-08-01,2.2848500251770023,411.84,7.599999904632568,557.0,118.0,48,2574,20,215.9,False,False,False,393.7000000000001,0.0
49,A330,2,1991,1991-10-24,2.413700008392334,404.23,7.300000190734863,360.0,170.0,50,2634,21,215.9,False,False,False,393.7000000000001,449.0
49,A330,2,1992,1992-11-11,2.619599962234497,425.26,7.900000095367432,388.0,133.0,53,2717,22,215.9,False,False,False,393.7000000000001,384.0
49,A330,2,1993,1993-11-15,2.803600001335144,500.92,6.300000190734863,527.0,155.0,54,2815,23,215.9,False,False,False,393.7000000000001,369.0
49,A330,2,1995,1995-11-01,3.334600043296814,513.37,7.699999809265137,255.0,161.0,54,3045,25,215.9,False,False,False,393.7000000000001,716.0
49,A330,2,1997,1997-11-12,3.840199995040893,513.34,7.599999904632568,407.0,145.0,54,3386,27,215.9,False,False,False,393.7000000000001,742.0
49,A330,2,1998,1998-07-10,4.106899976730347,587.56,6.699999809265137,405.0,166.0,58,3536,28,215.9,False,False,False,393.7000000000001,240.0
49,A332,1,1990,1990-08-01,2.0150999784469605,411.84,7.599999904632568,557.0,118.0,48,2574,20,162.6,False,False,False,325.2,0.0
49,A332,1,1991,1991-10-24,2.1549999952316288,404.23,7.300000190734863,360.0,170.0,50,2634,21,162.6,False,False,False,325.2,449.0
49,A332,1,1992,1992-11-11,2.5425000190734863,425.26,7.900000095367432,388.0,133.0,53,2717,22,162.6,False,False,False,325.2,384.0
49,A332,1,1993,1993-11-15,2.626999974250793,500.92,6.300000190734863,527.0,155.0,54,2815,23,162.6,False,False,False,325.2,369.0
49,A332,1,1995,1995-11-01,2.869299983978271,513.37,7.699999809265137,255.0,161.0,54,3045,25,162.6,False,False,False,325.2,716.0
49,A332,1,1997,1997-11-12,3.318300008773804,513.34,7.599999904632568,407.0,145.0,54,3386,27,162.6,False,False,False,325.2,742.0
49,A332,1,1998,1998-07-10,3.385200023651123,587.56,6.699999809265137,405.0,166.0,58,3536,28,162.6,False,False,False,325.2,240.0
49,A350,2,1990,1990-08-01,2.6087000012397765,411.84,7.599999904632568,557.0,118.0,48,2574,20,193.0,False,False,False,375.9,0.0
49,A350,2,1991,1991-10-24,2.7375,404.23,7.300000190734863,360.0,170.0,50,2634,21,193.0,False,False,False,375.9,449.0
49,A350,2,1992,1992-11-11,2.8478000164031982,425.26,7.900000095367432,388.0,133.0,53,2717,22,193.0,False,False,False,375.9,384.0
49,A350,2,1993,1993-11-15,3.013499999046326,500.92,6.300000190734863,527.0,155.0,54,2815,23,193.0,False,False,False,375.9,369.0
49,A350,2,1995,1995-11-01,3.446600008010864,513.37,7.699999809265137,255.0,161.0,54,3045,25,193.0,False,False,False,375.9,716.0
49,A350,2,1997,1997-11-12,3.945699977874756,513.34,7.599999904632568,407.0,145.0,54,3386,27,193.0,False,False,False,375.9,742.0
49,A350,2,1998,1998-07-10,4.093099975585938,587.56,6.699999809265137,405.0,166.0,58,3536,28,193.0,False,False,False,375.9,240.0
49,A351,2,1990,1990-08-01,2.515600037574768,411.84,7.599999904632568,557.0,118.0,48,2574,20,195.6,False,False,False,411.5,0.0
49,A351,2,1991,1991-10-24,2.6236666838328047,404.23,7.300000190734863,360.0,170.0,50,2634,21,195.6,False,False,False,411.5,449.0
49,A351,2,1992,1992-11-11,2.798900008201599,425.26,7.900000095367432,388.0,133.0,53,2717,22,195.6,False,False,False,411.5,384.0
49,A351,2,1993,1993-11-15,2.948300004005432,500.92,6.300000190734863,527.0,155.0,54,2815,23,195.6,False,False,False,411.5,369.0
49,A351,2,1995,1995-11-01,3.179699993133545,513.37,7.699999809265137,255.0,161.0,54,3045,25,195.6,False,False,False,411.5,716.0
49,A351,2,1997,1997-11-12,3.5768000364303587,513.34,7.599999904632568,407.0,145.0,54,3386,27,195.6,False,False,False,411.5,742.0
49,A351,2,1998,1998-07-10,3.9315000057220457,587.56,6.699999809265137,405.0,166.0,58,3536,28,195.6,False,False,False,411.5,240.0
49,A352,2,1990,1990-08-01,1.7505000054836275,411.84,7.599999904632568,557.0,118.0,48,2574,20,213.4,False,False,False,421.7000000000001,0.0
49,A352,2,1991,1991-10-24,1.879333317279816,404.23,7.300000190734863,360.0,170.0,50,2634,21,213.4,False,False,False,421.7000000000001,449.0
49,A352,2,1992,1992-11-11,1.8459000110626225,425.26,7.900000095367432,388.0,133.0,53,2717,22,213.4,False,False,False,421.7000000000001,384.0
49,A352,2,1993,1993-11-15,2.0883000016212465,500.92,6.300000190734863,527.0,155.0,54,2815,23,213.4,False,False,False,421.7000000000001,369.0
49,A352,2,1995,1995-11-01,2.300600004196167,513.37,7.699999809265137,255.0,161.0,54,3045,25,213.4,False,False,False,421.7000000000001,716.0
49,A352,2,1997,1997-11-12,2.7295000076293947,513.34,7.599999904632568,407.0,145.0,54,3386,27,213.4,False,False,False,421.7000000000001,742.0
49,A352,2,1998,1998-07-10,2.9579999923706053,587.56,6.699999809265137,405.0,166.0,58,3536,28,213.4,False,False,False,421.7000000000001,240.0
49,A361,1,1990,1990-06-29,2.1819000005722047,411.84,7.599999904632568,557.0,118.0,48,2574,20,180.4,False,False,False,406.5,0.0
49,A361,2,1990,1990-09-04,1.3633999824523926,411.84,7.599999904632568,557.0,118.0,48,2574,20,195.6,False,False,False,421.7,67.0
49,A361,2,1991,1991-10-24,1.4194999933242798,404.23,7.300000190734863,360.0,170.0,50,2634,21,195.6,False,False,False,421.7,415.0
49,A361,2,1992,1992-11-11,1.5628000020980837,425.26,7.900000095367432,388.0,133.0,53,2717,22,195.6,False,False,False,421.7,384.0
49,A361,2,1993,1993-11-15,1.5861999988555908,500.92,6.300000190734863,527.0,155.0,54,2815,23,195.6,False,False,False,421.7,369.0
49,A361,2,1995,1995-11-01,1.7110999941825866,513.37,7.699999809265137,255.0,161.0,54,3045,25,195.6,False,False,False,421.7,716.0
49,A361,2,1997,1997-11-12,1.932999968528748,513.34,7.599999904632568,407.0,145.0,54,3386,27,195.6,False,False,False,421.7,742.0
49,A361,2,1998,1998-07-10,1.9052000045776367,587.56,6.699999809265137,405.0,166.0,58,3536,28,195.6,False,False,False,421.7,240.0
49,A390,2,1990,1990-08-01,2.522849977016449,411.84,7.599999904632568,557.0,118.0,48,2574,20,182.9,False,False,False,416.6,0.0
49,A390,2,1991,1991-10-24,2.6426999807357787,404.23,7.300000190734863,360.0,170.0,50,2634,21,182.9,False,False,False,416.6,449.0
49,A390,2,1992,1992-11-11,2.7372000217437744,425.26,7.900000095367432,388.0,133.0,53,2717,22,182.9,False,False,False,416.6,384.0
49,A390,2,1993,1993-11-15,3.1329999923706056,500.92,6.300000190734863,527.0,155.0,54,2815,23,182.9,False,False,False,416.6,369.0
49,A390,2,1995,1995-11-01,3.406500005722046,513.37,7.699999809265137,255.0,161.0,54,3045,25,182.9,False,False,False,416.6,716.0
49,A390,2,1997,1997-11-12,3.635100054740906,513.34,7.599999904632568,407.0,145.0,54,3386,27,182.9,False,False,False,416.6,742.0
49,A390,2,1998,1998-07-10,4.017899990081787,587.56,6.699999809265137,405.0,166.0,58,3536,28,182.9,False,False,False,416.6,240.0
49,B310,1,1990,1990-06-30,2.2271000385284427,493.82,8.0,538.0,123.0,48,4394,25,116.9,False,False,False,434.4,0.0
49,B310,2,1990,1990-09-03,1.617200005054474,493.82,8.0,538.0,123.0,48,4394,25,160.10000000000002,False,False,False,477.6,65.0
49,B310,2,1991,1991-10-25,1.7479999860127768,491.1,7.699999809265137,327.0,164.0,50,4452,26,160.10000000000002,False,False,False,477.6,417.0
49,B310,2,1992,1992-11-11,1.768400001525879,486.95,8.399999618530273,358.0,128.0,52,4535,27,160.10000000000002,False,False,False,477.6,383.0
49,B310,2,1993,1993-11-14,1.736500012874603,571.9,7.099999904632568,385.0,165.0,53,4633,28,160.10000000000002,False,False,False,477.6,368.0
49,B310,2,1995,1995-10-31,1.7235000014305113,616.11,8.100000381469727,200.0,160.0,53,4901,30,160.10000000000002,False,False,False,477.6,716.0
49,B310,2,1997,1997-11-12,1.8181000113487245,660.05,7.900000095367432,389.0,134.0,54,5256,32,160.10000000000002,False,False,False,477.6,743.0
49,B310,2,1998,1998-12-02,1.8343999981880188,728.15,7.400000095367432,344.0,166.0,57,5438,33,160.10000000000002,False,False,False,477.6,385.0
49,B310,2,1999,1999-07-15,1.8098000049591063,514.93,8.600000381469727,205.0,164.0,48,5618,34,160.10000000000002,False,False,False,477.6,225.0
49,B310,2,2001,2001-04-03,1.940600037574768,381.72,9.199999809265137,325.0,129.0,47,5830,36,160.10000000000002,False,False,False,477.6,628.0
49,B320,1,1990,1990-06-30,2.2086000084877018,493.82,8.0,538.0,123.0,48,4394,25,114.3,False,False,True,698.5,0.0
49,B320,2,1990,1990-09-03,1.828299987316132,493.82,8.0,538.0,123.0,48,4394,25,116.8,False,False,True,701.0,65.0
49,B320,2,1991,1991-10-25,1.9818749874830248,491.1,7.699999809265137,327.0,164.0,50,4452,26,116.8,False,False,True,701.0,417.0
49,B320,2,1992,1992-11-11,1.9903000235557555,486.95,8.399999618530273,358.0,128.0,52,4535,27,116.8,False,False,True,701.0,383.0
49,B320,2,1993,1993-11-14,1.9762999892234805,571.9,7.099999904632568,385.0,165.0,53,4633,28,116.8,False,False,True,701.0,368.0
49,B330,1,1990,1990-06-30,1.5639999985694886,493.82,8.0,538.0,123.0,48,4394,25,149.8,False,False,False,289.5,0.0
49,B330,2,1990,1990-09-03,1.6586000204086302,493.82,8.0,538.0,123.0,48,4394,25,149.8,False,False,False,289.5,65.0
49,B330,2,1991,1991-10-25,1.6279999971389771,491.1,7.699999809265137,327.0,164.0,50,4452,26,149.8,False,False,False,289.5,417.0
49,B330,2,1992,1992-11-11,1.6501999974250794,486.95,8.399999618530273,358.0,128.0,52,4535,27,149.8,False,False,False,289.5,383.0
49,B330,2,1993,1993-11-14,1.660899996757507,571.9,7.099999904632568,385.0,165.0,53,4633,28,149.8,False,False,False,289.5,368.0
49,B330,2,1995,1995-10-31,1.73639999628067,616.11,8.100000381469727,200.0,160.0,53,4901,30,149.8,False,False,False,289.5,716.0
49,B330,2,1997,1997-11-12,1.9109999775886533,660.05,7.900000095367432,389.0,134.0,54,5256,32,149.8,False,False,False,289.5,743.0
49,B330,2,1998,1998-12-02,1.8289999842643736,728.15,7.400000095367432,344.0,166.0,57,5438,33,149.8,False,False,False,289.5,385.0
49,B330,2,1999,1999-07-15,1.883000016212464,514.93,8.600000381469727,205.0,164.0,48,5618,34,149.8,False,False,False,289.5,225.0
49,B330,2,2001,2001-04-03,1.873900008201599,381.72,9.199999809265137,325.0,129.0,47,5830,36,149.8,False,False,False,289.5,628.0
49,B331,1,1991,1991-10-25,1.9571249932050705,491.1,7.699999809265137,327.0,164.0,50,4452,26,114.3,False,False,False,271.8,0.0
49,B331,1,1992,1992-11-11,1.8618999958038327,486.95,8.399999618530273,358.0,128.0,52,4535,27,114.3,False,False,False,271.8,383.0
49,B331,1,1993,1993-11-14,1.9928000211715693,571.9,7.099999904632568,385.0,165.0,53,4633,28,114.3,False,False,False,271.8,368.0
49,B350,1,1990,1990-06-30,2.574900007247925,493.82,8.0,538.0,123.0,48,4394,25,127.0,False,False,False,281.9,0.0
49,B350,2,1990,1990-09-03,2.242399978637695,493.82,8.0,538.0,123.0,48,4394,25,134.6,False,False,False,289.5,65.0
49,B350,2,1991,1991-10-25,2.575625002384186,491.1,7.699999809265137,327.0,164.0,50,4452,26,134.6,False,False,False,289.5,417.0
49,B350,2,1992,1992-11-11,2.494799995422364,486.95,8.399999618530273,358.0,128.0,52,4535,27,134.6,False,False,False,289.5,383.0
49,B350,2,1993,1993-11-14,2.4907999992370606,571.9,7.099999904632568,385.0,165.0,53,4633,28,134.6,False,False,False,289.5,368.0
49,B350,2,1995,1995-10-31,2.633200001716614,616.11,8.100000381469727,200.0,160.0,53,4901,30,134.6,False,False,False,289.5,716.0
49,B350,2,1997,1997-11-12,2.852500009536743,660.05,7.900000095367432,389.0,134.0,54,5256,32,134.6,False,False,False,289.5,743.0
49,B350,2,1998,1998-12-02,2.8792000293731688,728.15,7.400000095367432,344.0,166.0,57,5438,33,134.6,False,False,False,289.5,385.0
49,B350,2,1999,1999-07-15,3.1852999687194825,514.93,8.600000381469727,205.0,164.0,48,5618,34,134.6,False,False,False,289.5,225.0
49,B350,2,2001,2001-04-03,3.157400035858154,381.72,9.199999809265137,325.0,129.0,47,5830,36,134.6,False,False,False,289.5,628.0
49,B351,2,1990,1990-08-01,1.543450003862381,493.82,8.0,538.0,123.0,48,4394,25,134.6,False,False,False,274.29999999999995,0.0
49,B351,2,1991,1991-10-25,1.6282000064849855,491.1,7.699999809265137,327.0,164.0,50,4452,26,134.6,False,False,False,274.29999999999995,450.0
49,B351,2,1992,1992-11-11,1.5772000193595883,486.95,8.399999618530273,358.0,128.0,52,4535,27,134.6,False,False,False,274.29999999999995,383.0
49,B351,2,1993,1993-11-14,1.5960999846458437,571.9,7.099999904632568,385.0,165.0,53,4633,28,134.6,False,False,False,274.29999999999995,368.0
49,B351,2,1995,1995-10-31,1.7547999978065492,616.11,8.100000381469727,200.0,160.0,53,4901,30,134.6,False,False,False,274.29999999999995,716.0
49,B351,2,1997,1997-11-12,1.8286999702453608,660.05,7.900000095367432,389.0,134.0,54,5256,32,134.6,False,False,False,274.29999999999995,743.0
49,B351,2,1998,1998-12-02,2.000300002098084,728.15,7.400000095367432,344.0,166.0,57,5438,33,134.6,False,False,False,274.29999999999995,385.0
49,B351,2,1999,1999-07-15,2.048800015449524,514.93,8.600000381469727,205.0,164.0,48,5618,34,134.6,False,False,False,274.29999999999995,225.0
49,B351,2,2001,2001-04-03,2.1901999473571774,381.72,9.199999809265137,325.0,129.0,47,5830,36,134.6,False,False,False,274.29999999999995,628.0
49,B352,2,1990,1990-08-01,1.358400011062622,493.82,8.0,538.0,123.0,48,4394,25,121.9,False,False,True,601.9,0.0
49,B352,2,1991,1991-10-25,1.176999993622303,491.1,7.699999809265137,327.0,164.0,50,4452,26,121.9,False,False,True,601.9,450.0
49,B352,2,1992,1992-11-11,1.4406000137329102,486.95,8.399999618530273,358.0,128.0,52,4535,27,121.9,False,False,True,601.9,383.0
49,B352,2,1993,1993-11-14,1.4115000009536742,571.9,7.099999904632568,385.0,165.0,53,4633,28,121.9,False,False,True,601.9,368.0
49,B352,2,1995,1995-10-31,1.4438999891281128,616.11,8.100000381469727,200.0,160.0,53,4901,30,121.9,False,False,True,601.9,716.0
49,B361,1,1990,1990-06-30,1.6178000092506408,493.82,8.0,538.0,123.0,48,4394,25,121.9,False,False,False,635.0,0.0
49,B361,2,1990,1990-09-03,1.2185000061988829,493.82,8.0,538.0,123.0,48,4394,25,144.8,False,False,False,657.9,65.0
49,B361,2,1991,1991-10-25,1.579099988937378,491.1,7.699999809265137,327.0,164.0,50,4452,26,144.8,False,False,False,657.9,417.0
49,B361,2,1992,1992-11-11,1.3188000082969666,486.95,8.399999618530273,358.0,128.0,52,4535,27,144.8,False,False,False,657.9,383.0
49,B361,2,1993,1993-11-14,1.3458000063896178,571.9,7.099999904632568,385.0,165.0,53,4633,28,144.8,False,False,False,657.9,368.0
49,B361,2,1995,1995-10-31,1.3659000158309935,616.11,8.100000381469727,200.0,160.0,53,4901,30,144.8,False,False,False,657.9,716.0
49,B390,1,1990,1990-06-30,2.57720000743866,493.82,8.0,538.0,123.0,48,4394,25,116.8,False,False,False,259.0,0.0
49,B390,2,1990,1990-09-03,2.6137999534606933,493.82,8.0,538.0,123.0,48,4394,25,137.10000000000002,False,False,False,279.3,65.0
49,B390,2,1991,1991-10-25,2.531599986553192,491.1,7.699999809265137,327.0,164.0,50,4452,26,137.10000000000002,False,False,False,279.3,417.0
49,B390,2,1992,1992-11-11,2.678999996185303,486.95,8.399999618530273,358.0,128.0,52,4535,27,137.10000000000002,False,False,False,279.3,383.0
49,B390,2,1993,1993-11-14,2.590833346048991,571.9,7.099999904632568,385.0,165.0,53,4633,28,137.10000000000002,False,False,False,279.3,368.0
49,B390,2,1995,1995-10-31,2.7106000185012817,616.11,8.100000381469727,200.0,160.0,53,4901,30,137.10000000000002,False,False,False,279.3,716.0
49,B390,2,1997,1997-11-12,2.690999960899353,660.05,7.900000095367432,389.0,134.0,54,5256,32,137.10000000000002,False,False,False,279.3,743.0
49,B390,2,1998,1998-12-02,2.770699977874756,728.15,7.400000095367432,344.0,166.0,57,5438,33,137.10000000000002,False,False,False,279.3,385.0
49,B390,2,1999,1999-07-15,2.5855000019073486,514.93,8.600000381469727,205.0,164.0,48,5618,34,137.10000000000002,False,False,False,279.3,225.0
49,B390,2,2001,2001-04-03,2.7712000131607057,381.72,9.199999809265137,325.0,129.0,47,5830,36,137.10000000000002,False,False,False,279.3,628.0
49,C310,1,1990,1990-07-01,0.8419000029563903,299.07,9.0,476.0,106.0,46,6825,20,315.0,False,False,False,1084.6,0.0
49,C310,2,1990,1990-08-31,0.9503000140190124,299.07,9.0,476.0,106.0,46,6825,20,348.0,False,False,False,1117.6,61.0
49,C310,2,1991,1991-10-25,0.9742499887943268,337.9,8.5,292.0,155.0,50,7225,21,348.0,False,False,False,1117.6,420.0
49,C310,2,1992,1992-11-10,0.9435000002384186,378.89,9.199999809265137,361.0,118.0,51,7653,22,348.0,False,False,False,1117.6,382.0
49,C310,2,1993,1993-11-10,0.9906999945640564,407.27,7.699999809265137,353.0,151.0,53,8093,23,348.0,False,False,False,1117.6,365.0
49,C310,2,1995,1995-08-02,1.0011999905109406,408.58,8.899999618530273,169.0,148.0,54,8973,25,348.0,False,False,False,1117.6,630.0
49,C310,2,1997,1997-11-13,1.0783000111579897,459.07,8.600000381469727,367.0,128.0,55,10008,27,348.0,False,False,False,1117.6,834.0
49,C310,2,1998,1998-12-01,1.1825000047683716,482.63,8.5,274.0,149.0,55,10467,28,348.0,False,False,False,1117.6,383.0
49,C310,3,1999,1999-07-14,1.163200008869171,365.55,9.399999618530272,179.0,159.0,47,10999,29,348.0,False,False,False,1117.6,225.0
49,C310,3,2002,2002-10-23,1.198000001907349,263.44,9.800000190734863,267.0,137.0,43,13056,32,348.0,False,False,False,1117.6,1197.0
49,C320,1,1990,1990-07-01,0.9177000105381012,299.07,9.0,476.0,106.0,46,6825,20,309.9,False,False,False,482.6,0.0
49,C320,2,1990,1990-08-31,0.873199999332428,299.07,9.0,476.0,106.0,46,6825,20,317.5,False,False,False,490.2,61.0
49,C320,2,1991,1991-10-25,0.9219000041484832,337.9,8.5,292.0,155.0,50,7225,21,317.5,False,False,False,490.2,420.0
49,C320,2,1992,1992-11-10,0.9743000030517578,378.89,9.199999809265137,361.0,118.0,51,7653,22,317.5,False,False,False,490.2,382.0
49,C320,2,1993,1993-11-10,1.0463000237941742,407.27,7.699999809265137,353.0,151.0,53,8093,23,317.5,False,False,False,490.2,365.0
49,C320,2,1995,1995-08-02,1.05660001039505,408.58,8.899999618530273,169.0,148.0,54,8973,25,317.5,False,False,False,490.2,630.0
49,C320,2,1997,1997-11-13,1.204100000858307,459.07,8.600000381469727,367.0,128.0,55,10008,27,317.5,False,False,False,490.2,834.0
49,C320,2,1998,1998-12-01,1.3822999954223634,482.63,8.5,274.0,149.0,55,10467,28,317.5,False,False,False,490.2,383.0
49,C320,2,1999,1999-07-14,1.3196000099182128,365.55,9.399999618530272,179.0,159.0,47,10999,29,317.5,False,False,False,490.2,225.0
49,C320,2,2002,2002-10-23,1.6975000023841855,263.44,9.800000190734863,267.0,137.0,43,13056,32,317.5,False,False,False,490.2,1197.0
49,C330,1,1990,1990-07-01,0.8563000082969665,299.07,9.0,476.0,106.0,46,6825,20,337.79999999999995,False,False,False,612.0999999999999,0.0
49,C330,2,1990,1990-08-31,0.8256999909877777,299.07,9.0,476.0,106.0,46,6825,20,337.79999999999995,False,False,False,612.0999999999999,61.0
49,C330,2,1991,1991-10-25,0.8373000025749207,337.9,8.5,292.0,155.0,50,7225,21,337.79999999999995,False,False,False,612.0999999999999,420.0
49,C330,2,1992,1992-11-10,0.8184000015258789,378.89,9.199999809265137,361.0,118.0,51,7653,22,337.79999999999995,False,False,False,612.0999999999999,382.0
49,C330,2,1993,1993-11-10,0.8857999920845032,407.27,7.699999809265137,353.0,151.0,53,8093,23,337.79999999999995,False,False,False,612.0999999999999,365.0
49,C330,2,1995,1995-08-02,0.8604999959468842,408.58,8.899999618530273,169.0,148.0,54,8973,25,337.79999999999995,False,False,False,612.0999999999999,630.0
49,C330,2,1997,1997-11-13,1.0062000095844268,459.07,8.600000381469727,367.0,128.0,55,10008,27,337.79999999999995,False,False,False,612.0999999999999,834.0
49,C330,2,1998,1998-12-01,1.0784000039100647,482.63,8.5,274.0,149.0,55,10467,28,337.79999999999995,False,False,False,612.0999999999999,383.0
49,C330,2,1999,1999-07-14,1.0764999866485596,365.55,9.399999618530272,179.0,159.0,47,10999,29,337.79999999999995,False,False,False,612.0999999999999,225.0
49,C330,2,2002,2002-10-23,1.2718999862670897,263.44,9.800000190734863,267.0,137.0,43,13056,32,337.79999999999995,False,False,False,612.0999999999999,1197.0
49,C331,1,1990,1990-07-31,0.698400005698204,299.07,9.0,476.0,106.0,46,6825,20,294.7,False,False,False,955.1,0.0
49,C331,1,1991,1991-10-25,0.7188750058412552,337.9,8.5,292.0,155.0,50,7225,21,294.7,False,False,False,955.1,451.0
49,C331,1,1992,1992-11-10,0.6467000007629395,378.89,9.199999809265137,361.0,118.0,51,7653,22,294.7,False,False,False,955.1,382.0
49,C331,1,1993,1993-11-10,0.7106000065803528,407.27,7.699999809265137,353.0,151.0,53,8093,23,294.7,False,False,False,955.1,365.0
49,C331,1,1995,1995-08-02,0.6402999937534333,408.58,8.899999618530273,169.0,148.0,54,8973,25,294.7,False,False,False,955.1,630.0
49,C331,1,1997,1997-11-13,0.6440999984741211,459.07,8.600000381469727,367.0,128.0,55,10008,27,294.7,False,False,False,955.1,834.0
49,C331,1,1998,1998-12-01,0.7222999930381775,482.63,8.5,274.0,149.0,55,10467,28,294.7,False,False,False,955.1,383.0
49,C331,1,1999,1999-07-14,0.6880999982357026,365.55,9.399999618530272,179.0,159.0,47,10999,29,294.7,False,False,False,955.1,225.0
49,C331,1,2002,2002-10-23,0.9519999921321868,263.44,9.800000190734863,267.0,137.0,43,13056,32,294.7,False,False,False,955.1,1197.0
49,C350,1,1990,1990-07-01,1.169100022315979,299.07,9.0,476.0,106.0,46,6825,20,302.3,False,False,False,492.8,0.0
49,C350,2,1990,1990-08-31,1.1704000115394593,299.07,9.0,476.0,106.0,46,6825,20,309.90000000000003,False,False,False,500.4,61.0
49,C350,2,1991,1991-10-25,1.2340000122785568,337.9,8.5,292.0,155.0,50,7225,21,309.90000000000003,False,False,False,500.4,420.0
49,C350,2,1992,1992-11-10,1.2148000121116638,378.89,9.199999809265137,361.0,118.0,51,7653,22,309.90000000000003,False,False,False,500.4,382.0
49,C350,2,1993,1993-11-10,1.238900005817413,407.27,7.699999809265137,353.0,151.0,53,8093,23,309.90000000000003,False,False,False,500.4,365.0
49,C350,2,1995,1995-08-02,1.217300009727478,408.58,8.899999618530273,169.0,148.0,54,8973,25,309.90000000000003,False,False,False,500.4,630.0
49,C350,2,1997,1997-11-13,1.3441999912261964,459.07,8.600000381469727,367.0,128.0,55,10008,27,309.90000000000003,False,False,False,500.4,834.0
49,C350,2,1998,1998-12-01,1.492900002002716,482.63,8.5,274.0,149.0,55,10467,28,309.90000000000003,False,False,False,500.4,383.0
49,C350,2,1999,1999-07-14,1.3261999964714049,365.55,9.399999618530272,179.0,159.0,47,10999,29,309.90000000000003,False,False,False,500.4,225.0
49,C350,2,2002,2002-10-23,1.4508000016212463,263.44,9.800000190734863,267.0,137.0,43,13056,32,309.90000000000003,False,False,False,500.4,1197.0
49,C351,2,1990,1990-07-31,0.9261000007390976,299.07,9.0,476.0,106.0,46,6825,20,309.8,False,False,False,1033.7,0.0
49,C351,2,1991,1991-10-25,0.8876250088214874,337.9,8.5,292.0,155.0,50,7225,21,309.8,False,False,False,1033.7,451.0
49,C351,2,1992,1992-11-10,0.9337000012397768,378.89,9.199999809265137,361.0,118.0,51,7653,22,309.8,False,False,False,1033.7,382.0
49,C351,2,1993,1993-11-10,0.9334999978542328,407.27,7.699999809265137,353.0,151.0,53,8093,23,309.8,False,False,False,1033.7,365.0
49,C351,2,1995,1995-08-02,0.8828000009059906,408.58,8.899999618530273,169.0,148.0,54,8973,25,309.8,False,False,False,1033.7,630.0
49,C351,2,1997,1997-11-13,1.0384999990463255,459.07,8.600000381469727,367.0,128.0,55,10008,27,309.8,False,False,False,1033.7,834.0
49,C351,2,1998,1998-12-01,1.0637000024318697,482.63,8.5,274.0,149.0,55,10467,28,309.8,False,False,False,1033.7,383.0
49,C351,2,1999,1999-07-14,1.0263000190258027,365.55,9.399999618530272,179.0,159.0,47,10999,29,309.8,False,False,False,1033.7,225.0
49,C351,2,2002,2002-10-23,1.1973999738693235,263.44,9.800000190734863,267.0,137.0,43,13056,32,309.8,False,False,False,1033.7,1197.0
49,C352,2,1990,1990-07-31,0.8541999995708466,299.07,9.0,476.0,106.0,46,6825,20,304.90000000000003,False,False,False,787.5,0.0
49,C352,2,1991,1991-10-25,0.8646249994635582,337.9,8.5,292.0,155.0,50,7225,21,304.90000000000003,False,False,False,787.5,451.0
49,C352,2,1992,1992-11-10,0.7647000074386596,378.89,9.199999809265137,361.0,118.0,51,7653,22,304.90000000000003,False,False,False,787.5,382.0
49,C352,2,1993,1993-11-10,0.8820999979972839,407.27,7.699999809265137,353.0,151.0,53,8093,23,304.90000000000003,False,False,False,787.5,365.0
49,C352,2,1995,1995-08-02,0.856499993801117,408.58,8.899999618530273,169.0,148.0,54,8973,25,304.90000000000003,False,False,False,787.5,630.0
49,C352,2,1997,1997-11-13,0.9933000028133392,459.07,8.600000381469727,367.0,128.0,55,10008,27,304.90000000000003,False,False,False,787.5,834.0
49,C352,2,1998,1998-12-01,1.2736000061035155,482.63,8.5,274.0,149.0,55,10467,28,304.90000000000003,False,False,False,787.5,383.0
49,C352,2,1999,1999-07-14,0.9487999856472016,365.55,9.399999618530272,179.0,159.0,47,10999,29,304.90000000000003,False,False,False,787.5,225.0
49,C352,2,2002,2002-10-23,1.4026000022888183,263.44,9.800000190734863,267.0,137.0,43,13056,32,304.90000000000003,False,False,False,787.5,1197.0
49,C361,1,1990,1990-07-01,0.763100004196167,299.07,9.0,476.0,106.0,46,6825,20,299.7,False,False,False,1155.7,0.0
49,C361,2,1990,1990-08-31,0.8908999979496002,299.07,9.0,476.0,106.0,46,6825,20,312.4,False,False,False,1168.4,61.0
49,C361,2,1991,1991-10-25,0.9102500230073928,337.9,8.5,292.0,155.0,50,7225,21,312.4,False,False,False,1168.4,420.0
49,C361,2,1992,1992-11-10,0.9023999869823456,378.89,9.199999809265137,361.0,118.0,51,7653,22,312.4,False,False,False,1168.4,382.0
49,C361,2,1993,1993-11-10,0.9103000044822692,407.27,7.699999809265137,353.0,151.0,53,8093,23,312.4,False,False,False,1168.4,365.0
49,C361,2,1995,1995-08-02,0.8855999946594239,408.58,8.899999618530273,169.0,148.0,54,8973,25,312.4,False,False,False,1168.4,630.0
49,C361,2,1997,1997-11-13,0.9908000051975252,459.07,8.600000381469727,367.0,128.0,55,10008,27,312.4,False,False,False,1168.4,834.0
49,C361,2,1998,1998-12-01,1.018099993467331,482.63,8.5,274.0,149.0,55,10467,28,312.4,False,False,False,1168.4,383.0
49,C361,2,1999,1999-07-14,1.068500006198883,365.55,9.399999618530272,179.0,159.0,47,10999,29,312.4,False,False,False,1168.4,225.0
49,C361,2,2002,2002-10-23,1.276199996471405,263.44,9.800000190734863,267.0,137.0,43,13056,32,312.4,False,False,False,1168.4,1197.0
50,1002,1,1989,1989-10-22,1.2305999875068665,1251.92,5.0,1142.0,87.0,80,1740,6,215.9,False,False,False,871.2,0.0
50,1002,1,1990,1990-06-07,1.222099983692169,1594.03,6.5,626.0,109.0,83,1960,7,215.9,False,False,False,871.2,228.0
50,1002,1,1991,1991-05-09,1.073799991607666,1223.67,6.400000095367432,787.0,91.0,82,2185,8,215.9,False,False,False,871.2,336.0
50,1002,1,1992,1992-07-23,1.1159000039100646,1113.55,5.0,858.0,119.0,81,2425,9,215.9,False,False,False,871.2,441.0
50,1002,1,1994,1994-06-12,1.2640249997377395,1194.05,5.099999904632568,1171.0,84.0,83,2869,11,215.9,False,False,False,871.2,689.0
50,1002,1,1995,1995-04-09,1.2739999920129774,967.92,5.900000095367432,916.0,88.0,79,3093,12,215.9,False,False,False,871.2,301.0
50,1002,1,1996,1996-11-07,1.2330000162124637,1417.23,5.599999904632568,873.0,106.0,81,3341,13,215.9,False,False,False,871.2,578.0
50,1002,1,1997,1997-05-09,1.3021600008010863,990.51,5.0,932.0,94.0,82,3603,14,215.9,False,False,False,871.2,183.0
50,1002,1,1998,1998-06-18,1.2924999952316285,1157.48,7.300000190734863,570.0,102.0,83,3860,15,215.9,False,False,False,871.2,405.0
50,1002,1,1999,1999-08-20,1.3599500060081482,1031.09,7.099999904632568,690.0,101.0,78,4240,16,215.9,False,False,False,871.2,428.0
50,1002,1,2000,2000-06-13,1.4724666674931846,1329.14,5.699999809265137,875.0,93.0,82,4632,17,215.9,False,False,False,871.2,298.0
50,1002,1,2001,2001-06-01,1.4517833371957145,857.39,6.599999904632568,788.0,82.0,81,4957,18,215.9,False,False,False,871.2,353.0
50,1002,1,2002,2002-05-29,1.475959997177124,1370.3,6.699999809265137,633.0,113.0,80,5249,19,215.9,False,False,False,871.2,362.0
50,1002,1,2003,2003-06-01,1.4729750007390976,1375.63,5.400000095367432,1150.0,79.0,82,5551,20,215.9,False,False,False,871.2,368.0
50,1002,1,2004,2004-04-14,1.5011999964714051,1288.46,5.900000095367432,956.0,88.0,82,5833,21,215.9,False,False,False,871.2,318.0
50,1004,1,1989,1989-10-22,1.649999988079071,1253.65,5.0,1265.0,68.0,78,1100,6,205.7,False,False,False,1379.1,0.0
50,1004,1,1990,1990-06-07,1.6861000061035156,1514.1,6.599999904632568,668.0,102.0,81,1252,7,205.7,False,False,False,1379.1,228.0
50,1004,1,1991,1991-05-08,1.4578999996185305,1317.04,6.5,835.0,80.0,79,1408,8,205.7,False,False,False,1379.1,335.0
50,1004,1,1992,1992-07-25,1.6467000126838685,1176.96,5.0,969.0,99.0,79,1578,9,205.7,False,False,False,1379.1,444.0
50,1004,1,1993,1993-08-07,2.075000023841858,1292.23,5.199999809265137,1120.0,86.0,80,1742,10,205.7,False,False,False,1379.1,378.0
50,1004,1,1994,1994-07-25,2.07979998588562,1221.67,5.400000095367432,1173.0,72.0,80,1915,11,205.7,False,False,False,1379.1,352.0
50,1004,1,1995,1995-07-23,2.092599987983704,1094.72,6.0,980.0,80.0,78,2088,12,205.7,False,False,False,1379.1,363.0
50,1004,1,1997,1997-07-11,2.0439000010490416,1065.08,5.199999809265137,987.0,80.0,80,2506,14,205.7,False,False,False,1379.1,719.0
50,1004,1,1998,1998-06-18,2.0107000112533573,1307.26,7.400000095367432,634.0,84.0,82,2716,15,205.7,False,False,False,1379.1,342.0
50,1004,2,1999,1999-07-14,1.4623000144958496,1058.85,7.300000190734863,754.0,85.0,76,2892,16,205.7,False,False,False,1379.1,391.0
50,1004,2,2000,2000-06-07,2.2747999906539915,1372.27,5.800000190734863,941.0,77.0,80,3106,17,205.7,False,False,False,1379.1,329.0
50,1004,3,2001,2001-05-10,1.0875999927520752,982.66,6.900000095367432,823.0,73.0,79,3307,18,205.7,False,False,False,1379.1,337.0
50,1004,4,2001,2001-08-09,0.905899977684021,982.66,6.900000095367432,823.0,73.0,79,3307,18,248.9,False,False,False,1422.3,91.0
50,1004,4,2002,2002-08-09,0.8762999951839447,1339.14,6.800000190734863,663.0,101.0,78,3498,19,248.9,False,False,False,1422.3,365.0
50,1004,4,2003,2003-06-26,0.8798000037670135,1382.74,5.599999904632568,1170.0,72.0,80,3682,20,248.9,False,False,False,1422.3,321.0
50,1004,4,2004,2004-04-15,0.8879000067710876,1253.02,5.800000190734863,1044.0,72.0,80,3873,21,248.9,False,False,False,1422.3,294.0
50,1004,5,2007,2007-08-22,0.992599993944168,1417.19,5.599999904632568,1135.0,64.0,80,4623,24,248.9,False,False,False,1422.3,1224.0
50,1004,5,2009,2009-06-16,1.0493000090122222,1322.52,6.099999904632568,886.0,80.0,80,5162,26,248.9,False,False,False,1422.3,664.0
50,1004,5,2011,2011-06-07,1.166099989414215,1777.71,6.900000095367432,846.0,78.0,82,5935,28,248.9,False,False,False,1422.3,721.0
50,1004,5,2013,2013-10-03,1.0317000150680542,1444.84,6.300000190734863,893.0,91.0,78,7265,30,248.9,False,False,False,1422.3,849.0
50,1681,1,1989,1989-10-23,1.2052000045776368,1253.65,5.0,1265.0,68.0,78,7762,27,61.0,False,True,False,1000.8,0.0
50,1681,1,1990,1990-06-07,1.2043999910354617,1514.1,6.599999904632568,668.0,102.0,81,8122,28,61.0,False,True,False,1000.8,227.0
50,1681,1,1991,1991-05-09,1.080299985408783,1317.04,6.5,835.0,80.0,79,8452,29,61.0,False,True,False,1000.8,336.0
50,1681,2,1992,1992-07-22,0.8005999982357025,1176.96,5.0,969.0,99.0,79,8850,30,175.3,False,True,False,1115.1,440.0
50,1681,2,1995,1995-07-22,0.84789999127388,1094.72,6.0,980.0,80.0,78,10038,33,175.3,False,True,False,1115.1,1095.0
50,1681,2,1997,1997-07-10,0.9212999939918518,1065.08,5.199999809265137,987.0,80.0,80,10888,35,175.3,False,True,False,1115.1,719.0
50,1681,2,1998,1998-06-18,0.8918999969959259,1307.26,7.400000095367432,634.0,84.0,82,11383,36,175.3,False,True,False,1115.1,343.0
50,1681,2,1999,1999-07-13,0.9673999965190888,1058.85,7.300000190734863,754.0,85.0,76,11917,37,175.3,False,True,False,1115.1,390.0
50,1681,3,2001,2001-06-30,0.9131999999284744,982.66,6.900000095367432,823.0,73.0,79,13011,39,175.3,False,True,False,1115.1,718.0
50,1681,3,2002,2002-08-08,0.9755999982357024,1339.14,6.800000190734863,663.0,101.0,78,13531,40,175.3,False,True,False,1115.1,404.0
50,1681,3,2003,2003-06-26,0.9661000072956084,1382.74,5.599999904632568,1170.0,72.0,80,14100,41,175.3,False,True,False,1115.1,322.0
50,1681,3,2004,2004-04-14,0.98620001077652,1253.02,5.800000190734863,1044.0,72.0,80,14764,42,175.3,False,True,False,1115.1,293.0
50,1683,1,1989,1989-10-23,2.1214999854564667,1253.65,5.0,1265.0,68.0,78,8338,27,63.5,False,True,False,1069.3,0.0
50,1683,1,1990,1990-08-06,2.2499999821186067,1514.1,6.599999904632568,668.0,102.0,81,8698,28,63.5,False,True,False,1069.3,287.0
50,1683,1,1991,1991-05-09,2.228900003433228,1317.04,6.5,835.0,80.0,79,9018,29,63.5,False,True,False,1069.3,276.0
50,1683,2,1992,1992-07-22,0.9531999826431274,1176.96,5.0,969.0,99.0,79,9406,30,190.5,False,True,False,1196.3,440.0
50,1683,2,1995,1995-07-22,0.9479000091552734,1094.72,6.0,980.0,80.0,78,10586,33,190.5,False,True,False,1196.3,1095.0
50,1683,2,1997,1997-07-10,0.94310000538826,1065.08,5.199999809265137,987.0,80.0,80,11427,35,190.5,False,True,False,1196.3,719.0
50,1683,2,1998,1998-06-18,0.9567000031471252,1307.26,7.400000095367432,634.0,84.0,82,11901,36,190.5,False,True,False,1196.3,343.0
50,1683,2,1999,1999-07-13,0.9565000116825104,1058.85,7.300000190734863,754.0,85.0,76,12413,37,190.5,False,True,False,1196.3,390.0
50,1683,3,2001,2001-06-30,0.953650003671646,982.66,6.900000095367432,823.0,73.0,79,13479,39,190.5,False,True,False,1196.3,718.0
50,1683,3,2002,2002-08-08,0.96139999628067,1339.14,6.800000190734863,663.0,101.0,78,14008,40,190.5,False,True,False,1196.3,404.0
50,1683,3,2003,2003-06-26,0.9372999966144562,1382.74,5.599999904632568,1170.0,72.0,80,14496,41,190.5,False,True,False,1196.3,322.0
50,1683,3,2004,2004-04-14,0.9472000062465668,1253.02,5.800000190734863,1044.0,72.0,80,15003,42,190.5,False,True,False,1196.3,293.0
50,1683,3,2007,2007-08-21,1.0146999835968018,1417.19,5.599999904632568,1135.0,64.0,80,16482,45,190.5,False,True,False,1196.3,1224.0
50,1683,3,2009,2009-06-16,1.0296999871730803,1322.52,6.099999904632568,886.0,80.0,80,17263,47,190.5,False,True,False,1196.3,665.0
50,1683,3,2011,2011-06-12,1.0695000052452088,1777.71,6.900000095367432,846.0,78.0,82,18131,49,190.5,False,True,False,1196.3,726.0
50,1683,4,2013,2013-10-03,0.7054999887943267,1444.84,6.300000190734863,893.0,91.0,78,18939,51,238.8,False,True,False,1244.6,844.0
50,1683,4,2015,2015-11-18,0.7106000065803528,1247.02,6.300000190734863,1041.0,76.0,77,19732,53,238.8,False,True,False,1244.6,776.0
51,0113,1,1996,1996-08-13,1.039550003409386,1366.83,12.800000190734863,152.0,93.0,79,525,6,101.6,False,False,True,454.7,0.0
51,0113,1,1997,1997-10-09,1.4691000103950502,1310.55,13.5,58.0,79.0,74,1255,7,101.6,False,False,True,454.7,422.0
51,0113,1,1998,1998-05-22,1.5739600014686586,1128.74,15.300000190734863,28.0,63.0,74,1985,8,101.6,False,False,True,454.7,225.0
51,0113,1,1999,1999-12-17,1.654299998283386,1126.59,14.699999809265137,29.0,78.0,72,2715,9,101.6,False,False,True,454.7,574.0
51,0113,1,2000,2000-07-10,1.845533323287964,931.84,13.899999618530272,125.0,84.0,72,3545,10,101.6,False,False,True,454.7,206.0
51,0113,1,2001,2001-03-24,1.8552499830722808,702.98,15.0,17.0,81.0,69,4375,11,101.6,False,False,True,454.7,257.0
51,0113,2,2001,2001-07-13,1.9450000047683715,702.98,15.0,17.0,81.0,69,4375,11,101.6,False,False,True,454.7,111.0
51,0114,1,1996,1996-08-13,0.9341000020503998,1366.83,12.800000190734863,152.0,93.0,79,525,6,182.9,False,False,True,637.6,0.0
51,0114,1,1997,1997-10-09,1.0074000120162965,1310.55,13.5,58.0,79.0,74,1255,7,182.9,False,False,True,637.6,422.0
51,0114,1,1998,1998-05-22,0.9897200012207032,1128.74,15.300000190734863,28.0,63.0,74,1985,8,182.9,False,False,True,637.6,225.0
51,0114,1,1999,1999-12-17,1.038299995660782,1126.59,14.699999809265137,29.0,78.0,72,2715,9,182.9,False,False,True,637.6,574.0
51,0114,1,2000,2000-07-12,1.0291999965906142,931.84,13.899999618530272,125.0,84.0,72,3545,10,182.9,False,False,True,637.6,208.0
51,0114,1,2001,2001-06-11,0.9973999977111816,702.98,15.0,17.0,81.0,69,4375,11,182.9,False,False,True,637.6,334.0
51,0114,1,2002,2002-07-17,0.9644400000572204,1124.1,15.199999809265137,45.0,85.0,71,5215,12,182.9,False,False,True,637.6,401.0
51,0114,1,2003,2003-06-29,0.9773000001907348,1462.32,13.5,62.0,91.0,82,5935,13,182.9,False,False,True,637.6,347.0
51,0114,2,2004,2004-11-15,1.089100003242493,986.26,14.600000381469728,67.0,85.0,76,6683,14,182.9,False,False,True,637.6,505.0
51,0114,2,2006,2006-12-02,1.0929999947547913,1233.07,14.899999618530272,6.0,72.0,75,8466,16,182.9,False,False,True,637.6,747.0
51,0114,2,2008,2008-10-23,1.0750999927520752,1134.92,14.5,31.0,78.0,73,10196,18,182.9,False,False,True,637.6,691.0
51,0114,2,2009,2009-11-17,1.15660001039505,1551.47,14.199999809265137,72.0,73.0,77,10999,19,182.9,False,False,True,637.6,390.0
51,0114,2,2010,2010-07-13,1.201200008392334,1139.29,14.199999809265137,156.0,89.0,75,11835,20,182.9,False,False,True,637.6,238.0
51,0114,3,2011,2011-07-14,1.2691999793052675,1041.67,15.300000190734863,23.0,82.0,73,12646,21,228.6,False,False,True,683.3,366.0
51,0114,3,2012,2012-03-27,1.2865000009536742,1031.53,15.600000381469728,6.0,63.0,73,13452,22,228.6,False,False,True,683.3,257.0
51,0114,3,2014,2014-05-22,1.356500005722046,1204.89,13.800000190734863,83.0,97.0,75,15112,24,228.6,False,False,True,683.3,786.0
51,0114,3,2016,2016-06-11,1.4064000010490418,1034.26,15.199999809265137,70.0,67.0,76,16892,26,228.6,False,False,True,683.3,751.0
51,0115,1,1996,1996-08-13,1.0253500014543533,1366.83,12.800000190734863,152.0,93.0,79,525,6,167.7,False,True,True,536.0,0.0
51,0115,1,1997,1997-10-09,1.0443999886512756,1310.55,13.5,58.0,79.0,74,1255,7,167.7,False,True,True,536.0,422.0
51,0115,1,1998,1998-06-14,1.042475001513958,1128.74,15.300000190734863,28.0,63.0,74,1985,8,167.7,False,True,True,536.0,248.0
51,0115,1,1999,1999-12-17,1.1794999837875366,1126.59,14.699999809265137,29.0,78.0,72,2715,9,167.7,False,True,True,536.0,551.0
51,0115,1,2000,2000-11-07,1.0656000018119811,931.84,13.899999618530272,125.0,84.0,72,3545,10,167.7,False,True,True,536.0,326.0
51,0115,1,2001,2001-06-17,1.052599999308586,702.98,15.0,17.0,81.0,69,4375,11,167.7,False,True,True,536.0,222.0
51,0115,1,2002,2002-05-19,1.0612333337465922,1124.1,15.199999809265137,45.0,85.0,71,5215,12,167.7,False,True,True,536.0,336.0
51,0115,1,2003,2003-07-12,1.054399996995926,1462.32,13.5,62.0,91.0,82,5935,13,167.7,False,True,True,536.0,419.0
51,0115,2,2004,2004-11-15,1.0788999915122983,986.26,14.600000381469728,67.0,85.0,76,6683,14,167.7,False,True,True,536.0,492.0
51,0115,2,2006,2006-12-02,1.052300012111664,1233.07,14.899999618530272,6.0,72.0,75,8466,16,167.7,False,True,True,536.0,747.0
51,0115,2,2008,2008-10-23,1.058599990606308,1134.92,14.5,31.0,78.0,73,10196,18,167.7,False,True,True,536.0,691.0
51,0115,2,2009,2009-11-17,1.0884999990463258,1551.47,14.199999809265137,72.0,73.0,77,10999,19,167.7,False,True,True,536.0,390.0
51,0115,2,2010,2010-07-13,1.0886000037193295,1139.29,14.199999809265137,156.0,89.0,75,11835,20,167.7,False,True,True,536.0,238.0
51,0115,3,2011,2011-07-13,0.8343999981880188,1041.67,15.300000190734863,23.0,82.0,73,12646,21,210.9,False,True,True,579.2,365.0
51,0115,3,2012,2012-03-27,0.8575999975204468,1031.53,15.600000381469728,6.0,63.0,73,13452,22,210.9,False,True,True,579.2,258.0
51,0115,3,2014,2014-05-22,0.9140999972820284,1204.89,13.800000190734863,83.0,97.0,75,15112,24,210.9,False,True,True,579.2,786.0
51,0115,3,2016,2016-06-11,0.8804999947547913,1034.26,15.199999809265137,70.0,67.0,76,16892,26,210.9,False,True,True,579.2,751.0
51,0116,1,1996,1996-08-13,0.9701999962329864,1366.83,12.800000190734863,152.0,93.0,79,525,6,114.3,False,True,True,589.3,0.0
51,0116,1,1997,1997-10-09,0.9901999950408936,1310.55,13.5,58.0,79.0,74,1255,7,114.3,False,True,True,589.3,422.0
51,0116,1,1998,1998-06-14,0.986474996805191,1128.74,15.300000190734863,28.0,63.0,74,1985,8,114.3,False,True,True,589.3,248.0
51,0116,1,1999,1999-12-17,0.9828999936580658,1126.59,14.699999809265137,29.0,78.0,72,2715,9,114.3,False,True,True,589.3,551.0
51,0116,1,2000,2000-11-07,0.9818999946117402,931.84,13.899999618530272,125.0,84.0,72,3545,10,114.3,False,True,True,589.3,326.0
51,0116,1,2001,2001-06-17,0.9912499964237214,702.98,15.0,17.0,81.0,69,4375,11,114.3,False,True,True,589.3,222.0
51,0116,1,2002,2002-05-19,0.980833339691162,1124.1,15.199999809265137,45.0,85.0,71,5215,12,114.3,False,True,True,589.3,336.0
51,0116,1,2003,2003-07-12,0.9832499891519546,1462.32,13.5,62.0,91.0,82,5935,13,114.3,False,True,True,589.3,419.0
51,0116,2,2004,2004-11-15,0.9953999936580658,986.26,14.600000381469728,67.0,85.0,76,6683,14,114.3,False,True,True,589.3,492.0
51,0116,2,2006,2006-12-02,0.9787000000476838,1233.07,14.899999618530272,6.0,72.0,75,8466,16,114.3,False,True,True,589.3,747.0
51,0116,2,2008,2008-10-23,0.982699990272522,1134.92,14.5,31.0,78.0,73,10196,18,114.3,False,True,True,589.3,691.0
51,0116,2,2009,2009-11-17,0.9620999932289124,1551.47,14.199999809265137,72.0,73.0,77,10999,19,114.3,False,True,True,589.3,390.0
51,0116,2,2010,2010-07-13,0.9986000001430512,1139.29,14.199999809265137,156.0,89.0,75,11835,20,114.3,False,True,True,589.3,238.0
51,0116,3,2011,2011-07-13,0.9225999891757966,1041.67,15.300000190734863,23.0,82.0,73,12646,21,157.5,False,True,True,632.5,365.0
51,0116,3,2012,2012-03-27,0.9848000049591064,1031.53,15.600000381469728,6.0,63.0,73,13452,22,157.5,False,True,True,632.5,258.0
51,0116,3,2014,2014-05-22,0.9954999923706056,1204.89,13.800000190734863,83.0,97.0,75,15112,24,157.5,False,True,True,632.5,786.0
51,0116,3,2016,2016-06-11,0.9405000030994416,1034.26,15.199999809265137,70.0,67.0,76,16892,26,157.5,False,True,True,632.5,751.0
51,0117,1,1996,1996-08-14,0.9844000011682512,1366.83,12.800000190734863,152.0,93.0,79,525,6,172.8,False,True,True,528.4,0.0
51,0117,1,1997,1997-10-09,0.9835999965667724,1310.55,13.5,58.0,79.0,74,1255,7,172.8,False,True,True,528.4,421.0
51,0117,1,1998,1998-06-14,0.9841499984264374,1128.74,15.300000190734863,28.0,63.0,74,1985,8,172.8,False,True,True,528.4,248.0
51,0117,1,1999,1999-12-17,1.0055000126361846,1126.59,14.699999809265137,29.0,78.0,72,2715,9,172.8,False,True,True,528.4,551.0
51,0117,1,2000,2000-11-07,0.9981000065803528,931.84,13.899999618530272,125.0,84.0,72,3545,10,172.8,False,True,True,528.4,326.0
51,0117,1,2001,2001-06-17,0.985499992966652,702.98,15.0,17.0,81.0,69,4375,11,172.8,False,True,True,528.4,222.0
51,0117,1,2002,2002-05-19,0.9732666691144308,1124.1,15.199999809265137,45.0,85.0,71,5215,12,172.8,False,True,True,528.4,336.0
51,0117,1,2003,2003-07-12,0.998500007390976,1462.32,13.5,62.0,91.0,82,5935,13,172.8,False,True,True,528.4,419.0
51,0117,2,2004,2004-11-15,1.0577000021934508,986.26,14.600000381469728,67.0,85.0,76,6683,14,172.8,False,True,True,528.4,492.0
51,0117,2,2006,2006-12-02,1.0547999918460846,1233.07,14.899999618530272,6.0,72.0,75,8466,16,172.8,False,True,True,528.4,747.0
51,0117,2,2008,2008-10-23,1.058399987220764,1134.92,14.5,31.0,78.0,73,10196,18,172.8,False,True,True,528.4,691.0
51,0117,2,2009,2009-11-17,1.1141000032424926,1551.47,14.199999809265137,72.0,73.0,77,10999,19,172.8,False,True,True,528.4,390.0
51,0117,2,2010,2010-07-13,1.0322999954223633,1139.29,14.199999809265137,156.0,89.0,75,11835,20,172.8,False,True,True,528.4,238.0
51,0117,3,2011,2011-07-13,0.7993000090122223,1041.67,15.300000190734863,23.0,82.0,73,12646,21,218.5,False,True,True,574.1,365.0
51,0117,3,2012,2012-03-27,0.8270999968051911,1031.53,15.600000381469728,6.0,63.0,73,13452,22,218.5,False,True,True,574.1,258.0
51,0117,3,2014,2014-05-22,0.8611999988555908,1204.89,13.800000190734863,83.0,97.0,75,15112,24,218.5,False,True,True,574.1,786.0
51,0117,3,2016,2016-06-11,0.8419000029563903,1034.26,15.199999809265137,70.0,67.0,76,16892,26,218.5,False,True,True,574.1,751.0
51,0118,1,1996,1996-08-13,1.04140000641346,1366.83,12.800000190734863,152.0,93.0,79,525,6,106.7,False,True,True,546.2,0.0
51,0118,1,1997,1997-10-09,1.051800000667572,1310.55,13.5,58.0,79.0,74,1255,7,106.7,False,True,True,546.2,422.0
51,0118,1,1998,1998-06-14,1.0611250013113025,1128.74,15.300000190734863,28.0,63.0,74,1985,8,106.7,False,True,True,546.2,248.0
51,0118,1,1999,1999-12-17,1.0600000083446504,1126.59,14.699999809265137,29.0,78.0,72,2715,9,106.7,False,True,True,546.2,551.0
51,0118,1,2000,2000-11-07,1.0784999966621398,931.84,13.899999618530272,125.0,84.0,72,3545,10,106.7,False,True,True,546.2,326.0
51,0118,1,2001,2001-06-17,1.0956500172615051,702.98,15.0,17.0,81.0,69,4375,11,106.7,False,True,True,546.2,222.0
51,0118,1,2002,2002-05-19,1.089900004863739,1124.1,15.199999809265137,45.0,85.0,71,5215,12,106.7,False,True,True,546.2,336.0
51,0118,1,2003,2003-07-12,1.1028500139713286,1462.32,13.5,62.0,91.0,82,5935,13,106.7,False,True,True,546.2,419.0
51,0118,2,2004,2004-11-15,1.14760000705719,986.26,14.600000381469728,67.0,85.0,76,6683,14,106.7,False,True,True,546.2,492.0
51,0118,2,2006,2006-12-02,1.1454999804496766,1233.07,14.899999618530272,6.0,72.0,75,8466,16,106.7,False,True,True,546.2,747.0
51,0118,2,2008,2008-10-23,1.15349999666214,1134.92,14.5,31.0,78.0,73,10196,18,106.7,False,True,True,546.2,691.0
51,0118,2,2009,2009-11-17,1.1835999965667725,1551.47,14.199999809265137,72.0,73.0,77,10999,19,106.7,False,True,True,546.2,390.0
51,0118,2,2010,2010-07-13,1.211899995803833,1139.29,14.199999809265137,156.0,89.0,75,11835,20,106.7,False,True,True,546.2,238.0
51,0118,3,2011,2011-07-13,0.7337999999523163,1041.67,15.300000190734863,23.0,82.0,73,12646,21,149.9,False,True,True,589.4,365.0
51,0118,3,2012,2012-03-27,0.7611000061035156,1031.53,15.600000381469728,6.0,63.0,73,13452,22,149.9,False,True,True,589.4,258.0
51,0118,3,2014,2014-05-22,0.818400001525879,1204.89,13.800000190734863,83.0,97.0,75,15112,24,149.9,False,True,True,589.4,786.0
51,0118,3,2016,2016-06-11,0.8064000010490417,1034.26,15.199999809265137,70.0,67.0,76,16892,26,149.9,False,True,True,589.4,751.0
51,0119,1,1996,1996-08-13,0.953400006890297,1366.83,12.800000190734863,152.0,93.0,79,525,6,165.10000000000002,False,True,True,525.8,0.0
51,0119,1,1997,1997-10-09,0.9944000005722048,1310.55,13.5,58.0,79.0,74,1255,7,165.10000000000002,False,True,True,525.8,422.0
51,0119,1,1998,1998-06-14,1.0179500028491022,1128.74,15.300000190734863,28.0,63.0,74,1985,8,165.10000000000002,False,True,True,525.8,248.0
51,0119,1,1999,1999-12-17,1.034600007534027,1126.59,14.699999809265137,29.0,78.0,72,2715,9,165.10000000000002,False,True,True,525.8,551.0
51,0119,1,2000,2000-11-07,1.1115000009536744,931.84,13.899999618530272,125.0,84.0,72,3545,10,165.10000000000002,False,True,True,525.8,326.0
51,0119,1,2001,2001-06-17,1.0706499934196472,702.98,15.0,17.0,81.0,69,4375,11,165.10000000000002,False,True,True,525.8,222.0
51,0119,1,2002,2002-05-19,1.0647333443164824,1124.1,15.199999809265137,45.0,85.0,71,5215,12,165.10000000000002,False,True,True,525.8,336.0
51,0119,1,2003,2003-07-12,1.1161499917507172,1462.32,13.5,62.0,91.0,82,5935,13,165.10000000000002,False,True,True,525.8,419.0
51,0119,2,2004,2004-11-15,1.2100000023841857,986.26,14.600000381469728,67.0,85.0,76,6683,14,165.10000000000002,False,True,True,525.8,492.0
51,0119,2,2006,2006-12-02,1.1164000034332275,1233.07,14.899999618530272,6.0,72.0,75,8466,16,165.10000000000002,False,True,True,525.8,747.0
51,0119,2,2008,2008-10-23,1.199999988079071,1134.92,14.5,31.0,78.0,73,10196,18,165.10000000000002,False,True,True,525.8,691.0
51,0119,2,2009,2009-11-17,1.1424999952316286,1551.47,14.199999809265137,72.0,73.0,77,10999,19,165.10000000000002,False,True,True,525.8,390.0
51,0119,2,2010,2010-07-13,1.1395999908447263,1139.29,14.199999809265137,156.0,89.0,75,11835,20,165.10000000000002,False,True,True,525.8,238.0
51,0119,3,2011,2011-07-13,1.127999985218048,1041.67,15.300000190734863,23.0,82.0,73,12646,21,203.2,False,True,True,563.9,365.0
51,0119,3,2012,2012-03-27,1.1664999961853026,1031.53,15.600000381469728,6.0,63.0,73,13452,22,203.2,False,True,True,563.9,258.0
51,0119,3,2014,2014-05-22,1.216799998283386,1204.89,13.800000190734863,83.0,97.0,75,15112,24,203.2,False,True,True,563.9,786.0
51,0119,3,2016,2016-06-11,1.226900005340576,1034.26,15.199999809265137,70.0,67.0,76,16892,26,203.2,False,True,True,563.9,751.0
51,0120,1,1996,1996-08-13,1.1248500049114227,1366.83,12.800000190734863,152.0,93.0,79,525,6,104.2,False,True,True,558.8,0.0
51,0120,1,1997,1997-10-09,1.1870000123977662,1310.55,13.5,58.0,79.0,74,1255,7,104.2,False,True,True,558.8,422.0
51,0120,1,1998,1998-06-14,1.189374992251396,1128.74,15.300000190734863,28.0,63.0,74,1985,8,104.2,False,True,True,558.8,248.0
51,0120,1,1999,1999-12-17,1.2234000086784362,1126.59,14.699999809265137,29.0,78.0,72,2715,9,104.2,False,True,True,558.8,551.0
51,0120,1,2000,2000-11-07,1.2555999875068666,931.84,13.899999618530272,125.0,84.0,72,3545,10,104.2,False,True,True,558.8,326.0
51,0120,1,2001,2001-06-17,1.2096499919891357,702.98,15.0,17.0,81.0,69,4375,11,104.2,False,True,True,558.8,222.0
51,0120,1,2002,2002-05-19,1.2134666681289672,1124.1,15.199999809265137,45.0,85.0,71,5215,12,104.2,False,True,True,558.8,336.0
51,0120,1,2003,2003-07-12,1.259500002861023,1462.32,13.5,62.0,91.0,82,5935,13,104.2,False,True,True,558.8,419.0
51,0120,2,2004,2004-11-15,1.2990000009536744,986.26,14.600000381469728,67.0,85.0,76,6683,14,104.2,False,True,True,558.8,492.0
51,0120,2,2006,2006-12-02,1.3215999960899354,1233.07,14.899999618530272,6.0,72.0,75,8466,16,104.2,False,True,True,558.8,747.0
51,0120,2,2008,2008-10-23,1.349999988079071,1134.92,14.5,31.0,78.0,73,10196,18,104.2,False,True,True,558.8,691.0
51,0120,2,2009,2009-11-17,1.4365000009536744,1551.47,14.199999809265137,72.0,73.0,77,10999,19,104.2,False,True,True,558.8,390.0
51,0120,2,2010,2010-07-13,1.4944999933242795,1139.29,14.199999809265137,156.0,89.0,75,11835,20,104.2,False,True,True,558.8,238.0
51,0120,3,2011,2011-07-13,1.0040999948978424,1041.67,15.300000190734863,23.0,82.0,73,12646,21,149.9,False,True,True,604.5,365.0
51,0120,3,2012,2012-03-27,1.0337000131607057,1031.53,15.600000381469728,6.0,63.0,73,13452,22,149.9,False,True,True,604.5,258.0
51,0120,3,2014,2014-05-22,1.0503999948501588,1204.89,13.800000190734863,83.0,97.0,75,15112,24,149.9,False,True,True,604.5,786.0
51,0120,3,2016,2016-06-11,1.0699000120162965,1034.26,15.199999809265137,70.0,67.0,76,16892,26,149.9,False,True,True,604.5,751.0
51,0121,1,1996,1996-08-14,1.0072499960660934,1366.83,12.800000190734863,152.0,93.0,79,525,6,99.0,False,True,True,667.9,0.0
51,0121,1,1997,1997-10-09,1.0505000233650206,1310.55,13.5,58.0,79.0,74,1255,7,99.0,False,True,True,667.9,421.0
51,0121,1,1998,1998-06-14,1.0612249955534936,1128.74,15.300000190734863,28.0,63.0,74,1985,8,99.0,False,True,True,667.9,248.0
51,0121,1,1999,1999-12-17,1.1241000056266786,1126.59,14.699999809265137,29.0,78.0,72,2715,9,99.0,False,True,True,667.9,551.0
51,0121,1,2000,2000-11-07,1.142799985408783,931.84,13.899999618530272,125.0,84.0,72,3545,10,99.0,False,True,True,667.9,326.0
51,0121,1,2001,2001-06-17,1.1232999861240387,702.98,15.0,17.0,81.0,69,4375,11,99.0,False,True,True,667.9,222.0
51,0121,1,2002,2002-05-19,1.1139000018437704,1124.1,15.199999809265137,45.0,85.0,71,5215,12,99.0,False,True,True,667.9,336.0
51,0121,1,2003,2003-07-12,1.149949997663498,1462.32,13.5,62.0,91.0,82,5935,13,99.0,False,True,True,667.9,419.0
51,0121,2,2004,2004-11-15,1.218999993801117,986.26,14.600000381469728,67.0,85.0,76,6683,14,99.0,False,True,True,667.9,492.0
51,0121,2,2006,2006-12-02,1.3392000317573547,1233.07,14.899999618530272,6.0,72.0,75,8466,16,99.0,False,True,True,667.9,747.0
51,0121,2,2008,2008-10-23,1.5280000090599062,1134.92,14.5,31.0,78.0,73,10196,18,99.0,False,True,True,667.9,691.0
51,0121,2,2009,2009-11-17,1.6549999833106996,1551.47,14.199999809265137,72.0,73.0,77,10999,19,99.0,False,True,True,667.9,390.0
51,0121,2,2010,2010-07-13,1.7942999958992003,1139.29,14.199999809265137,156.0,89.0,75,11835,20,99.0,False,True,True,667.9,238.0
51,0121,3,2011,2011-07-13,0.9806000113487244,1041.67,15.300000190734863,23.0,82.0,73,12646,21,142.2,False,True,True,711.0999999999999,365.0
51,0121,3,2012,2012-03-27,1.0051999986171722,1031.53,15.600000381469728,6.0,63.0,73,13452,22,142.2,False,True,True,711.0999999999999,258.0
51,0121,3,2014,2014-05-22,1.0691999912261962,1204.89,13.800000190734863,83.0,97.0,75,15112,24,142.2,False,True,True,711.0999999999999,786.0
51,0121,3,2016,2016-06-11,1.1677999973297115,1034.26,15.199999809265137,70.0,67.0,76,16892,26,142.2,False,True,True,711.0999999999999,751.0
51,0122,1,1996,1996-08-13,1.0031000047922134,1366.83,12.800000190734863,152.0,93.0,79,525,6,106.7,True,True,True,462.3,0.0
51,0122,1,1997,1997-10-09,1.0395000100135805,1310.55,13.5,58.0,79.0,74,1255,7,106.7,True,True,True,462.3,422.0
51,0122,1,1998,1998-06-14,1.0184999972581863,1128.74,15.300000190734863,28.0,63.0,74,1985,8,106.7,True,True,True,462.3,248.0
51,0122,1,1999,1999-12-17,0.9960000038146972,1126.59,14.699999809265137,29.0,78.0,72,2715,9,106.7,True,True,True,462.3,551.0
51,0122,1,2000,2000-11-07,1.018700009584427,931.84,13.899999618530272,125.0,84.0,72,3545,10,106.7,True,True,True,462.3,326.0
51,0122,1,2001,2001-06-17,1.0182500064373017,702.98,15.0,17.0,81.0,69,4375,11,106.7,True,True,True,462.3,222.0
51,0122,1,2002,2002-05-19,1.0057333250840506,1124.1,15.199999809265137,45.0,85.0,71,5215,12,106.7,True,True,True,462.3,336.0
51,0122,1,2003,2003-07-12,1.003849995136261,1462.32,13.5,62.0,91.0,82,5935,13,106.7,True,True,True,462.3,419.0
51,0122,2,2004,2004-11-15,1.0430999875068665,986.26,14.600000381469728,67.0,85.0,76,6683,14,106.7,True,True,True,462.3,492.0
51,0122,2,2006,2006-12-02,1.033299994468689,1233.07,14.899999618530272,6.0,72.0,75,8466,16,106.7,True,True,True,462.3,747.0
51,0122,2,2008,2008-10-23,1.0750999808311463,1134.92,14.5,31.0,78.0,73,10196,18,106.7,True,True,True,462.3,691.0
51,0122,2,2009,2009-11-17,1.0637999951839443,1551.47,14.199999809265137,72.0,73.0,77,10999,19,106.7,True,True,True,462.3,390.0
51,0122,2,2010,2010-07-13,1.0751000046730042,1139.29,14.199999809265137,156.0,89.0,75,11835,20,106.7,True,True,True,462.3,238.0
51,0122,3,2011,2011-07-13,0.8906000018119812,1041.67,15.300000190734863,23.0,82.0,73,12646,21,155.0,True,True,True,510.6,365.0
51,0122,3,2012,2012-03-27,0.9185999989509582,1031.53,15.600000381469728,6.0,63.0,73,13452,22,155.0,True,True,True,510.6,258.0
51,0122,3,2014,2014-05-22,0.9471000015735628,1204.89,13.800000190734863,83.0,97.0,75,15112,24,155.0,True,True,True,510.6,786.0
51,0122,3,2016,2016-06-11,0.9369000017642974,1034.26,15.199999809265137,70.0,67.0,76,16892,26,155.0,True,True,True,510.6,751.0
51,0123,1,1996,1996-08-13,0.9318000018596648,1366.83,12.800000190734863,152.0,93.0,79,525,6,172.7,True,True,True,632.4,0.0
51,0123,1,1997,1997-10-09,0.9799999952316284,1310.55,13.5,58.0,79.0,74,1255,7,172.7,True,True,True,632.4,422.0
51,0123,1,1998,1998-06-14,0.9743000015616416,1128.74,15.300000190734863,28.0,63.0,74,1985,8,172.7,True,True,True,632.4,248.0
51,0123,1,1999,1999-12-17,0.950900000333786,1126.59,14.699999809265137,29.0,78.0,72,2715,9,172.7,True,True,True,632.4,551.0
51,0123,1,2000,2000-11-07,1.011400002241135,931.84,13.899999618530272,125.0,84.0,72,3545,10,172.7,True,True,True,632.4,326.0
51,0123,1,2001,2001-06-17,1.007200002670288,702.98,15.0,17.0,81.0,69,4375,11,172.7,True,True,True,632.4,222.0
51,0123,1,2002,2002-05-19,0.9871333281199136,1124.1,15.199999809265137,45.0,85.0,71,5215,12,172.7,True,True,True,632.4,336.0
51,0123,1,2003,2003-07-12,0.9977999925613404,1462.32,13.5,62.0,91.0,82,5935,13,172.7,True,True,True,632.4,419.0
51,0123,2,2004,2004-11-15,1.037200003862381,986.26,14.600000381469728,67.0,85.0,76,6683,14,172.7,True,True,True,632.4,492.0
51,0123,2,2006,2006-12-02,1.051300013065338,1233.07,14.899999618530272,6.0,72.0,75,8466,16,172.7,True,True,True,632.4,747.0
51,0123,2,2008,2008-10-23,1.020200008153915,1134.92,14.5,31.0,78.0,73,10196,18,172.7,True,True,True,632.4,691.0
51,0123,2,2009,2009-11-17,1.0740000069141389,1551.47,14.199999809265137,72.0,73.0,77,10999,19,172.7,True,True,True,632.4,390.0
51,0123,2,2010,2010-07-13,1.0671000003814697,1139.29,14.199999809265137,156.0,89.0,75,11835,20,172.7,True,True,True,632.4,238.0
51,0123,3,2011,2011-07-13,0.7798999965190887,1041.67,15.300000190734863,23.0,82.0,73,12646,21,210.8,True,True,True,670.5,365.0
51,0123,3,2012,2012-03-27,0.8199999988079072,1031.53,15.600000381469728,6.0,63.0,73,13452,22,210.8,True,True,True,670.5,258.0
51,0123,3,2014,2014-05-22,0.8690999984741211,1204.89,13.800000190734863,83.0,97.0,75,15112,24,210.8,True,True,True,670.5,786.0
51,0123,3,2016,2016-06-11,0.800900000333786,1034.26,15.199999809265137,70.0,67.0,76,16892,26,210.8,True,True,True,670.5,751.0
51,0124,1,1996,1996-08-13,0.8384500026702881,1366.83,12.800000190734863,152.0,93.0,79,525,6,165.10000000000002,True,True,False,718.8000000000001,0.0
51,0124,1,1997,1997-10-09,0.8628999948501587,1310.55,13.5,58.0,79.0,74,1255,7,165.10000000000002,True,True,False,718.8000000000001,422.0
51,0124,1,1998,1998-06-14,0.8740500003099442,1128.74,15.300000190734863,28.0,63.0,74,1985,8,165.10000000000002,True,True,False,718.8000000000001,248.0
51,0124,1,1999,1999-12-17,0.9017000019550324,1126.59,14.699999809265137,29.0,78.0,72,2715,9,165.10000000000002,True,True,False,718.8000000000001,551.0
51,0124,1,2001,2001-06-17,0.9108000040054322,702.98,15.0,17.0,81.0,69,4375,11,165.10000000000002,True,True,False,718.8000000000001,548.0
51,0124,1,2002,2002-05-19,0.9179666638374328,1124.1,15.199999809265137,45.0,85.0,71,5215,12,165.10000000000002,True,True,False,718.8000000000001,336.0
51,0124,1,2003,2003-07-12,0.9339499950408936,1462.32,13.5,62.0,91.0,82,5935,13,165.10000000000002,True,True,False,718.8000000000001,419.0
51,0124,2,2004,2004-11-15,0.9655999958515168,986.26,14.600000381469728,67.0,85.0,76,6683,14,165.10000000000002,True,True,False,718.8,492.0
51,0124,2,2006,2006-12-02,0.9571999967098236,1233.07,14.899999618530272,6.0,72.0,75,8466,16,165.10000000000002,True,True,False,718.8,747.0
51,0124,2,2008,2008-10-23,0.9371999979019164,1134.92,14.5,31.0,78.0,73,10196,18,165.10000000000002,True,True,False,718.8,691.0
51,0124,2,2009,2009-11-17,1.02739999294281,1551.47,14.199999809265137,72.0,73.0,77,10999,19,165.10000000000002,True,True,False,718.8,390.0
51,0124,2,2010,2010-07-13,1.0321999967098237,1139.29,14.199999809265137,156.0,89.0,75,11835,20,165.10000000000002,True,True,False,718.8,238.0
51,0124,3,2011,2011-07-13,0.8013000011444091,1041.67,15.300000190734863,23.0,82.0,73,12646,21,210.8,True,True,False,764.5,365.0
51,0124,3,2012,2012-03-27,0.8388999998569489,1031.53,15.600000381469728,6.0,63.0,73,13452,22,210.8,True,True,False,764.5,258.0
51,0124,3,2014,2014-05-22,0.883600002527237,1204.89,13.800000190734863,83.0,97.0,75,15112,24,210.8,True,True,False,764.5,786.0
51,0124,3,2016,2016-06-11,0.8198000073432923,1034.26,15.199999809265137,70.0,67.0,76,16892,26,210.8,True,True,False,764.5,751.0
51,0159,1,1996,1996-08-13,1.0752499997615814,1366.83,12.800000190734863,152.0,93.0,79,525,6,88.9,False,True,True,741.6999999999999,0.0
51,0159,1,1997,1997-10-09,1.076899987459183,1310.55,13.5,58.0,79.0,74,1255,7,88.9,False,True,True,741.6999999999999,422.0
51,0159,1,1998,1998-06-14,1.0876249969005585,1128.74,15.300000190734863,28.0,63.0,74,1985,8,88.9,False,True,True,741.6999999999999,248.0
51,0159,1,1999,1999-12-17,1.0917999863624577,1126.59,14.699999809265137,29.0,78.0,72,2715,9,88.9,False,True,True,741.6999999999999,551.0
51,0159,1,2000,2000-11-07,1.0838999927043915,931.84,13.899999618530272,125.0,84.0,72,3545,10,88.9,False,True,True,741.6999999999999,326.0
51,0159,1,2001,2001-06-17,1.0792499989271165,702.98,15.0,17.0,81.0,69,4375,11,88.9,False,True,True,741.6999999999999,222.0
51,0159,1,2002,2002-05-19,1.073033332824707,1124.1,15.199999809265137,45.0,85.0,71,5215,12,88.9,False,True,True,741.6999999999999,336.0
51,0159,1,2003,2003-07-12,1.07504999935627,1462.32,13.5,62.0,91.0,82,5935,13,88.9,False,True,True,741.6999999999999,419.0
51,0159,2,2004,2004-11-15,1.1162000060081485,986.26,14.600000381469728,67.0,85.0,76,6683,14,88.9,False,True,True,741.6999999999999,492.0
51,0159,2,2006,2006-12-02,1.1028999984264374,1233.07,14.899999618530272,6.0,72.0,75,8466,16,88.9,False,True,True,741.6999999999999,747.0
51,0159,2,2008,2008-10-23,1.106199997663498,1134.92,14.5,31.0,78.0,73,10196,18,88.9,False,True,True,741.6999999999999,691.0
51,0159,2,2009,2009-11-17,1.1227000057697296,1551.47,14.199999809265137,72.0,73.0,77,10999,19,88.9,False,True,True,741.6999999999999,390.0
51,0159,2,2010,2010-07-13,1.118499994277954,1139.29,14.199999809265137,156.0,89.0,75,11835,20,88.9,False,True,True,741.6999999999999,238.0
51,0159,3,2011,2011-07-13,0.974699991941452,1041.67,15.300000190734863,23.0,82.0,73,12646,21,134.6,False,True,True,787.4,365.0
51,0159,3,2012,2012-03-27,0.9648000001907348,1031.53,15.600000381469728,6.0,63.0,73,13452,22,134.6,False,True,True,787.4,258.0
51,0159,3,2014,2014-05-22,1.0411999881267548,1204.89,13.800000190734863,83.0,97.0,75,15112,24,134.6,False,True,True,787.4,786.0
51,0159,3,2016,2016-06-11,1.0387999951839446,1034.26,15.199999809265137,70.0,67.0,76,16892,26,134.6,False,True,True,787.4,751.0
51,1002,1,1990,1990-03-20,2.777499961853027,1346.78,12.5,40.0,102.0,77,4660,12,134.6,False,False,False,330.2,0.0
51,1002,2,1990,1990-12-18,2.517200040817261,1346.78,12.5,40.0,102.0,77,4660,12,190.5,False,False,False,386.1,273.0
51,1002,2,1991,1991-03-27,2.3522999763488768,1166.53,12.300000190734863,88.0,104.0,76,4810,13,190.5,False,False,False,386.1,99.0
51,1002,2,1992,1992-12-05,2.2948999881744383,1585.71,10.899999618530272,95.0,106.0,79,4892,14,190.5,False,False,False,386.1,619.0
51,1002,2,1993,1993-11-11,2.3926999807357787,1229.27,11.5,141.0,116.0,75,4980,15,190.5,False,False,False,386.1,341.0
51,1002,2,1994,1994-11-09,2.435199999809265,1369.43,11.399999618530272,187.0,96.0,77,5069,16,190.5,False,False,False,386.1,363.0
51,1002,2,1995,1995-11-29,2.4940000057220457,1523.37,11.399999618530272,208.0,101.0,75,5157,17,190.5,False,False,False,386.1,385.0
51,1002,2,1997,1997-09-17,2.4871000051498413,1218.75,11.100000381469728,148.0,104.0,74,5348,19,190.5,False,False,False,386.1,658.0
51,1002,2,1999,1999-03-25,2.7265000104904176,982.62,12.399999618530272,107.0,96.0,70,5623,21,190.5,False,False,False,386.1,554.0
51,1002,3,1999,1999-11-24,1.8836000204086305,982.62,12.399999618530272,107.0,96.0,70,5623,21,228.6,False,False,False,424.2,244.0
51,1002,3,2002,2002-01-08,1.944199991226196,1128.15,12.399999618530272,117.0,109.0,74,6075,24,228.6,False,False,False,424.2,776.0
51,1002,3,2003,2003-06-02,1.830400002002716,1566.58,11.100000381469728,190.0,95.0,82,6175,25,228.6,False,False,False,424.2,510.0
51,1002,3,2008,2008-05-14,1.9189000010490416,1041.71,11.800000190734863,120.0,102.0,73,6601,30,228.6,False,False,False,424.2,1808.0
51,1023,1,1990,1990-07-22,1.516333328353034,1084.41,15.800000190734863,10.0,63.0,75,24826,11,256.5,False,False,True,612.1,0.0
51,1023,1,1991,1991-04-30,1.619949996471405,929.46,15.399999618530272,19.0,78.0,74,27626,12,256.5,False,False,True,612.1,282.0
51,1023,1,1992,1992-06-28,1.5703999757766725,1383.47,13.899999618530272,15.0,89.0,78,29822,13,256.5,False,False,True,612.1,425.0
51,1023,1,1993,1993-06-19,1.782099986076355,1187.9,14.5,50.0,87.0,75,31992,14,256.5,False,False,True,612.1,356.0
51,1023,1,1994,1994-06-23,1.7884000182151794,1170.9,14.5,91.0,76.0,76,34259,15,256.5,False,False,True,612.1,369.0
51,1023,1,1995,1995-10-07,1.8070999860763548,1401.59,14.300000190734863,62.0,92.0,75,36598,16,256.5,False,False,True,612.1,471.0
51,1023,1,1997,1997-06-26,1.7185999989509582,1275.38,14.0,43.0,71.0,74,41447,18,256.5,False,False,True,612.1,628.0
51,1023,2,1997,1997-12-16,1.106000006198883,1275.38,14.0,43.0,71.0,74,41447,18,264.1,False,False,True,619.6999999999999,173.0
51,1023,2,1998,1998-08-18,1.101800000667572,1227.73,15.699999809265137,33.0,56.0,75,43949,19,264.1,False,False,True,619.6999999999999,245.0
51,1023,2,2001,2001-01-29,1.170299994945526,831.8,15.100000381469728,16.0,72.0,71,52529,22,264.1,False,False,True,619.6999999999999,895.0
51,1023,2,2002,2002-12-10,1.123099994659424,1358.94,15.600000381469728,33.0,81.0,72,55266,23,264.1,False,False,True,619.6999999999999,680.0
51,1023,2,2003,2003-08-26,1.1697000026702882,1909.32,14.0,61.0,85.0,83,58106,24,264.1,False,False,True,619.6999999999999,259.0
51,1023,2,2005,2005-06-04,1.2277000188827514,1220.82,15.300000190734863,67.0,79.0,74,63743,26,264.1,False,False,True,619.6999999999999,648.0
51,1417,1,1989,1989-12-07,1.5879999995231628,1345.84,12.100000381469728,218.0,94.0,79,8434,9,182.9,False,True,False,518.1,0.0
51,1417,1,1990,1990-03-22,1.2914999961853026,1193.88,14.0,20.0,93.0,76,9074,10,182.9,False,True,False,518.1,105.0
51,1417,2,1990,1990-11-09,1.080900013446808,1193.88,14.0,20.0,93.0,76,9074,10,221.0,False,True,False,556.2,232.0
51,1417,2,1991,1991-06-25,1.14520001411438,1071.22,14.100000381469728,52.0,92.0,72,9781,11,221.0,False,True,False,556.2,228.0
51,1417,2,1992,1992-06-08,1.1167999863624574,1058.88,12.399999618530272,48.0,100.0,77,10944,12,221.0,False,True,False,556.2,349.0
51,1417,2,1993,1993-06-24,1.1677000164985656,1304.93,12.699999809265137,121.0,98.0,75,11936,13,221.0,False,True,False,556.2,381.0
51,1417,2,1994,1994-06-23,1.2074000000953675,1246.53,12.5,202.0,89.0,77,12955,14,221.0,False,True,False,556.2,364.0
51,1417,2,1995,1995-12-13,1.2514000058174135,1319.64,12.699999809265137,160.0,101.0,74,13981,15,221.0,False,True,False,556.2,538.0
51,1417,2,1997,1997-06-28,1.7842499971389771,1233.69,12.5,92.0,95.0,73,16304,17,221.0,False,True,False,556.2,563.0
51,1417,3,1998,1998-04-21,2.77209997177124,1270.62,14.300000190734863,35.0,73.0,74,17506,18,221.0,False,True,False,556.2,297.0
51,1417,4,1998,1998-07-22,1.126800012588501,1270.62,14.300000190734863,35.0,73.0,74,17506,18,266.7,False,True,False,601.9,92.0
51,1417,4,2001,2001-02-01,1.2471999883651734,907.03,13.699999809265137,50.0,90.0,70,20998,21,266.7,False,True,False,601.9,925.0
51,1417,4,2002,2002-06-19,1.34614999294281,1182.86,14.300000190734863,55.0,94.0,70,22458,22,266.7,False,True,False,601.9,503.0
51,1417,5,2002,2002-12-10,0.9409000039100648,1182.86,14.300000190734863,55.0,94.0,70,22458,22,309.90000000000003,False,True,False,645.1,174.0
51,1417,5,2008,2008-05-08,1.0991000056266786,1245.61,13.5,54.0,94.0,74,30224,28,309.90000000000003,False,True,False,645.1,1976.0
51,1417,5,2010,2010-06-23,1.1597000002861022,1094.03,13.600000381469728,205.0,81.0,74,32216,30,309.90000000000003,False,True,False,645.1,776.0
51,1417,5,2011,2011-07-20,1.174399995803833,1393.76,14.0,66.0,91.0,77,33229,31,309.90000000000003,False,True,False,645.1,392.0
51,1417,5,2014,2014-12-12,1.2455999970436096,1315.3,12.399999618530272,194.0,101.0,76,36378,34,309.90000000000003,False,True,False,645.1,1241.0
51,1419,2,1990,1990-06-17,1.363599991798401,1414.28,12.300000190734863,50.0,100.0,78,9114,12,226.1,False,True,False,368.3,0.0
51,1419,2,1991,1991-11-06,1.35169997215271,1379.74,12.199999809265137,105.0,103.0,77,9404,13,226.1,False,True,False,368.3,507.0
51,1419,2,1992,1992-12-04,1.3555999875068665,1459.38,11.0,111.0,104.0,79,9709,14,226.1,False,True,False,368.3,394.0
51,1419,2,1993,1993-11-11,1.3728999972343443,1335.59,11.600000381469728,144.0,109.0,74,10021,15,226.1,False,True,False,368.3,342.0
51,1419,2,1994,1994-11-08,1.3993000030517575,1477.64,11.399999618530272,184.0,97.0,77,10332,16,226.1,False,True,False,368.3,362.0
51,1419,2,1995,1995-11-29,1.4017000079154969,1378.22,11.5,236.0,92.0,75,10623,17,226.1,False,True,False,368.3,386.0
51,1419,2,1997,1997-03-20,1.425499987602234,1259.67,11.100000381469728,149.0,102.0,75,11170,19,226.1,False,True,False,368.3,477.0
51,1419,3,1997,1997-09-17,1.2466000080108643,1259.67,11.100000381469728,149.0,102.0,75,11170,19,266.70000000000005,False,True,False,408.9,181.0
51,1419,3,1999,1999-12-18,1.2663999915122983,944.69,12.399999618530272,118.0,96.0,70,11764,21,266.70000000000005,False,True,False,408.9,822.0
51,1419,3,2001,2001-10-18,1.320200002193451,944.79,11.899999618530272,123.0,94.0,72,12430,23,266.70000000000005,False,True,False,408.9,670.0
51,1419,3,2002,2002-08-17,1.3253999948501587,1416.07,12.300000190734863,125.0,105.0,75,12790,24,266.70000000000005,False,True,False,408.9,303.0
51,1419,3,2004,2004-12-13,1.3357999920845032,1404.77,11.699999809265137,164.0,95.0,81,13383,26,266.70000000000005,False,True,False,408.9,849.0
51,1419,3,2008,2008-05-13,1.514799988269806,1074.45,11.699999809265137,138.0,100.0,73,14507,30,266.70000000000005,False,True,False,408.9,1247.0
51,1419,4,2010,2010-06-22,1.5675000071525576,1248.51,11.199999809265137,406.0,68.0,77,14949,32,266.70000000000005,False,True,False,408.9,770.0
51,1419,4,2011,2011-07-19,1.5800999999046326,1407.16,12.199999809265137,119.0,98.0,78,15206,33,266.70000000000005,False,True,False,408.9,392.0
51,1419,4,2012,2012-10-18,1.6396999955177307,1211.08,12.699999809265137,66.0,90.0,77,15452,34,266.70000000000005,False,True,False,408.9,457.0
51,1419,5,2015,2015-04-10,0.9360000014305114,1366.9,12.300000190734863,228.0,71.0,78,16178,37,299.70000000000005,False,True,False,441.9,904.0
51,1419,5,2018,2018-10-24,1.1401000142097473,1937.46,12.399999618530272,173.0,96.0,80,16743,40,299.70000000000005,False,True,False,441.9,1293.0
51,1423,2,1989,1989-11-17,1.810699999332428,1978.34,10.600000381469728,249.0,97.0,83,6778,12,78.8,False,True,True,487.8,0.0
51,1423,2,1991,1991-11-06,1.7994999885559082,1703.9,12.399999618530272,92.0,95.0,79,7232,14,78.8,False,True,True,487.8,719.0
51,1423,2,1992,1992-12-04,1.8277999877929687,1651.73,11.300000190734863,97.0,103.0,79,7512,15,78.8,False,True,True,487.8,394.0
51,1423,2,1993,1993-11-12,1.9557000160217284,1536.75,11.899999618530272,135.0,99.0,75,7743,16,78.8,False,True,True,487.8,343.0
51,1423,2,1994,1994-11-08,2.065500009059906,1766.58,11.800000190734863,171.0,94.0,78,8010,17,78.8,False,True,True,487.8,361.0
51,1423,2,1997,1997-06-18,2.121549999713898,1499.72,11.399999618530272,137.0,99.0,76,8802,20,78.8,False,True,True,487.8,953.0
51,1423,2,1999,1999-06-24,2.1679999828338623,1133.39,12.699999809265137,108.0,100.0,70,9362,22,78.8,False,True,True,487.8,736.0
51,1423,3,1999,1999-12-18,1.44339998960495,1133.39,12.699999809265137,108.0,100.0,70,9362,22,114.4,False,True,True,523.4,177.0
51,1423,3,2001,2001-10-17,1.4958000183105469,1031.2,12.300000190734863,117.0,93.0,72,9996,24,114.4,False,True,True,523.4,669.0
51,1423,3,2002,2002-01-15,1.489799988269806,1680.2,12.600000381469728,117.0,104.0,75,10362,25,114.4,False,True,True,523.4,90.0
51,1423,3,2004,2004-12-13,1.507700002193451,1645.83,12.100000381469728,149.0,91.0,81,11073,27,114.4,False,True,True,523.4,1063.0
51,1423,3,2008,2008-05-13,1.610199999809265,1368.25,12.0,133.0,97.0,72,12518,31,114.4,False,True,True,523.4,1247.0
51,1423,3,2010,2010-06-22,1.6030999779701234,1457.31,11.699999809265137,369.0,66.0,77,13172,33,114.4,False,True,True,523.4,770.0
51,1423,3,2011,2011-07-19,1.6036999940872192,1755.54,12.300000190734863,109.0,90.0,79,13484,34,114.4,False,True,True,523.4,392.0
51,1423,3,2014,2014-12-16,1.7085000157356265,1412.86,11.300000190734863,234.0,106.0,77,14308,37,114.4,False,True,True,523.4,1246.0
51,1423,3,2018,2018-10-24,1.8551000118255616,2303.38,12.699999809265137,167.0,89.0,80,15251,41,114.4,False,True,True,523.4,1408.0
51,1464,1,1989,1989-12-10,1.20829998254776,1377.49,13.300000190734863,187.0,70.0,81,21292,11,213.3,False,False,True,480.0,0.0
51,1464,1,1990,1990-12-06,1.1691999912261963,1176.42,15.399999618530272,9.0,59.0,76,22782,12,213.3,False,False,True,480.0,361.0
51,1464,1,1992,1992-06-02,1.2129999995231628,1342.4,13.600000381469728,19.0,83.0,78,26201,14,213.3,False,False,True,480.0,544.0
51,1464,1,1993,1993-06-18,1.178600013256073,1179.42,14.300000190734863,52.0,77.0,75,28121,15,213.3,False,False,True,480.0,381.0
51,1464,1,1994,1994-12-19,1.1609999895095826,1246.63,14.300000190734863,95.0,67.0,76,29820,16,213.3,False,False,True,480.0,549.0
51,1464,1,1996,1996-02-25,1.2475000023841858,1782.34,13.100000381469728,143.0,78.0,80,33447,18,213.3,False,False,True,480.0,433.0
51,1464,1,1997,1997-03-21,1.089999997615814,1271.69,13.899999618530272,44.0,71.0,74,35304,19,213.3,False,False,True,480.0,390.0
51,1464,2,1997,1997-12-15,0.6763000011444091,1271.69,13.899999618530272,44.0,71.0,74,35304,19,215.9,False,False,True,482.6,269.0
51,1464,2,2001,2001-01-30,0.6972999930381775,853.5,14.899999618530272,19.0,71.0,72,42456,23,215.9,False,False,True,482.6,1142.0
51,1464,2,2002,2002-10-22,0.6600000083446502,1488.81,15.5,21.0,76.0,72,44206,24,215.9,False,False,True,482.6,630.0
51,1464,2,2004,2004-12-12,0.7003000020980834,1141.73,14.399999618530272,88.0,74.0,79,48590,26,215.9,False,False,True,482.6,782.0
51,1464,2,2008,2008-05-07,1.018499994277954,1077.79,15.100000381469728,26.0,72.0,74,57760,30,215.9,False,False,True,482.6,1242.0
51,2004,1,1990,1990-06-22,1.3222499966621395,1193.19,15.100000381469728,11.0,68.0,76,3181,10,188.0,False,True,False,342.90000000000003,0.0
51,2004,1,1991,1991-11-02,1.4069999933242798,987.85,14.800000190734863,19.0,81.0,75,3788,11,188.0,False,True,False,342.90000000000003,498.0
51,2004,1,1992,1992-12-12,1.479799973964691,1299.8,13.5,17.0,92.0,77,4379,12,188.0,False,True,False,342.90000000000003,406.0
51,2004,1,1993,1993-11-10,1.580300009250641,1112.71,14.0,59.0,93.0,74,5045,13,188.0,False,True,False,342.90000000000003,333.0
51,2004,1,1994,1994-11-09,1.6072999835014343,1269.82,13.899999618530272,91.0,70.0,76,5676,14,188.0,False,True,False,342.90000000000003,364.0
51,2004,1,1996,1996-01-05,1.8098000288009644,1366.83,12.800000190734863,152.0,93.0,79,6832,16,188.0,False,True,False,342.90000000000003,422.0
51,2004,1,1997,1997-10-08,2.534099984169006,1310.55,13.5,58.0,79.0,74,7485,17,188.0,False,True,False,342.90000000000003,642.0
51,2004,1,1998,1998-04-21,3.0276999950408934,1128.74,15.300000190734863,28.0,63.0,74,8611,18,188.0,False,True,False,342.90000000000003,195.0
51,2004,2,1998,1998-09-10,1.1415499806404117,1128.74,15.300000190734863,28.0,63.0,74,8611,18,226.1,False,True,False,381.0,142.0
51,2004,2,1999,1999-12-17,1.203000009059906,1126.59,14.699999809265137,29.0,78.0,72,9737,19,226.1,False,True,False,381.0,463.0
51,2004,2,2001,2001-10-16,1.3123000025749207,702.98,15.0,17.0,81.0,69,12051,21,226.1,False,True,False,381.0,669.0
51,2004,2,2003,2003-06-02,1.397099995613098,1462.32,13.5,62.0,91.0,82,14118,23,226.1,False,True,False,381.0,594.0
51,2004,3,2008,2008-05-15,1.9968999862670893,1134.92,14.5,31.0,78.0,73,20392,28,226.1,False,True,False,381.0,1809.0
51,2021,1,1990,1990-08-04,1.4596500098705292,1452.58,13.699999809265137,19.0,83.0,77,2658,6,33.0,False,True,False,281.9,0.0
51,2021,1,1991,1991-03-26,1.5098000168800354,1295.94,13.399999618530272,41.0,92.0,76,2926,7,33.0,False,True,False,281.9,234.0
51,2021,1,1992,1992-12-05,1.4638000011444092,1837.01,12.100000381469728,44.0,98.0,78,3228,8,33.0,False,True,False,281.9,620.0
51,2021,1,1993,1993-11-11,1.6088000059127807,1358.66,12.699999809265137,93.0,105.0,74,3569,9,33.0,False,True,False,281.9,341.0
51,2021,1,1994,1994-11-08,1.752400028705597,1576.75,12.5,136.0,82.0,77,3955,10,33.0,False,True,False,281.9,362.0
51,2021,2,1995,1995-11-29,1.5722999930381776,1715.69,12.5,122.0,102.0,76,4352,11,76.2,False,True,False,325.1,386.0
51,2021,2,1997,1997-09-17,1.5665000200271608,1378.42,12.399999618530272,98.0,92.0,74,5066,13,76.2,False,True,False,325.1,658.0
51,2021,2,1999,1999-03-26,1.61489999294281,1154.41,13.699999809265137,55.0,87.0,70,6021,15,76.2,False,True,False,325.1,555.0
51,2021,3,2001,2001-10-17,1.7773000001907349,900.93,13.5,41.0,86.0,70,6873,17,76.2,False,True,False,325.1,936.0
51,2021,3,2002,2002-01-08,1.7290000081062318,1272.09,13.800000190734863,61.0,94.0,72,7232,18,76.2,False,True,False,325.1,83.0
51,A310,1,1990,1990-02-01,1.88329998254776,1084.41,15.800000190734863,10.0,63.0,75,24826,11,271.8,False,False,True,627.4,0.0
51,A310,2,1990,1990-12-07,1.6409000039100643,1084.41,15.800000190734863,10.0,63.0,75,24826,11,297.2,False,False,True,652.8,309.0
51,A310,2,1991,1991-06-23,1.693099999427795,929.46,15.399999618530272,19.0,78.0,74,27626,12,297.2,False,False,True,652.8,198.0
51,A310,2,1992,1992-06-28,1.60479998588562,1383.47,13.899999618530272,15.0,89.0,78,29822,13,297.2,False,False,True,652.8,371.0
51,A310,2,1993,1993-06-19,1.6156999945640562,1187.9,14.5,50.0,87.0,75,31992,14,297.2,False,False,True,652.8,356.0
51,A310,2,1995,1995-10-07,1.661300003528595,1401.59,14.300000190734863,62.0,92.0,75,36598,16,297.2,False,False,True,652.8,840.0
51,A310,2,1997,1997-06-26,1.6051499843597412,1275.38,14.0,43.0,71.0,74,41447,18,297.2,False,False,True,652.8,628.0
51,A320,1,1990,1990-02-01,1.280900001525879,1084.41,15.800000190734863,10.0,63.0,75,24826,11,274.3,False,False,True,629.9,0.0
51,A320,2,1990,1990-12-07,1.1333999991416932,1084.41,15.800000190734863,10.0,63.0,75,24826,11,287.0,False,False,True,642.6,309.0
51,A320,2,1992,1992-06-28,1.1494999885559083,1383.47,13.899999618530272,15.0,89.0,78,29822,13,287.0,False,False,True,642.6,569.0
51,A320,2,1993,1993-06-19,1.2040000200271606,1187.9,14.5,50.0,87.0,75,31992,14,287.0,False,False,True,642.6,356.0
51,A320,2,1995,1995-10-07,1.3103999972343443,1401.59,14.300000190734863,62.0,92.0,75,36598,16,287.0,False,False,True,642.6,840.0
51,A320,2,1997,1997-06-26,1.3753500044345857,1275.38,14.0,43.0,71.0,74,41447,18,287.0,False,False,True,642.6,628.0
51,A321,1,1990,1990-02-01,1.480999994277954,1084.41,15.800000190734863,10.0,63.0,75,24826,11,256.5,False,False,True,612.1,0.0
51,A321,2,1990,1990-12-07,1.2237000226974488,1084.41,15.800000190734863,10.0,63.0,75,24826,11,271.7,False,False,True,627.3,309.0
51,A321,2,1992,1992-06-28,1.181599986553192,1383.47,13.899999618530272,15.0,89.0,78,29822,13,271.7,False,False,True,627.3,569.0
51,A321,2,1993,1993-06-19,1.367799997329712,1187.9,14.5,50.0,87.0,75,31992,14,271.7,False,False,True,627.3,356.0
51,A321,2,1994,1994-06-23,1.5574000000953676,1170.9,14.5,91.0,76.0,76,34259,15,271.7,False,False,True,627.3,369.0
51,A321,2,1995,1995-10-07,1.5401000142097474,1401.59,14.300000190734863,62.0,92.0,75,36598,16,271.7,False,False,True,627.3,471.0
51,A321,2,1997,1997-06-26,1.7959000170230863,1275.38,14.0,43.0,71.0,74,41447,18,271.7,False,False,True,627.3,628.0
51,A330,1,1990,1990-02-01,1.6688000202178954,1084.41,15.800000190734863,10.0,63.0,75,24826,11,256.5,False,False,True,612.1,0.0
51,A330,2,1990,1990-12-07,1.6459999918937682,1084.41,15.800000190734863,10.0,63.0,75,24826,11,256.5,False,False,True,612.1,309.0
51,A330,2,1991,1991-06-23,1.7942000031471252,929.46,15.399999618530272,19.0,78.0,74,27626,12,256.5,False,False,True,612.1,198.0
51,A330,2,1992,1992-06-28,1.8490999937057493,1383.47,13.899999618530272,15.0,89.0,78,29822,13,256.5,False,False,True,612.1,371.0
51,A330,2,1993,1993-06-19,1.7556999921798706,1187.9,14.5,50.0,87.0,75,31992,14,256.5,False,False,True,612.1,356.0
51,A330,2,1994,1994-06-23,1.7950000166893003,1170.9,14.5,91.0,76.0,76,34259,15,256.5,False,False,True,612.1,369.0
51,A330,2,1995,1995-10-07,1.779599976539612,1401.59,14.300000190734863,62.0,92.0,75,36598,16,256.5,False,False,True,612.1,471.0
51,A330,2,1997,1997-06-26,1.8462500035762788,1275.38,14.0,43.0,71.0,74,41447,18,256.5,False,False,True,612.1,628.0
51,A340,1,1990,1990-07-05,1.827149999141693,1084.41,15.800000190734863,10.0,63.0,75,24826,11,256.5,False,False,True,612.1,0.0
51,A340,1,1991,1991-06-23,1.9268999934196471,929.46,15.399999618530272,19.0,78.0,74,27626,12,256.5,False,False,True,612.1,353.0
51,A340,1,1992,1992-06-28,1.814800000190735,1383.47,13.899999618530272,15.0,89.0,78,29822,13,256.5,False,False,True,612.1,371.0
51,A340,1,1993,1993-06-19,1.9864999771118164,1187.9,14.5,50.0,87.0,75,31992,14,256.5,False,False,True,612.1,356.0
51,A340,1,1994,1994-06-23,2.103099989891052,1170.9,14.5,91.0,76.0,76,34259,15,256.5,False,False,True,612.1,369.0
51,A340,1,1995,1995-10-07,2.1945000290870667,1401.59,14.300000190734863,62.0,92.0,75,36598,16,256.5,False,False,True,612.1,471.0
51,A340,1,1997,1997-06-26,1.9940500140190125,1275.38,14.0,43.0,71.0,74,41447,18,256.5,False,False,True,612.1,628.0
51,A350,1,1990,1990-02-01,1.262500023841858,1084.41,15.800000190734863,10.0,63.0,75,24826,11,271.8,False,False,True,627.4,0.0
51,A350,2,1990,1990-12-07,1.3676000118255616,1084.41,15.800000190734863,10.0,63.0,75,24826,11,289.6,False,False,True,645.2,309.0
51,A350,2,1991,1991-06-24,1.5141999959945678,929.46,15.399999618530272,19.0,78.0,74,27626,12,289.6,False,False,True,645.2,199.0
51,A350,2,1992,1992-06-28,1.4328000068664553,1383.47,13.899999618530272,15.0,89.0,78,29822,13,289.6,False,False,True,645.2,370.0
51,A350,2,1993,1993-06-19,1.4596000075340272,1187.9,14.5,50.0,87.0,75,31992,14,289.6,False,False,True,645.2,356.0
51,A350,2,1994,1994-06-23,1.5450000166893003,1170.9,14.5,91.0,76.0,76,34259,15,289.6,False,False,True,645.2,369.0
51,A350,2,1995,1995-10-07,1.5473000049591064,1401.59,14.300000190734863,62.0,92.0,75,36598,16,289.6,False,False,True,645.2,471.0
51,A350,2,1997,1997-06-26,1.496299993991852,1275.38,14.0,43.0,71.0,74,41447,18,289.6,False,False,True,645.2,628.0
53,1002,1,1989,1989-10-26,1.5996249914169312,539.97,10.100000381469728,174.0,95.0,64,906,6,116.8,False,False,False,320.0,0.0
53,1002,1,1990,1990-11-21,1.5278999924659729,683.21,11.0,186.0,80.0,61,1088,7,116.8,False,False,False,320.0,391.0
53,1002,1,1991,1991-07-31,1.6437000036239624,624.3,10.600000381469728,69.0,90.0,64,1278,8,116.8,False,False,False,320.0,252.0
53,1002,1,1992,1992-09-29,1.651400017738342,638.81,11.800000190734863,62.0,76.0,62,1422,9,116.8,False,False,False,320.0,426.0
53,1002,1,1993,1993-05-11,1.6557999849319458,520.9,9.600000381469728,238.0,87.0,65,1570,10,116.8,False,False,False,320.0,224.0
53,1002,1,1995,1995-06-28,1.5851999878883365,768.4,10.699999809265137,78.0,75.0,66,1896,12,116.8,False,False,False,320.0,778.0
53,1002,1,1997,1997-10-07,1.651300013065338,693.35,10.600000381469728,70.0,97.0,68,2280,14,116.8,False,False,False,320.0,832.0
53,1002,1,1998,1998-05-19,1.785700011253357,625.45,11.600000381469728,96.0,68.0,64,2485,15,116.8,False,False,False,320.0,224.0
53,1002,1,1999,1999-05-08,1.7052999973297118,647.74,10.899999618530272,27.0,91.0,61,2697,16,116.8,False,False,False,320.0,354.0
53,1002,1,2001,2001-05-09,1.7443000078201294,486.37,11.0,45.0,113.0,61,3125,18,116.8,False,False,False,320.0,732.0
53,1002,1,2003,2003-05-13,1.7788000106811523,589.53,11.800000190734863,28.0,89.0,61,3611,20,116.8,False,False,False,320.0,734.0
53,1002,1,2005,2005-06-21,1.858900022506714,468.67,11.199999809265137,128.0,74.0,60,4120,22,116.8,False,False,False,320.0,770.0
53,1002,1,2007,2007-07-30,1.8912999868392943,487.6,10.699999809265137,114.0,89.0,63,4684,24,116.8,False,False,False,320.0,769.0
53,1005,2,1989,1989-10-31,0.7107999980449676,477.62,10.100000381469728,207.0,107.0,62,12358,17,299.70000000000005,False,False,False,541.0,0.0
53,1005,2,1990,1990-12-01,0.6509000062942505,556.68,11.0,221.0,96.0,60,12977,18,299.70000000000005,False,False,False,541.0,396.0
53,1005,2,1991,1991-07-31,0.7138000011444092,542.32,10.5,98.0,101.0,62,13624,19,299.70000000000005,False,False,False,541.0,242.0
53,1005,2,1992,1992-09-29,0.8419999957084656,536.56,11.5,125.0,81.0,62,14308,20,299.70000000000005,False,False,False,541.0,426.0
53,1005,2,1993,1993-05-11,0.7615999937057496,452.42,9.300000190734863,335.0,98.0,64,14932,21,299.70000000000005,False,False,False,541.0,224.0
53,1005,2,1995,1995-06-29,0.770600003004074,668.87,10.600000381469728,117.0,87.0,65,16358,23,299.70000000000005,False,False,False,541.0,779.0
53,1005,2,1997,1997-07-07,0.8610000014305115,598.02,10.5,120.0,108.0,67,17928,25,299.70000000000005,False,False,False,541.0,739.0
53,1005,2,1998,1998-05-15,0.9047999978065492,579.65,11.5,122.0,82.0,64,18778,26,299.70000000000005,False,False,False,541.0,312.0
53,1005,2,1999,1999-05-07,0.9289000034332277,532.0,10.699999809265137,35.0,105.0,62,19711,27,299.70000000000005,False,False,False,541.0,357.0
53,1005,2,2001,2001-05-04,0.9474999964237214,481.36,10.899999618530272,71.0,122.0,60,21644,29,299.70000000000005,False,False,False,541.0,728.0
53,1005,3,2002,2002-01-16,0.9620000004768372,466.48,10.899999618530272,28.0,120.0,59,22665,30,299.7,False,False,False,541.0,257.0
53,1005,3,2003,2003-05-09,1.0046999871730804,485.78,11.800000190734863,34.0,101.0,60,23697,31,299.7,False,False,False,541.0,478.0
53,1005,3,2005,2005-06-24,1.0882000088691712,499.27,11.0,184.0,80.0,59,25872,33,299.7,False,False,False,541.0,777.0
53,1005,3,2007,2007-07-19,1.1687000036239623,429.57,10.600000381469728,148.0,103.0,62,28171,35,299.7,False,False,False,541.0,755.0
53,1005,4,2009,2009-04-07,1.2108999848365785,422.7,10.399999618530272,200.0,107.0,59,30288,37,299.7,False,False,False,541.0,628.0
53,1005,4,2010,2010-07-28,1.3908000111579897,514.88,10.699999809265137,105.0,90.0,63,31397,38,299.7,False,False,False,541.0,477.0
53,1005,4,2011,2011-04-28,1.340399980545044,506.26,9.899999618530272,146.0,116.0,63,32495,39,299.7,False,False,False,541.0,274.0
53,1005,4,2012,2012-05-15,1.376800000667572,595.87,11.0,58.0,108.0,63,33623,40,299.7,False,False,False,541.0,383.0
53,1005,4,2013,2013-05-15,1.4532999992370603,457.54,10.699999809265137,183.0,100.0,63,34646,41,299.7,False,False,False,541.0,365.0
53,1005,6,2019,2019-04-05,1.758899986743927,447.64,10.5,141.0,108.0,62,41479,47,304.8,False,False,False,546.1,2151.0
53,1006,1,1989,1989-11-01,0.830700010061264,451.96,5.900000095367432,584.0,127.0,71,1737,7,86.4,False,False,False,261.6,0.0
53,1006,1,1990,1990-12-02,0.8430999994277955,477.26,6.300000190734863,587.0,122.0,71,1996,8,86.4,False,False,False,261.6,396.0
53,1006,1,1991,1991-08-01,0.8498999893665313,504.33,6.0,462.0,126.0,73,2264,9,86.4,False,False,False,261.6,242.0
53,1006,1,1992,1992-07-24,0.9051499962806702,557.31,6.699999809265137,524.0,119.0,72,2553,10,86.4,False,False,False,261.6,358.0
53,1006,1,1993,1993-05-04,0.9882000029087068,499.49,4.900000095367432,823.0,95.0,73,2767,11,86.4,False,False,False,261.6,284.0
53,1006,1,1994,1994-08-14,1.0174000144004822,438.38,6.300000190734863,596.0,122.0,71,2982,12,86.4,False,False,False,261.6,467.0
53,1006,1,1995,1995-06-24,1.1562999844551087,694.13,5.5,546.0,119.0,74,3273,13,86.4,False,False,False,261.6,314.0
53,1006,2,1997,1997-10-06,1.6757000207901,573.35,5.599999904632568,529.0,123.0,76,3863,15,96.6,False,False,False,271.8,835.0
53,1006,2,1998,1998-05-13,1.6881999731063844,724.8,6.699999809265137,505.0,124.0,75,4183,16,96.6,False,False,False,271.8,219.0
53,1006,2,1999,1999-05-13,1.7942999839782714,500.56,5.599999904632568,398.0,148.0,74,4550,17,96.6,False,False,False,271.8,365.0
53,1006,2,2000,2000-04-06,1.9993000030517576,401.96,5.400000095367432,641.0,107.0,72,4907,18,96.6,False,False,False,271.8,329.0
53,1006,3,2001,2001-05-03,1.8004999876022338,433.71,6.099999904632568,521.0,124.0,71,5217,19,106.8,False,False,False,282.0,392.0
53,1006,3,2003,2003-05-09,1.9649999856948848,419.04,7.0,450.0,117.0,69,5796,21,106.8,False,False,False,282.0,736.0
53,1006,3,2005,2005-06-28,1.8724999904632569,518.07,6.800000190734863,481.0,112.0,69,6423,23,106.8,False,False,False,282.0,781.0
53,1007,1,1989,1989-10-24,1.0759000003337862,421.03,11.699999809265137,122.0,80.0,60,1315,7,61.0,False,False,False,391.2,0.0
53,1007,1,1990,1990-11-20,0.9827000141143798,442.0,12.600000381469728,154.0,57.0,57,1532,8,61.0,False,False,False,391.2,392.0
53,1007,2,1992,1992-09-27,1.560099995136261,441.55,13.100000381469728,68.0,58.0,59,1996,10,162.6,False,False,False,492.8,677.0
53,1007,2,1993,1993-04-22,1.5331000089645386,375.0,10.899999618530272,255.0,80.0,61,2177,11,162.6,False,False,False,492.8,207.0
53,1007,2,1994,1994-09-07,1.5236000061035155,429.44,12.600000381469728,54.0,80.0,58,2390,12,162.6,False,False,False,492.8,503.0
53,1007,3,1995,1995-06-26,1.4853000164031984,588.07,12.0,93.0,52.0,63,2634,13,170.2,False,False,False,500.4,292.0
53,1007,3,1997,1997-05-22,1.470199990272522,488.95,12.0,68.0,78.0,64,3168,15,170.2,False,False,False,500.4,696.0
53,1007,3,1998,1998-05-16,1.4882999897003173,571.75,12.899999618530272,87.0,45.0,61,3451,16,170.2,False,False,False,500.4,359.0
53,1007,3,1999,1999-05-05,1.516600000858307,407.65,12.300000190734863,19.0,52.0,58,3803,17,170.2,False,False,False,500.4,354.0
53,1007,3,2001,2001-05-10,1.4947999954223632,360.71,12.399999618530272,32.0,89.0,58,4612,19,170.2,False,False,False,500.4,736.0
53,1007,3,2002,2002-01-16,1.4835000038146973,325.15,12.5,4.0,88.0,56,5024,20,170.2,False,False,False,500.4,251.0
53,1007,4,2003,2003-03-16,0.7460999995470048,420.78,13.199999809265137,14.0,71.0,58,5462,21,226.1,False,False,False,556.3,424.0
53,1007,4,2004,2004-05-06,0.7143000066280365,409.44,13.0,57.0,67.0,61,5941,22,226.1,False,False,False,556.3,417.0
53,1007,4,2007,2007-07-12,0.7289999961853026,354.06,12.199999809265137,77.0,78.0,59,7571,25,226.1,False,False,False,556.3,1162.0
53,1007,4,2009,2009-04-22,0.7395999968051911,360.48,11.899999618530272,130.0,85.0,57,8561,27,226.1,False,False,False,556.3,650.0
53,1007,4,2010,2010-07-30,0.7370999932289124,509.4,12.199999809265137,40.0,63.0,61,9090,28,226.1,False,False,False,556.3,464.0
53,1007,4,2011,2011-04-26,0.7411000013351441,361.24,11.5,78.0,75.0,61,9622,29,226.1,False,False,False,556.3,270.0
53,1007,4,2012,2012-04-16,0.7447000026702881,500.78,12.699999809265137,14.0,75.0,59,10155,30,226.1,False,False,False,556.3,356.0
53,1007,4,2013,2013-02-20,0.7491999983787536,393.63,12.300000190734863,110.0,72.0,60,10669,31,226.1,False,False,False,556.3,310.0
53,1007,4,2014,2014-06-23,0.7543999969959259,507.54,13.0,103.0,62.0,58,11174,32,226.1,False,False,False,556.3,488.0
53,1007,4,2015,2015-02-20,0.7680999994277954,393.43,14.100000381469728,42.0,54.0,56,11692,33,226.1,False,False,False,556.3,242.0
53,1007,4,2016,2016-03-17,0.7729000091552735,438.3,13.399999618530272,76.0,47.0,59,12342,34,226.1,False,False,False,556.3,391.0
53,1007,5,2019,2019-04-04,0.8141000032424928,405.37,12.0,55.0,94.0,60,14007,37,231.2,False,False,False,561.4,1113.0
53,1008,1,1989,1989-10-27,1.024700003862381,639.44,7.5,432.0,114.0,70,3203,12,94.0,False,False,False,421.6,0.0
53,1008,1,1990,1990-09-27,1.1063500106334687,806.48,8.100000381469727,400.0,114.0,70,3497,13,94.0,False,False,False,421.6,335.0
53,1008,1,1991,1991-07-29,1.3159999966621398,671.52,8.100000381469727,241.0,129.0,70,3802,14,94.0,False,False,False,421.6,305.0
53,1008,1,1992,1992-05-19,1.3680999875068665,591.9,9.0,320.0,98.0,68,4135,15,94.0,False,False,False,421.6,295.0
53,1008,1,1993,1993-05-07,1.5604999959468842,593.46,6.800000190734863,548.0,100.0,73,4428,16,94.0,False,False,False,421.6,353.0
53,1008,3,1995,1995-07-10,0.9498999893665314,834.33,8.100000381469727,243.0,119.0,72,5133,18,137.2,False,False,False,464.8,794.0
53,1008,3,1997,1997-10-07,1.051400005817413,696.23,7.900000095367432,307.0,124.0,75,5832,20,137.2,False,False,False,464.8,820.0
53,1008,3,1998,1998-05-20,1.1034000039100649,787.35,9.100000381469728,235.0,113.0,72,6209,21,137.2,False,False,False,464.8,225.0
53,1008,3,1999,1999-05-11,1.1552000045776367,735.61,8.199999809265137,134.0,140.0,70,6587,22,137.2,False,False,False,464.8,356.0
53,1008,3,2001,2001-05-01,1.2515000104904177,566.81,8.5,301.0,122.0,67,7410,24,137.2,False,False,False,464.8,721.0
53,1008,3,2003,2003-05-12,1.3811999797821044,592.31,9.300000190734863,161.0,131.0,67,8321,26,137.2,False,False,False,464.8,741.0
53,1008,3,2005,2005-06-23,1.8824999809265133,583.45,8.600000381469727,337.0,97.0,67,9223,28,137.2,False,False,False,464.8,773.0
53,1501,1,1989,1989-10-31,0.888100004196167,438.1,9.100000381469728,306.0,115.0,62,296,8,109.3,False,False,False,416.7,0.0
53,1501,1,1990,1990-09-30,1.0022499948740005,445.99,9.899999618530272,285.0,112.0,62,338,9,109.3,False,False,False,416.7,334.0
53,1501,1,1991,1991-08-01,1.079900002479553,493.89,9.5,189.0,119.0,64,415,10,109.3,False,False,False,416.7,305.0
53,1501,1,1992,1992-05-20,1.1450000047683715,462.41,10.100000381469728,310.0,78.0,64,468,11,109.3,False,False,False,416.7,293.0
53,1501,1,1993,1993-05-05,1.2650999903678894,411.9,7.900000095367432,558.0,86.0,66,523,12,109.3,False,False,False,416.7,350.0
53,1501,1,1994,1994-08-15,1.1404999971389769,397.63,9.899999618530272,204.0,112.0,62,577,13,109.3,False,False,False,416.7,467.0
53,1501,1,1995,1995-06-25,1.269099998474121,581.45,9.199999809265137,247.0,105.0,66,591,14,109.3,False,False,False,416.7,314.0
53,1501,1,1996,1996-09-03,1.330999994277954,702.63,7.900000095367432,514.0,103.0,66,632,15,109.3,False,False,False,416.7,436.0
53,1501,1,1997,1997-10-06,1.4690999865531922,515.32,9.100000381469728,248.0,121.0,69,688,16,109.3,False,False,False,416.7,398.0
53,1501,1,1998,1998-05-14,1.4883999943733217,545.95,10.399999618530272,187.0,107.0,66,745,17,109.3,False,False,False,416.7,220.0
53,1501,1,1999,1999-05-12,1.5592000126838683,435.86,9.399999618530272,86.0,129.0,64,791,18,109.3,False,False,False,416.7,363.0
53,1501,1,2000,2000-04-06,1.6922000169754028,386.02,8.800000190734863,301.0,114.0,64,844,19,109.3,False,False,False,416.7,330.0
53,1801,1,1989,1989-11-12,0.9303000032901764,1137.43,10.5,74.0,49.0,80,1893,17,233.7,False,False,False,327.7,0.0
53,1801,1,1990,1990-08-06,0.9358999907970428,1472.96,10.699999809265137,106.0,38.0,81,2077,18,233.7,False,False,False,327.7,267.0
53,1801,1,1991,1991-01-25,0.8648000001907349,1297.11,10.600000381469728,15.0,51.0,81,2294,19,233.7,False,False,False,327.7,172.0
53,1801,1,1992,1992-04-28,0.963199996948242,1048.78,11.899999618530272,12.0,36.0,79,2476,20,233.7,False,False,False,327.7,459.0
53,1801,1,1993,1993-03-29,1.112499976158142,1017.29,10.0,99.0,65.0,80,2643,21,233.7,False,False,False,327.7,335.0
53,1801,3,1995,1995-06-22,1.3095999896526336,1586.9,11.0,29.0,47.0,82,3037,23,233.7,False,False,False,327.7,815.0
53,1801,3,1996,1996-08-28,1.2629000067710876,1973.53,10.399999618530272,67.0,37.0,83,3275,24,233.7,False,False,False,327.7,433.0
53,1801,3,1997,1997-05-23,1.2094000101089477,1320.02,10.699999809265137,18.0,52.0,83,3535,25,233.7,False,False,False,327.7,268.0
53,1801,3,1998,1998-05-08,1.3408000111579894,1529.1,10.800000190734863,47.0,26.0,84,3831,26,233.7,False,False,False,327.7,350.0
53,6020,1,1989,1989-11-01,0.6729000031948089,818.54,5.599999904632568,450.0,133.0,75,9627,26,134.6,False,False,False,599.5,0.0
53,6020,1,1990,1990-12-02,0.662800008058548,982.99,5.900000095367432,483.0,120.0,75,10360,27,134.6,False,False,False,599.5,396.0
53,6020,1,1991,1991-08-01,0.6863999962806702,872.01,5.800000190734863,346.0,140.0,76,11141,28,134.6,False,False,False,599.5,242.0
53,6020,1,1992,1992-05-20,0.670799994468689,871.57,6.699999809265137,390.0,118.0,75,11443,29,134.6,False,False,False,599.5,293.0
53,6020,1,1993,1993-05-03,0.6757999897003174,773.94,5.0,641.0,115.0,76,11939,30,134.6,False,False,False,599.5,348.0
53,6020,1,1994,1994-08-13,0.6501000046730041,813.22,6.099999904632568,423.0,131.0,74,12510,31,134.6,False,False,False,599.5,467.0
53,6020,1,1995,1995-06-23,0.6558999955654143,1094.02,5.5,430.0,126.0,77,13113,32,134.6,False,False,False,599.5,314.0
53,6020,1,1997,1997-10-06,0.7367999911308288,962.28,5.400000095367432,443.0,129.0,79,14550,34,134.6,False,False,False,599.5,836.0
53,6020,1,1998,1998-05-14,0.7724000036716461,1009.51,6.400000095367432,410.0,134.0,77,15621,35,134.6,False,False,False,599.5,220.0
53,6020,1,1999,1999-05-12,0.8387000083923339,930.99,5.5,274.0,163.0,76,16254,36,134.6,False,False,False,599.5,363.0
53,6020,2,1999,1999-10-04,1.1316999912261962,930.99,5.5,274.0,163.0,76,16254,36,203.2,False,False,False,668.1,145.0
53,6020,2,2001,2001-05-04,1.070799994468689,787.4,5.599999904632568,421.0,129.0,75,17700,38,203.2,False,False,False,668.1,578.0
53,6020,2,2003,2003-05-08,1.257500010728836,825.28,6.599999904632568,338.0,126.0,73,19327,40,203.2,False,False,False,668.1,734.0
53,6020,2,2005,2005-06-26,1.1546999931335449,844.43,6.400000095367432,403.0,112.0,74,21035,42,203.2,False,False,False,668.1,780.0
53,6048,1,1989,1989-11-04,1.2328999876976012,2243.59,8.100000381469727,142.0,64.0,84,8987,25,226.1,False,False,False,477.5,0.0
53,6048,1,1990,1990-12-07,1.2033000111579897,3313.5,8.300000190734863,163.0,62.0,85,9746,26,226.1,False,False,False,477.5,398.0
53,6048,1,1992,1992-05-27,1.351900005340576,2087.88,9.399999618530272,72.0,51.0,83,11016,28,226.1,False,False,False,477.5,537.0
53,6048,2,1992,1992-09-21,0.977099996805191,2087.88,9.399999618530272,72.0,51.0,83,11016,28,297.2,False,False,False,548.6,117.0
53,6048,2,1993,1993-04-28,0.993700009584427,1901.95,8.0,178.0,71.0,83,11792,29,297.2,False,False,False,548.6,219.0
53,6048,2,1994,1994-08-12,0.9805000066757202,2351.08,8.600000381469727,71.0,62.0,83,12627,30,297.2,False,False,False,548.6,471.0
53,6048,2,1995,1995-06-19,0.9973000109195708,2804.23,8.899999618530273,58.0,55.0,83,13489,31,297.2,False,False,False,548.6,311.0
53,6048,2,1996,1996-09-02,1.0145999908447263,2790.76,7.699999809265137,178.0,66.0,85,14386,32,297.2,False,False,False,548.6,441.0
53,6048,2,1997,1997-05-27,1.034800010919571,2780.64,8.600000381469727,61.0,70.0,86,15161,33,297.2,False,False,False,548.6,267.0
53,6048,2,1998,1998-05-12,1.032700002193451,2498.54,9.0,95.0,44.0,85,16125,34,297.2,False,False,False,548.6,350.0
53,6049,1,1989,1989-11-06,1.1318000078201294,752.49,10.5,52.0,37.0,81,32814,25,269.2,False,False,False,731.5,0.0
53,6049,1,1990,1990-12-10,1.2717000246047974,887.37,10.699999809265137,68.0,28.0,82,35250,26,269.2,False,False,False,731.5,399.0
53,6049,1,1992,1992-05-22,1.212000012397766,740.33,11.699999809265137,5.0,27.0,80,39426,28,269.2,False,False,False,731.5,529.0
53,6049,1,1993,1993-04-26,1.2327000141143798,724.65,10.399999618530272,50.0,45.0,80,41025,29,269.2,False,False,False,731.5,339.0
53,6049,2,1994,1994-08-13,1.3412999987602234,756.08,11.0,8.0,42.0,81,43504,30,269.2,False,False,False,731.5,474.0
53,6056,1,1989,1989-10-26,0.9665000140666962,624.83,8.5,312.0,120.0,70,3793,21,160.0,False,False,False,447.0,0.0
53,6056,1,1990,1990-11-28,0.9313999950885772,824.81,9.300000190734863,279.0,108.0,68,4064,22,160.0,False,False,False,447.0,398.0
53,6056,1,1991,1991-07-30,0.975600016117096,605.78,9.199999809265137,155.0,129.0,68,4342,23,160.0,False,False,False,447.0,244.0
53,6056,1,1992,1992-05-01,1.0003999948501587,587.46,10.300000190734863,173.0,111.0,67,4541,24,160.0,False,False,False,447.0,276.0
53,6056,1,1993,1993-05-11,1.0607999980449678,649.58,8.0,366.0,114.0,70,4787,25,160.0,False,False,False,447.0,375.0
53,6056,1,1994,1994-08-20,1.1856000065803527,707.08,9.800000190734863,165.0,120.0,65,5019,26,160.0,False,False,False,447.0,466.0
53,6056,1,1995,1995-06-28,1.1562999963760374,798.34,9.300000190734863,142.0,107.0,71,5270,27,160.0,False,False,False,447.0,312.0
53,6056,2,1997,1997-10-07,0.6189000010490417,703.95,9.199999809265137,174.0,125.0,72,5772,29,223.5,False,False,False,510.5,832.0
53,6056,2,1998,1998-05-19,0.6248000025749206,749.63,10.0,156.0,114.0,70,5993,30,223.5,False,False,False,510.5,224.0
53,6056,2,1999,1999-05-08,0.591100001335144,693.43,9.399999618530272,64.0,137.0,67,6290,31,223.5,False,False,False,510.5,354.0
53,6056,2,2001,2001-05-04,0.6590000033378601,546.74,9.5,213.0,118.0,66,6942,33,223.5,False,False,False,510.5,727.0
53,6056,2,2003,2003-05-13,0.7080999970436097,612.96,10.399999618530272,76.0,122.0,66,7631,35,223.5,False,False,False,510.5,739.0
53,6056,2,2005,2005-06-22,0.7552999973297119,547.52,9.800000190734863,204.0,104.0,65,8428,37,223.5,False,False,False,510.5,771.0
53,6056,2,2007,2007-07-26,0.8568999886512756,527.96,9.600000381469728,232.0,111.0,66,9225,39,223.5,False,False,False,510.5,764.0
53,6056,2,2009,2009-04-13,1.0419999957084656,609.43,9.0,239.0,129.0,67,9975,41,223.5,False,False,False,510.5,627.0
53,6056,2,2010,2010-05-09,1.077899992465973,704.31,9.300000190734863,152.0,125.0,69,10368,42,223.5,False,False,False,510.5,391.0
53,6056,3,2010,2010-07-09,0.6909999907016754,704.31,9.300000190734863,152.0,125.0,69,10368,42,223.5,False,False,False,510.5,61.0
53,6056,3,2011,2011-05-01,0.7190999984741211,762.35,8.699999809265137,181.0,137.0,70,10745,43,223.5,False,False,False,510.5,296.0
53,6056,3,2012,2012-04-19,0.6835999965667725,798.94,9.899999618530272,106.0,128.0,68,11125,44,223.5,False,False,False,510.5,354.0
53,6056,3,2013,2013-05-12,0.6923999965190888,557.76,9.600000381469728,232.0,113.0,68,11414,45,223.5,False,False,False,510.5,388.0
53,6056,3,2015,2015-04-13,0.7062999963760376,608.53,11.399999618530272,133.0,85.0,63,11950,47,223.5,False,False,False,510.5,701.0
53,6056,4,2019,2019-06-19,1.0516000092029572,606.8,9.5,172.0,124.0,67,13395,51,228.6,False,False,False,515.6,1528.0
53,7322,1,1989,1989-10-26,0.7393000006675721,606.86,8.600000381469727,255.0,112.0,69,1413,17,251.5,False,False,False,495.3,0.0
53,7322,1,1990,1990-11-28,0.6814000070095063,749.03,9.5,242.0,104.0,66,1518,18,251.5,False,False,False,495.3,398.0
53,7322,1,1991,1991-07-30,0.7338999927043914,651.04,9.199999809265137,117.0,118.0,67,1669,19,251.5,False,False,False,495.3,244.0
53,7322,1,1992,1992-05-01,0.7530000030994415,631.81,10.399999618530272,123.0,95.0,65,1859,20,251.5,False,False,False,495.3,276.0
53,7322,1,1993,1993-05-11,0.8058750033378601,607.2,8.199999809265137,313.0,105.0,69,2031,21,251.5,False,False,False,495.3,375.0
53,7322,3,1999,1999-05-10,1.1103000044822693,692.09,9.5,49.0,127.0,66,3340,27,251.5,False,False,False,495.3,2190.0
53,7322,4,2001,2001-05-04,0.8842000007629395,527.71,9.600000381469728,131.0,124.0,65,3988,29,297.2,False,False,False,541.0,725.0
53,7322,4,2003,2003-05-12,1.0156999945640564,608.64,10.399999618530272,56.0,116.0,65,4955,31,297.2,False,False,False,541.0,738.0
53,7322,4,2005,2005-06-22,1.1396000027656554,529.09,9.899999618530272,192.0,96.0,64,5999,33,297.2,False,False,False,541.0,772.0
53,7322,4,2007,2007-07-26,1.1666000127792358,520.97,9.5,195.0,104.0,66,7104,35,297.2,False,False,False,541.0,764.0
53,7322,5,2015,2015-04-13,1.382700002193451,570.13,11.300000190734863,110.0,82.0,63,9733,43,297.2,False,False,False,541.0,2818.0
53,A310,1,1990,1990-07-27,1.4835000038146973,806.48,8.100000381469727,400.0,114.0,70,3497,13,73.7,False,False,False,401.3,0.0
53,A310,2,1990,1990-11-28,1.08610001206398,806.48,8.100000381469727,400.0,114.0,70,3497,13,119.4,False,False,False,447.0,124.0
53,A310,2,1991,1991-07-29,1.1849999964237212,671.52,8.100000381469727,241.0,129.0,70,3802,14,119.4,False,False,False,447.0,243.0
53,A310,2,1992,1992-05-19,1.2550999999046324,591.9,9.0,320.0,98.0,68,4135,15,119.4,False,False,False,447.0,295.0
53,A310,2,1993,1993-05-07,1.280400013923645,593.46,6.800000190734863,548.0,100.0,73,4428,16,119.4,False,False,False,447.0,353.0
53,A320,1,1990,1990-07-27,1.3506999969482425,806.48,8.100000381469727,400.0,114.0,70,3497,13,63.5,False,False,False,391.1,0.0
53,A320,2,1990,1990-11-28,1.2739999890327454,806.48,8.100000381469727,400.0,114.0,70,3497,13,68.6,False,False,False,396.2,124.0
53,A320,2,1991,1991-07-29,1.28879998922348,671.52,8.100000381469727,241.0,129.0,70,3802,14,68.6,False,False,False,396.2,243.0
53,A320,2,1992,1992-05-19,1.3360999822616575,591.9,9.0,320.0,98.0,68,4135,15,68.6,False,False,False,396.2,295.0
53,A320,2,1993,1993-05-07,1.4768999934196474,593.46,6.800000190734863,548.0,100.0,73,4428,16,68.6,False,False,False,396.2,353.0
53,A330,1,1990,1990-07-27,1.2243000149726868,806.48,8.100000381469727,400.0,114.0,70,3497,13,86.4,False,False,False,414.0,0.0
53,A330,2,1990,1990-11-28,1.2324000120162963,806.48,8.100000381469727,400.0,114.0,70,3497,13,86.4,False,False,False,414.0,124.0
53,A330,2,1991,1991-07-29,1.3615999937057497,671.52,8.100000381469727,241.0,129.0,70,3802,14,86.4,False,False,False,414.0,243.0
53,A330,2,1992,1992-05-19,1.36670001745224,591.9,9.0,320.0,98.0,68,4135,15,86.4,False,False,False,414.0,295.0
53,A330,3,1993,1993-05-07,1.3374000072479246,593.46,6.800000190734863,548.0,100.0,73,4428,16,86.4,False,False,False,414.0,353.0
53,A350,1,1990,1990-07-27,1.5136999964714049,806.48,8.100000381469727,400.0,114.0,70,3497,13,71.1,False,False,False,398.7,0.0
53,A350,2,1990,1990-11-28,1.5429000020027162,806.48,8.100000381469727,400.0,114.0,70,3497,13,76.19999999999999,False,False,False,403.8,124.0
53,A350,2,1991,1991-07-29,1.744600009918213,671.52,8.100000381469727,241.0,129.0,70,3802,14,76.19999999999999,False,False,False,403.8,243.0
53,A350,2,1992,1992-05-19,1.6882999777793883,591.9,9.0,320.0,98.0,68,4135,15,76.19999999999999,False,False,False,403.8,295.0
53,A350,2,1993,1993-05-07,1.965700018405914,593.46,6.800000190734863,548.0,100.0,73,4428,16,76.19999999999999,False,False,False,403.8,353.0
53,B310,1,1990,1990-07-30,0.9452000081539154,445.99,9.899999618530272,285.0,112.0,62,338,9,116.9,False,False,False,424.3,0.0
53,B310,2,1990,1990-12-02,1.6999000191688538,445.99,9.899999618530272,285.0,112.0,62,338,9,149.9,False,False,False,457.3,125.0
53,B310,2,1991,1991-08-01,1.69650000333786,493.89,9.5,189.0,119.0,64,415,10,149.9,False,False,False,457.3,242.0
53,B310,2,1992,1992-05-20,1.7061999797821046,462.41,10.100000381469728,310.0,78.0,64,468,11,149.9,False,False,False,457.3,293.0
53,B310,2,1993,1993-05-05,1.8445000052452087,411.9,7.900000095367432,558.0,86.0,66,523,12,149.9,False,False,False,457.3,350.0
53,B310,2,1994,1994-08-15,1.7133000016212463,397.63,9.899999618530272,204.0,112.0,62,577,13,149.9,False,False,False,457.3,467.0
53,B310,2,1995,1995-06-25,1.7991000056266784,581.45,9.199999809265137,247.0,105.0,66,591,14,149.9,False,False,False,457.3,314.0
53,B310,2,1996,1996-09-03,1.9211999773979187,702.63,7.900000095367432,514.0,103.0,66,632,15,149.9,False,False,False,457.3,436.0
53,B310,2,1997,1997-10-06,1.941100001335144,515.32,9.100000381469728,248.0,121.0,69,688,16,149.9,False,False,False,457.3,398.0
53,B310,2,1998,1998-05-14,2.0089999794960023,545.95,10.399999618530272,187.0,107.0,66,745,17,149.9,False,False,False,457.3,220.0
53,B310,2,1999,1999-05-12,2.0941999793052672,435.86,9.399999618530272,86.0,129.0,64,791,18,149.9,False,False,False,457.3,363.0
53,B310,2,2000,2000-04-06,2.1736000180244446,386.02,8.800000190734863,301.0,114.0,64,844,19,149.9,False,False,False,457.3,330.0
53,B320,1,1990,1990-07-30,0.8592000067234039,445.99,9.899999618530272,285.0,112.0,62,338,9,116.9,False,False,False,424.3,0.0
53,B320,2,1990,1990-12-02,0.9350000083446504,445.99,9.899999618530272,285.0,112.0,62,338,9,122.0,False,False,False,429.4,125.0
53,B320,2,1991,1991-08-01,0.9881999969482422,493.89,9.5,189.0,119.0,64,415,10,122.0,False,False,False,429.4,242.0
53,B320,2,1992,1992-05-20,1.032099997997284,462.41,10.100000381469728,310.0,78.0,64,468,11,122.0,False,False,False,429.4,293.0
53,B320,2,1993,1993-05-05,1.139800000190735,411.9,7.900000095367432,558.0,86.0,66,523,12,122.0,False,False,False,429.4,350.0
53,B320,2,1994,1994-08-15,1.064199995994568,397.63,9.899999618530272,204.0,112.0,62,577,13,122.0,False,False,False,429.4,467.0
53,B320,2,1995,1995-06-25,1.1785999894142152,581.45,9.199999809265137,247.0,105.0,66,591,14,122.0,False,False,False,429.4,314.0
53,B320,2,1996,1996-09-03,1.283300018310547,702.63,7.900000095367432,514.0,103.0,66,632,15,122.0,False,False,False,429.4,436.0
53,B320,2,1997,1997-10-06,1.4193000078201294,515.32,9.100000381469728,248.0,121.0,69,688,16,122.0,False,False,False,429.4,398.0
53,B320,2,1998,1998-05-14,1.5104000091552734,545.95,10.399999618530272,187.0,107.0,66,745,17,122.0,False,False,False,429.4,220.0
53,B320,2,1999,1999-05-12,1.5537999987602231,435.86,9.399999618530272,86.0,129.0,64,791,18,122.0,False,False,False,429.4,363.0
53,B320,2,2000,2000-04-06,1.6787000179290772,386.02,8.800000190734863,301.0,114.0,64,844,19,122.0,False,False,False,429.4,330.0
53,B330,1,1990,1990-07-30,1.0274999916553496,445.99,9.899999618530272,285.0,112.0,62,338,9,111.8,False,False,False,419.2,0.0
53,B330,2,1990,1990-12-02,1.0263000071048736,445.99,9.899999618530272,285.0,112.0,62,338,9,111.8,False,False,False,419.2,125.0
53,B330,2,1991,1991-08-01,1.0912999987602234,493.89,9.5,189.0,119.0,64,415,10,111.8,False,False,False,419.2,242.0
53,B330,2,1992,1992-05-20,1.152400004863739,462.41,10.100000381469728,310.0,78.0,64,468,11,111.8,False,False,False,419.2,293.0
53,B330,2,1993,1993-05-05,1.2224999904632567,411.9,7.900000095367432,558.0,86.0,66,523,12,111.8,False,False,False,419.2,350.0
53,B330,3,1994,1994-08-15,1.073199987411499,397.63,9.899999618530272,204.0,112.0,62,577,13,111.8,False,False,False,419.2,467.0
53,B330,3,1995,1995-06-25,1.1853999972343443,581.45,9.199999809265137,247.0,105.0,66,591,14,111.8,False,False,False,419.2,314.0
53,B330,3,1996,1996-09-03,1.2580000042915342,702.63,7.900000095367432,514.0,103.0,66,632,15,111.8,False,False,False,419.2,436.0
53,B330,3,1997,1997-10-06,1.381000018119812,515.32,9.100000381469728,248.0,121.0,69,688,16,111.8,False,False,False,419.2,398.0
53,B330,3,1998,1998-05-14,1.414699983596802,545.95,10.399999618530272,187.0,107.0,66,745,17,111.8,False,False,False,419.2,220.0
53,B330,3,1999,1999-05-12,1.4626999974250792,435.86,9.399999618530272,86.0,129.0,64,791,18,111.8,False,False,False,419.2,363.0
53,B330,3,2000,2000-04-06,1.5296000003814698,386.02,8.800000190734863,301.0,114.0,64,844,19,111.8,False,False,False,419.2,330.0
53,B350,1,1990,1990-07-30,1.0068999946117403,445.99,9.899999618530272,285.0,112.0,62,338,9,124.5,False,False,False,431.9,0.0
53,B350,2,1990,1990-12-02,1.1100000143051147,445.99,9.899999618530272,285.0,112.0,62,338,9,137.2,False,False,False,444.6,125.0
53,B350,2,1991,1991-08-01,1.801699995994568,493.89,9.5,189.0,119.0,64,415,10,137.2,False,False,False,444.6,242.0
53,B350,2,1992,1992-05-20,1.8091999888420105,462.41,10.100000381469728,310.0,78.0,64,468,11,137.2,False,False,False,444.6,293.0
53,B350,2,1993,1993-05-05,1.8538000106811523,411.9,7.900000095367432,558.0,86.0,66,523,12,137.2,False,False,False,444.6,350.0
53,B350,2,1994,1994-08-15,1.64760000705719,397.63,9.899999618530272,204.0,112.0,62,577,13,137.2,False,False,False,444.6,467.0
53,B350,2,1995,1995-06-25,1.712000012397766,581.45,9.199999809265137,247.0,105.0,66,591,14,137.2,False,False,False,444.6,314.0
53,B350,2,1996,1996-09-03,1.8113000035285949,702.63,7.900000095367432,514.0,103.0,66,632,15,137.2,False,False,False,444.6,436.0
53,B350,2,1997,1997-10-06,1.920400011539459,515.32,9.100000381469728,248.0,121.0,69,688,16,137.2,False,False,False,444.6,398.0
53,B350,2,1998,1998-05-14,1.926099979877472,545.95,10.399999618530272,187.0,107.0,66,745,17,137.2,False,False,False,444.6,220.0
53,B350,2,1999,1999-05-12,1.916599988937378,435.86,9.399999618530272,86.0,129.0,64,791,18,137.2,False,False,False,444.6,363.0
53,B350,2,2000,2000-04-06,2.039099991321564,386.02,8.800000190734863,301.0,114.0,64,844,19,137.2,False,False,False,444.6,330.0
53,C310,1,1990,1990-08-06,1.022299987077713,1472.96,10.699999809265137,106.0,38.0,81,2077,18,200.6,False,False,False,294.6,0.0
53,C310,2,1991,1991-01-25,0.9825000047683716,1297.11,10.600000381469728,15.0,51.0,81,2294,19,228.5,False,False,False,322.5,172.0
53,C310,2,1992,1992-04-28,1.0148000061511993,1048.78,11.899999618530272,12.0,36.0,79,2476,20,228.5,False,False,False,322.5,459.0
53,C310,2,1993,1993-03-29,1.0892999947071074,1017.29,10.0,99.0,65.0,80,2643,21,228.5,False,False,False,322.5,335.0
53,C310,2,1996,1996-08-28,1.7049000144004822,1973.53,10.399999618530272,67.0,37.0,83,3275,24,228.5,False,False,False,322.5,1248.0
53,C310,2,1997,1997-05-23,1.818499994277954,1320.02,10.699999809265137,18.0,52.0,83,3535,25,228.5,False,False,False,322.5,268.0
53,C310,2,1998,1998-05-08,1.609600031375885,1529.1,10.800000190734863,47.0,26.0,84,3831,26,228.5,False,False,False,322.5,350.0
53,C320,1,1990,1990-08-06,0.7744000017642976,1472.96,10.699999809265137,106.0,38.0,81,2077,18,221.0,False,False,False,315.0,0.0
53,C320,2,1991,1991-01-25,0.9242999970912932,1297.11,10.600000381469728,15.0,51.0,81,2294,19,226.1,False,False,False,320.1,172.0
53,C320,2,1992,1992-04-28,1.0103000104427338,1048.78,11.899999618530272,12.0,36.0,79,2476,20,226.1,False,False,False,320.1,459.0
53,C320,2,1993,1993-03-29,1.0310000121593474,1017.29,10.0,99.0,65.0,80,2643,21,226.1,False,False,False,320.1,335.0
53,C320,2,1996,1996-08-28,1.1590999960899353,1973.53,10.399999618530272,67.0,37.0,83,3275,24,226.1,False,False,False,320.1,1248.0
53,C320,2,1997,1997-05-23,1.1459999978542328,1320.02,10.699999809265137,18.0,52.0,83,3535,25,226.1,False,False,False,320.1,268.0
53,C320,2,1998,1998-05-08,1.3253999948501587,1529.1,10.800000190734863,47.0,26.0,84,3831,26,226.1,False,False,False,320.1,350.0
53,C330,1,1990,1990-08-06,0.746399998664856,1472.96,10.699999809265137,106.0,38.0,81,2077,18,213.3,False,False,False,307.3,0.0
53,C330,2,1991,1991-01-25,0.775900000333786,1297.11,10.600000381469728,15.0,51.0,81,2294,19,213.3,False,False,False,307.3,172.0
53,C330,2,1992,1992-04-28,0.8273000061511993,1048.78,11.899999618530272,12.0,36.0,79,2476,20,213.3,False,False,False,307.3,459.0
53,C330,3,1993,1993-03-29,0.97610000371933,1017.29,10.0,99.0,65.0,80,2643,21,213.3,False,False,False,307.3,335.0
53,C330,4,1996,1996-08-28,1.0313000142574311,1973.53,10.399999618530272,67.0,37.0,83,3275,24,213.3,False,False,False,307.3,1248.0
53,C330,4,1997,1997-05-23,1.1126000165939331,1320.02,10.699999809265137,18.0,52.0,83,3535,25,213.3,False,False,False,307.3,268.0
53,C330,4,1998,1998-05-08,1.2062000036239624,1529.1,10.800000190734863,47.0,26.0,84,3831,26,213.3,False,False,False,307.3,350.0
53,C350,1,1990,1990-08-06,0.9069999992847444,1472.96,10.699999809265137,106.0,38.0,81,2077,18,205.8,False,False,False,299.8,0.0
53,C350,2,1991,1991-01-25,0.8613999962806702,1297.11,10.600000381469728,15.0,51.0,81,2294,19,213.4,False,False,False,307.4,172.0
53,C350,2,1992,1992-04-28,0.989299988746643,1048.78,11.899999618530272,12.0,36.0,79,2476,20,213.4,False,False,False,307.4,459.0
53,C350,2,1993,1993-03-29,1.0099999904632568,1017.29,10.0,99.0,65.0,80,2643,21,213.4,False,False,False,307.4,335.0
53,C350,2,1996,1996-08-28,1.185800004005432,1973.53,10.399999618530272,67.0,37.0,83,3275,24,213.4,False,False,False,307.4,1248.0
53,C350,2,1997,1997-05-23,1.620800006389618,1320.02,10.699999809265137,18.0,52.0,83,3535,25,213.4,False,False,False,307.4,268.0
53,C350,2,1998,1998-05-08,1.688200008869171,1529.1,10.800000190734863,47.0,26.0,84,3831,26,213.4,False,False,False,307.4,350.0
54,1640,1,1989,1989-11-15,1.4546000003814696,1625.6,11.100000381469728,232.0,84.0,82,1442,7,391.2,False,True,False,645.2,0.0
54,1640,1,1990,1990-09-17,1.756999981403351,1683.37,13.199999809265137,46.0,95.0,77,1806,8,391.2,False,True,False,645.2,306.0
54,1640,2,1991,1991-11-13,0.8197000026702881,1350.75,13.399999618530272,94.0,95.0,75,2196,9,564.0,False,True,False,818.0,422.0
54,1640,2,1992,1992-04-29,0.7580999970436096,1335.7,12.0,88.0,100.0,78,2611,10,564.0,False,True,False,818.0,168.0
54,1640,2,1993,1993-11-06,0.8027000010013581,1264.52,12.600000381469728,130.0,96.0,73,3048,11,564.0,False,True,False,818.0,556.0
54,1640,2,1994,1994-10-12,0.7959999978542328,1446.63,12.199999809265137,208.0,91.0,75,3437,12,564.0,False,True,False,818.0,340.0
54,1640,2,1995,1995-10-26,0.8041999995708466,1321.49,12.199999809265137,239.0,93.0,74,3802,13,564.0,False,True,False,818.0,379.0
54,1640,2,1999,1999-06-24,0.8366999983787536,936.31,13.5,119.0,92.0,68,5494,17,564.0,False,True,False,818.0,1337.0
54,1640,2,2000,2000-06-23,0.8412999927997589,972.31,12.399999618530272,213.0,89.0,73,6086,18,564.0,False,True,False,818.0,365.0
54,1640,3,2001,2001-10-04,0.6244000017642974,891.46,13.199999809265137,122.0,84.0,71,6695,19,556.3,False,True,False,810.3,468.0
54,1640,3,2002,2002-12-12,0.5966000020503998,1225.73,13.300000190734863,92.0,94.0,74,7161,20,556.3,False,True,False,810.3,434.0
54,1640,3,2003,2003-06-04,0.6389999985694885,1681.42,11.899999618530272,209.0,83.0,81,7652,21,556.3,False,True,False,810.3,174.0
54,1640,3,2009,2009-11-10,0.6820000052452087,1542.64,12.100000381469728,181.0,74.0,79,11285,27,556.3,False,True,False,810.3,2351.0
54,1640,3,2011,2011-07-26,0.7388000011444091,1545.67,13.0,120.0,90.0,79,12625,29,556.3,False,True,False,810.3,623.0
54,1640,4,2014,2014-12-15,1.013899999856949,1228.72,11.899999618530272,278.0,100.0,75,14755,32,556.3,False,True,False,810.3,1238.0
54,1640,4,2015,2015-08-24,0.8748999953269958,1530.36,13.300000190734863,236.0,68.0,74,15498,33,556.3,False,True,False,810.3,252.0
54,1640,5,2019,2019-11-05,0.9901999950408936,1441.13,13.899999618530272,106.0,84.0,76,17673,37,556.3,False,True,False,810.3,1534.0
55,0113,1,1997,1997-12-01,0.8907000064849854,935.72,4.400000095367432,1086.0,97.0,81,502,1,129.5,False,False,False,934.7,0.0
55,0113,1,1998,1998-09-26,0.9602000057697296,884.76,7.5,635.0,89.0,78,1113,2,129.5,False,False,False,934.7,299.0
55,0113,1,1999,1999-04-18,0.9900000095367432,1017.9,6.199999809265137,874.0,97.0,77,1756,3,129.5,False,False,False,934.7,204.0
55,0113,1,2000,2000-04-26,0.9910000085830688,931.1,5.5,1103.0,74.0,77,2435,4,129.5,False,False,False,934.7,374.0
55,0113,1,2001,2001-07-19,0.9990999937057496,924.36,6.300000190734863,901.0,75.0,79,3062,5,129.5,False,False,False,934.7,449.0
55,0113,1,2002,2002-05-10,1.1237000226974487,1170.53,5.699999809265137,759.0,125.0,79,3714,6,129.5,False,False,False,934.7,295.0
55,0113,1,2003,2003-04-15,0.9874999940395356,858.83,4.800000190734863,1133.0,91.0,77,4393,7,129.5,False,False,False,934.7,340.0
55,0113,1,2004,2004-10-19,1.092799997329712,1401.88,5.199999809265137,1029.0,88.0,79,5099,8,129.5,False,False,False,934.7,553.0
55,0113,1,2005,2005-09-12,1.2267000079154968,888.43,6.599999904632568,973.0,73.0,75,5833,9,129.5,False,False,False,934.7,328.0
55,0113,1,2008,2008-06-07,1.0769000053405762,966.78,4.199999809265137,1411.0,73.0,78,8144,12,129.5,False,False,False,934.7,999.0
55,0114,1,1997,1997-12-01,0.8050999999046325,935.72,4.400000095367432,1086.0,97.0,81,502,1,195.6,False,False,False,741.7,0.0
55,0114,1,1998,1998-09-26,0.8578000068664551,884.76,7.5,635.0,89.0,78,1113,2,195.6,False,False,False,741.7,299.0
55,0114,1,1999,1999-04-18,0.8210999965667725,1017.9,6.199999809265137,874.0,97.0,77,1756,3,195.6,False,False,False,741.7,204.0
55,0114,1,2000,2000-04-26,0.9600000083446504,931.1,5.5,1103.0,74.0,77,2435,4,195.6,False,False,False,741.7,374.0
55,0114,1,2001,2001-07-19,1.115799981355667,924.36,6.300000190734863,901.0,75.0,79,3062,5,195.6,False,False,False,741.7,449.0
55,0114,1,2002,2002-05-10,0.922299998998642,1170.53,5.699999809265137,759.0,125.0,79,3714,6,195.6,False,False,False,741.7,295.0
55,0114,1,2003,2003-04-15,1.083899998664856,858.83,4.800000190734863,1133.0,91.0,77,4393,7,195.6,False,False,False,741.7,340.0
55,0114,1,2004,2004-10-19,0.9528000056743622,1401.88,5.199999809265137,1029.0,88.0,79,5099,8,195.6,False,False,False,741.7,553.0
55,0114,1,2005,2005-09-12,0.9666000008583068,888.43,6.599999904632568,973.0,73.0,75,5833,9,195.6,False,False,False,741.7,328.0
55,0114,1,2008,2008-06-07,1.082700008153915,966.78,4.199999809265137,1411.0,73.0,78,8144,12,195.6,False,False,False,741.7,999.0
55,0115,1,1997,1997-12-01,0.875299996137619,935.72,4.400000095367432,1086.0,97.0,81,502,1,190.5,False,True,False,675.6,0.0
55,0115,1,1998,1998-09-26,1.0176000058650971,884.76,7.5,635.0,89.0,78,1113,2,190.5,False,True,False,675.6,299.0
55,0115,1,1999,1999-04-18,0.988700008392334,1017.9,6.199999809265137,874.0,97.0,77,1756,3,190.5,False,True,False,675.6,204.0
55,0115,1,2000,2000-04-26,1.1590000152587892,931.1,5.5,1103.0,74.0,77,2435,4,190.5,False,True,False,675.6,374.0
55,0115,1,2001,2001-07-19,1.3239999771118165,924.36,6.300000190734863,901.0,75.0,79,3062,5,190.5,False,True,False,675.6,449.0
55,0115,1,2002,2002-05-10,1.2291999816894532,1170.53,5.699999809265137,759.0,125.0,79,3714,6,190.5,False,True,False,675.6,295.0
55,0115,1,2003,2003-04-15,1.4042000055313109,858.83,4.800000190734863,1133.0,91.0,77,4393,7,190.5,False,True,False,675.6,340.0
55,0115,1,2004,2004-10-19,1.4043000221252442,1401.88,5.199999809265137,1029.0,88.0,79,5099,8,190.5,False,True,False,675.6,553.0
55,0115,1,2005,2005-09-12,1.605400013923645,888.43,6.599999904632568,973.0,73.0,75,5833,9,190.5,False,True,False,675.6,328.0
55,0115,1,2008,2008-06-07,1.6807000041007996,966.78,4.199999809265137,1411.0,73.0,78,8144,12,190.5,False,True,False,675.6,999.0
55,0116,1,1997,1997-12-01,0.7398000001907349,935.72,4.400000095367432,1086.0,97.0,81,502,1,104.1,False,True,False,690.8,0.0
55,0116,1,1998,1998-09-26,0.9168000042438508,884.76,7.5,635.0,89.0,78,1113,2,104.1,False,True,False,690.8,299.0
55,0116,1,1999,1999-04-18,0.8559000015258789,1017.9,6.199999809265137,874.0,97.0,77,1756,3,104.1,False,True,False,690.8,204.0
55,0116,1,2000,2000-04-26,0.9656999945640564,931.1,5.5,1103.0,74.0,77,2435,4,104.1,False,True,False,690.8,374.0
55,0116,1,2001,2001-07-19,1.0102999925613405,924.36,6.300000190734863,901.0,75.0,79,3062,5,104.1,False,True,False,690.8,449.0
55,0116,1,2002,2002-05-10,1.2319000124931336,1170.53,5.699999809265137,759.0,125.0,79,3714,6,104.1,False,True,False,690.8,295.0
55,0116,1,2003,2003-04-15,1.0017000079154967,858.83,4.800000190734863,1133.0,91.0,77,4393,7,104.1,False,True,False,690.8,340.0
55,0116,1,2004,2004-10-19,1.135200011730194,1401.88,5.199999809265137,1029.0,88.0,79,5099,8,104.1,False,True,False,690.8,553.0
55,0116,1,2005,2005-09-12,1.4228000164031982,888.43,6.599999904632568,973.0,73.0,75,5833,9,104.1,False,True,False,690.8,328.0
55,0116,1,2008,2008-06-07,1.2937000095844269,966.78,4.199999809265137,1411.0,73.0,78,8144,12,104.1,False,True,False,690.8,999.0
55,0117,1,1997,1997-12-01,0.7379000008106231,935.72,4.400000095367432,1086.0,97.0,81,502,1,160.1,False,True,False,655.4,0.0
55,0117,1,1998,1998-09-26,0.8353000044822694,884.76,7.5,635.0,89.0,78,1113,2,160.1,False,True,False,655.4,299.0
55,0117,1,1999,1999-04-18,0.8148000061511993,1017.9,6.199999809265137,874.0,97.0,77,1756,3,160.1,False,True,False,655.4,204.0
55,0117,1,2000,2000-04-26,0.904299998283386,931.1,5.5,1103.0,74.0,77,2435,4,160.1,False,True,False,655.4,374.0
55,0117,1,2001,2001-07-19,1.0593000054359436,924.36,6.300000190734863,901.0,75.0,79,3062,5,160.1,False,True,False,655.4,449.0
55,0117,1,2002,2002-05-10,1.0021999955177308,1170.53,5.699999809265137,759.0,125.0,79,3714,6,160.1,False,True,False,655.4,295.0
55,0117,1,2003,2003-04-15,1.136299991607666,858.83,4.800000190734863,1133.0,91.0,77,4393,7,160.1,False,True,False,655.4,340.0
55,0117,1,2004,2004-10-19,1.2124000072479246,1401.88,5.199999809265137,1029.0,88.0,79,5099,8,160.1,False,True,False,655.4,553.0
55,0117,1,2005,2005-09-12,1.4501000046730042,888.43,6.599999904632568,973.0,73.0,75,5833,9,160.1,False,True,False,655.4,328.0
55,0117,1,2008,2008-06-07,1.3830000042915345,966.78,4.199999809265137,1411.0,73.0,78,8144,12,160.1,False,True,False,655.4,999.0
55,0118,1,1997,1997-12-01,0.6619000136852264,935.72,4.400000095367432,1086.0,97.0,81,502,1,106.7,False,True,False,711.2,0.0
55,0118,1,1998,1998-09-26,0.7573000013828277,884.76,7.5,635.0,89.0,78,1113,2,106.7,False,True,False,711.2,299.0
55,0118,1,1999,1999-04-18,0.7339000046253203,1017.9,6.199999809265137,874.0,97.0,77,1756,3,106.7,False,True,False,711.2,204.0
55,0118,1,2000,2000-04-26,0.8121999979019165,931.1,5.5,1103.0,74.0,77,2435,4,106.7,False,True,False,711.2,374.0
55,0118,1,2001,2001-07-19,0.9062000095844268,924.36,6.300000190734863,901.0,75.0,79,3062,5,106.7,False,True,False,711.2,449.0
55,0118,1,2002,2002-05-10,1.024899995326996,1170.53,5.699999809265137,759.0,125.0,79,3714,6,106.7,False,True,False,711.2,295.0
55,0118,1,2003,2003-04-15,0.9403000116348266,858.83,4.800000190734863,1133.0,91.0,77,4393,7,106.7,False,True,False,711.2,340.0
55,0118,1,2004,2004-10-19,1.131799989938736,1401.88,5.199999809265137,1029.0,88.0,79,5099,8,106.7,False,True,False,711.2,553.0
55,0118,1,2005,2005-09-12,1.4626999974250792,888.43,6.599999904632568,973.0,73.0,75,5833,9,106.7,False,True,False,711.2,328.0
55,0118,1,2008,2008-06-07,1.2229999899864197,966.78,4.199999809265137,1411.0,73.0,78,8144,12,106.7,False,True,False,711.2,999.0
55,0119,1,1997,1997-12-01,0.7951000034809113,935.72,4.400000095367432,1086.0,97.0,81,502,1,157.5,False,True,False,647.7,0.0
55,0119,1,1998,1998-09-26,0.8614999949932098,884.76,7.5,635.0,89.0,78,1113,2,157.5,False,True,False,647.7,299.0
55,0119,1,1999,1999-04-18,0.8074000000953674,1017.9,6.199999809265137,874.0,97.0,77,1756,3,157.5,False,True,False,647.7,204.0
55,0119,1,2000,2000-04-26,0.8958999931812286,931.1,5.5,1103.0,74.0,77,2435,4,157.5,False,True,False,647.7,374.0
55,0119,1,2001,2001-07-19,0.9692000091075896,924.36,6.300000190734863,901.0,75.0,79,3062,5,157.5,False,True,False,647.7,449.0
55,0119,1,2002,2002-05-10,0.941399997472763,1170.53,5.699999809265137,759.0,125.0,79,3714,6,157.5,False,True,False,647.7,295.0
55,0119,1,2003,2003-04-15,0.9818999886512756,858.83,4.800000190734863,1133.0,91.0,77,4393,7,157.5,False,True,False,647.7,340.0
55,0119,1,2004,2004-10-19,0.9857000052928924,1401.88,5.199999809265137,1029.0,88.0,79,5099,8,157.5,False,True,False,647.7,553.0
55,0119,1,2005,2005-09-12,1.060999995470047,888.43,6.599999904632568,973.0,73.0,75,5833,9,157.5,False,True,False,647.7,328.0
55,0119,1,2008,2008-06-07,1.1133999824523926,966.78,4.199999809265137,1411.0,73.0,78,8144,12,157.5,False,True,False,647.7,999.0
55,0120,1,1997,1997-12-01,0.6404000043869018,935.72,4.400000095367432,1086.0,97.0,81,502,1,88.9,False,True,False,693.5,0.0
55,0120,1,1998,1998-09-26,0.6614999949932099,884.76,7.5,635.0,89.0,78,1113,2,88.9,False,True,False,693.5,299.0
55,0120,1,1999,1999-04-18,0.6387999951839447,1017.9,6.199999809265137,874.0,97.0,77,1756,3,88.9,False,True,False,693.5,204.0
55,0120,1,2000,2000-04-26,0.6525999963283539,931.1,5.5,1103.0,74.0,77,2435,4,88.9,False,True,False,693.5,374.0
55,0120,1,2001,2001-07-19,0.6832999885082245,924.36,6.300000190734863,901.0,75.0,79,3062,5,88.9,False,True,False,693.5,449.0
55,0120,1,2002,2002-05-10,0.7227000057697296,1170.53,5.699999809265137,759.0,125.0,79,3714,6,88.9,False,True,False,693.5,295.0
55,0120,1,2003,2003-04-15,0.6691999971866608,858.83,4.800000190734863,1133.0,91.0,77,4393,7,88.9,False,True,False,693.5,340.0
55,0120,1,2004,2004-10-19,0.7094999969005584,1401.88,5.199999809265137,1029.0,88.0,79,5099,8,88.9,False,True,False,693.5,553.0
55,0120,1,2005,2005-09-12,0.7392999947071075,888.43,6.599999904632568,973.0,73.0,75,5833,9,88.9,False,True,False,693.5,328.0
55,0120,1,2008,2008-06-07,0.8060999989509583,966.78,4.199999809265137,1411.0,73.0,78,8144,12,88.9,False,True,False,693.5,999.0
55,0121,1,1997,1997-12-01,0.7879000008106232,935.72,4.400000095367432,1086.0,97.0,81,502,1,96.5,False,True,False,716.3,0.0
55,0121,1,1998,1998-09-26,0.8242000102996827,884.76,7.5,635.0,89.0,78,1113,2,96.5,False,True,False,716.3,299.0
55,0121,1,1999,1999-04-18,0.808899998664856,1017.9,6.199999809265137,874.0,97.0,77,1756,3,96.5,False,True,False,716.3,204.0
55,0121,1,2000,2000-04-26,0.8257999956607819,931.1,5.5,1103.0,74.0,77,2435,4,96.5,False,True,False,716.3,374.0
55,0121,1,2001,2001-07-19,0.8392000019550323,924.36,6.300000190734863,901.0,75.0,79,3062,5,96.5,False,True,False,716.3,449.0
55,0121,1,2002,2002-05-10,0.8299999952316284,1170.53,5.699999809265137,759.0,125.0,79,3714,6,96.5,False,True,False,716.3,295.0
55,0121,1,2003,2003-04-15,0.8011000037193299,858.83,4.800000190734863,1133.0,91.0,77,4393,7,96.5,False,True,False,716.3,340.0
55,0121,1,2004,2004-10-19,0.8082000017166138,1401.88,5.199999809265137,1029.0,88.0,79,5099,8,96.5,False,True,False,716.3,553.0
55,0121,1,2005,2005-09-12,0.8084000051021576,888.43,6.599999904632568,973.0,73.0,75,5833,9,96.5,False,True,False,716.3,328.0
55,0121,1,2008,2008-06-07,0.9671000123023988,966.78,4.199999809265137,1411.0,73.0,78,8144,12,96.5,False,True,False,716.3,999.0
55,0122,1,1997,1997-12-01,0.6389999985694885,935.72,4.400000095367432,1086.0,97.0,81,502,1,114.3,True,True,False,716.2,0.0
55,0122,1,1998,1998-09-26,0.713699996471405,884.76,7.5,635.0,89.0,78,1113,2,114.3,True,True,False,716.2,299.0
55,0122,1,1999,1999-04-18,0.6870999991893768,1017.9,6.199999809265137,874.0,97.0,77,1756,3,114.3,True,True,False,716.2,204.0
55,0122,1,2000,2000-04-26,0.7117000043392181,931.1,5.5,1103.0,74.0,77,2435,4,114.3,True,True,False,716.2,374.0
55,0122,1,2001,2001-07-19,0.7866000056266784,924.36,6.300000190734863,901.0,75.0,79,3062,5,114.3,True,True,False,716.2,449.0
55,0122,1,2002,2002-05-10,0.8087000012397766,1170.53,5.699999809265137,759.0,125.0,79,3714,6,114.3,True,True,False,716.2,295.0
55,0122,1,2003,2003-04-15,0.7861999988555908,858.83,4.800000190734863,1133.0,91.0,77,4393,7,114.3,True,True,False,716.2,340.0
55,0122,1,2004,2004-10-19,0.8187000095844269,1401.88,5.199999809265137,1029.0,88.0,79,5099,8,114.3,True,True,False,716.2,553.0
55,0122,1,2005,2005-09-12,0.9063999831676482,888.43,6.599999904632568,973.0,73.0,75,5833,9,114.3,True,True,False,716.2,328.0
55,0122,1,2008,2008-06-07,0.8654999971389771,966.78,4.199999809265137,1411.0,73.0,78,8144,12,114.3,True,True,False,716.2,999.0
55,0123,1,1997,1997-12-01,0.7216000020503999,935.72,4.400000095367432,1086.0,97.0,81,502,1,172.7,True,True,False,680.6,0.0
55,0123,1,1998,1998-09-26,0.8687999904155731,884.76,7.5,635.0,89.0,78,1113,2,172.7,True,True,False,680.6,299.0
55,0123,1,1999,1999-04-18,0.828600001335144,1017.9,6.199999809265137,874.0,97.0,77,1756,3,172.7,True,True,False,680.6,204.0
55,0123,1,2000,2000-04-26,0.9052000045776368,931.1,5.5,1103.0,74.0,77,2435,4,172.7,True,True,False,680.6,374.0
55,0123,1,2001,2001-07-19,0.9865000009536744,924.36,6.300000190734863,901.0,75.0,79,3062,5,172.7,True,True,False,680.6,449.0
55,0123,1,2002,2002-05-10,0.9874999940395356,1170.53,5.699999809265137,759.0,125.0,79,3714,6,172.7,True,True,False,680.6,295.0
55,0123,1,2003,2003-04-15,1.0012999951839447,858.83,4.800000190734863,1133.0,91.0,77,4393,7,172.7,True,True,False,680.6,340.0
55,0123,1,2004,2004-10-19,1.005599993467331,1401.88,5.199999809265137,1029.0,88.0,79,5099,8,172.7,True,True,False,680.6,553.0
55,0123,1,2005,2005-09-12,1.0625,888.43,6.599999904632568,973.0,73.0,75,5833,9,172.7,True,True,False,680.6,328.0
55,0123,1,2008,2008-06-07,1.0466999948024749,966.78,4.199999809265137,1411.0,73.0,78,8144,12,172.7,True,True,False,680.6,999.0
55,0124,1,1997,1997-12-01,0.7760000109672547,935.72,4.400000095367432,1086.0,97.0,81,502,1,180.3,True,True,False,751.7,0.0
55,0124,1,1998,1998-09-26,0.9255999982357024,884.76,7.5,635.0,89.0,78,1113,2,180.3,True,True,False,751.7,299.0
55,0124,1,1999,1999-04-18,0.854799997806549,1017.9,6.199999809265137,874.0,97.0,77,1756,3,180.3,True,True,False,751.7,204.0
55,0124,1,2000,2000-04-26,1.0126999914646149,931.1,5.5,1103.0,74.0,77,2435,4,180.3,True,True,False,751.7,374.0
55,0124,1,2001,2001-07-19,1.1206000089645385,924.36,6.300000190734863,901.0,75.0,79,3062,5,180.3,True,True,False,751.7,449.0
55,0124,1,2002,2002-05-10,1.0453000009059903,1170.53,5.699999809265137,759.0,125.0,79,3714,6,180.3,True,True,False,751.7,295.0
55,0124,1,2003,2003-04-15,1.1335999846458436,858.83,4.800000190734863,1133.0,91.0,77,4393,7,180.3,True,True,False,751.7,340.0
55,0124,1,2004,2004-10-19,1.1324000000953671,1401.88,5.199999809265137,1029.0,88.0,79,5099,8,180.3,True,True,False,751.7,553.0
55,0124,1,2005,2005-09-12,1.142200005054474,888.43,6.599999904632568,973.0,73.0,75,5833,9,180.3,True,True,False,751.7,328.0
55,0124,1,2008,2008-06-07,1.1624000072479248,966.78,4.199999809265137,1411.0,73.0,78,8144,12,180.3,True,True,False,751.7,999.0
56,1007,1,1989,1989-09-19,0.8789000034332275,572.73,6.800000190734863,693.0,127.0,56,710,10,71.1,False,False,False,228.6,0.0
56,1007,2,1990,1990-09-06,0.8270999997854233,417.22,7.400000095367432,565.0,146.0,53,785,11,71.1,False,False,False,228.6,352.0
56,1007,2,1991,1991-09-23,0.8411249965429306,676.12,7.199999809265137,507.0,155.0,57,860,12,71.1,False,False,False,228.6,382.0
56,1007,2,1992,1992-10-28,0.898499995470047,601.72,7.900000095367432,398.0,140.0,56,930,13,71.1,False,False,False,228.6,401.0
56,1007,2,1993,1993-10-05,0.9097000062465668,663.56,5.900000095367432,603.0,137.0,59,974,14,71.1,False,False,False,228.6,342.0
56,1007,2,1994,1994-06-07,0.9238249942660332,488.38,8.0,485.0,138.0,53,1015,15,71.1,False,False,False,228.6,245.0
56,1007,2,1995,1995-06-05,1.0604333261648815,692.36,7.199999809265137,409.0,155.0,58,1057,16,71.1,False,False,False,228.6,363.0
56,1007,2,1996,1996-12-11,1.1042999982833863,527.06,6.699999809265137,707.0,144.0,56,1087,17,71.1,False,False,False,228.6,555.0
56,1007,2,1997,1997-06-16,1.1483750075101853,686.67,7.0,570.0,135.0,61,1112,18,71.1,False,False,False,228.6,187.0
56,1007,3,1998,1998-08-01,1.2835999846458437,616.39,7.900000095367432,421.0,137.0,58,1145,19,76.19999999999999,False,False,False,233.7,411.0
56,1007,4,1999,1999-10-08,1.123200011253357,566.59,8.600000381469727,212.0,153.0,53,1176,20,88.89999999999999,False,False,False,246.4,433.0
56,1007,4,2001,2001-10-17,0.9921999931335448,440.57,8.899999618530273,360.0,146.0,51,1253,22,88.89999999999999,False,False,False,246.4,740.0
56,1007,4,2003,2003-10-19,1.0939999997615812,555.08,8.600000381469727,386.0,142.0,53,1330,24,88.89999999999999,False,False,False,246.4,732.0
56,2015,1,1989,1989-08-09,1.6514000058174134,512.93,7.5,573.0,123.0,51,4655,12,99.1,False,True,False,703.6,0.0
56,2015,1,1990,1990-10-31,1.74060001373291,636.26,7.5,496.0,141.0,53,5045,13,99.1,False,True,False,703.6,448.0
56,2015,1,1991,1991-11-11,1.8226999998092648,557.47,7.5,404.0,158.0,55,5357,14,99.1,False,True,False,703.6,376.0
56,2015,1,1992,1992-11-01,1.9037999987602232,534.26,7.900000095367432,402.0,121.0,54,5773,15,99.1,False,True,False,703.6,356.0
56,2015,1,1993,1993-10-27,1.841100013256073,691.9,6.400000095367432,514.0,140.0,57,6175,16,99.1,False,True,False,703.6,360.0
56,2015,1,1994,1994-11-02,1.911300003528595,411.37,8.5,378.0,139.0,51,6608,17,99.1,False,True,False,703.6,371.0
56,2015,1,1996,1996-09-16,2.136699986457825,587.23,7.5,525.0,132.0,54,7355,19,99.1,False,True,False,703.6,684.0
56,2015,1,1997,1997-07-29,2.157599997520447,685.87,7.300000190734863,534.0,132.0,56,7797,20,99.1,False,True,False,703.6,316.0
56,2015,1,1998,1998-08-06,2.2714000225067137,574.71,8.100000381469727,365.0,142.0,57,8294,21,99.1,False,True,False,703.6,373.0
56,2015,1,1999,1999-08-13,2.32669997215271,585.25,8.600000381469727,235.0,143.0,52,8784,22,99.1,False,True,False,703.6,372.0
56,2015,1,2001,2001-09-03,2.383300018310547,523.72,8.800000190734863,344.0,142.0,51,9826,24,99.1,False,True,False,703.6,752.0
56,2015,1,2002,2002-10-03,2.3299999713897703,421.67,8.100000381469727,429.0,151.0,49,10383,25,99.1,False,True,False,703.6,395.0
56,2015,1,2003,2003-10-26,2.3634000062942504,593.73,8.800000190734863,316.0,140.0,52,10906,26,99.1,False,True,False,703.6,388.0
56,2017,1,1989,1989-09-23,1.187499988079071,426.11,7.5,621.0,132.0,53,1353,8,63.5,False,True,False,348.0,0.0
56,2017,1,1990,1990-10-29,1.2693000078201293,363.75,7.900000095367432,512.0,147.0,53,1498,9,63.5,False,True,False,348.0,401.0
56,2017,1,1991,1991-11-03,1.2401999950408935,457.65,7.900000095367432,463.0,156.0,57,1633,10,63.5,False,True,False,348.0,370.0
56,2017,1,1992,1992-10-31,1.4157999873161318,357.06,8.199999809265137,412.0,138.0,55,1768,11,63.5,False,True,False,348.0,363.0
56,2017,1,1993,1993-10-06,1.4740000009536742,524.41,6.0,634.0,135.0,62,1900,12,63.5,False,True,False,348.0,340.0
56,2017,1,1994,1994-11-06,1.4473000168800354,358.93,8.5,465.0,137.0,55,1975,13,63.5,False,True,False,348.0,396.0
56,2017,1,1996,1996-09-15,1.7078999996185302,475.59,7.400000095367432,620.0,144.0,57,2116,15,63.5,False,True,False,348.0,679.0
56,2017,1,1997,1997-07-17,1.9373000025749207,472.31,7.5,581.0,131.0,60,2200,16,63.5,False,True,False,348.0,305.0
56,2017,1,1998,1998-07-31,1.9349999904632569,585.13,8.399999618530273,394.0,144.0,61,2276,17,63.5,False,True,False,348.0,379.0
56,2017,1,1999,1999-06-12,1.921900010108948,573.11,9.100000381469728,210.0,153.0,55,2358,18,63.5,False,True,False,348.0,316.0
56,2017,2,2001,2001-06-16,1.5390999913215635,348.09,8.800000190734863,456.0,139.0,56,2559,20,99.1,False,True,False,383.6,735.0
56,2017,2,2003,2003-10-21,1.551200008392334,508.93,8.699999809265137,407.0,138.0,56,2769,22,99.1,False,True,False,383.6,857.0
56,2017,2,2004,2004-08-11,1.5872999906539915,466.24,8.600000381469727,293.0,141.0,56,2889,23,99.1,False,True,False,383.6,295.0
56,2017,2,2007,2007-04-22,1.6610000133514404,496.04,9.0,519.0,106.0,55,3202,26,99.1,False,True,False,383.6,984.0
56,2017,2,2009,2009-08-17,1.7883000016212462,509.85,7.400000095367432,514.0,144.0,57,3403,28,99.1,False,True,False,383.6,848.0
56,2017,4,2012,2012-09-30,1.873299992084504,294.2,10.399999618530272,294.0,123.0,48,3758,31,99.1,False,True,False,383.6,1140.0
56,2017,5,2013,2013-06-18,0.7641000032424927,492.15,8.199999809265137,485.0,151.0,56,3986,32,142.3,False,True,False,426.8,261.0
56,2017,6,2014,2014-09-23,0.8787000000476837,572.39,8.0,554.0,127.0,57,4082,33,147.4,False,True,False,431.9,462.0
56,2017,6,2015,2015-08-14,0.8279000043869018,564.44,9.300000190734863,401.0,118.0,56,4177,34,147.4,False,True,False,431.9,325.0
56,2018,1,1989,1989-09-21,0.9083999991416932,345.06,6.800000190734863,691.0,137.0,52,1573,7,147.4,False,True,False,551.3,0.0
56,2018,1,1990,1990-10-24,0.9064000010490418,356.43,7.0,604.0,157.0,52,1755,8,147.4,False,True,False,551.3,398.0
56,2018,1,1991,1991-11-03,1.0053000152111051,478.42,6.800000190734863,589.0,152.0,56,1938,9,147.4,False,True,False,551.3,375.0
56,2018,1,1992,1992-10-31,1.0495999932289124,331.51,7.199999809265137,573.0,131.0,55,2121,10,147.4,False,True,False,551.3,363.0
56,2018,1,1993,1993-10-06,1.0497000098228455,399.35,5.199999809265137,726.0,146.0,60,2288,11,147.4,False,True,False,551.3,340.0
56,2019,1,1989,1989-09-23,1.3133999943733214,458.16,7.5,646.0,126.0,55,1590,5,106.7,False,True,False,1173.5,0.0
56,2019,1,1990,1990-10-29,1.4025999784469605,355.75,8.0,520.0,157.0,53,1885,6,106.7,False,True,False,1173.5,401.0
56,2019,1,1991,1991-11-03,1.5068000078201294,494.64,8.0,456.0,155.0,58,2180,7,106.7,False,True,False,1173.5,370.0
56,2019,1,1992,1992-10-31,1.5418999910354616,376.15,8.399999618530273,369.0,140.0,55,2381,8,106.7,False,True,False,1173.5,363.0
56,2019,1,1993,1993-10-06,1.6241999864578247,498.5,6.099999904632568,612.0,132.0,62,2655,9,106.7,False,True,False,1173.5,340.0
56,2019,1,1994,1994-11-06,1.667700004577637,400.14,8.5,487.0,136.0,56,2845,10,106.7,False,True,False,1173.5,396.0
56,2019,2,1997,1997-07-17,0.971699982881546,517.85,7.5,581.0,134.0,61,3474,13,175.3,False,True,False,1242.1,984.0
56,2019,3,1998,1998-07-31,0.989199995994568,653.69,8.300000190734863,419.0,145.0,62,3675,14,177.8,False,True,False,1244.6,379.0
56,2019,3,1999,1999-06-11,1.028099995851517,618.0,9.0,217.0,149.0,58,3913,15,177.8,False,True,False,1244.6,315.0
56,2019,3,2001,2001-06-15,1.0966000080108644,340.77,8.800000190734863,451.0,133.0,56,4455,17,177.8,False,True,False,1244.6,735.0
56,2019,3,2003,2003-10-21,1.136300015449524,561.1,8.699999809265137,429.0,130.0,57,5068,19,177.8,False,True,False,1244.6,858.0
56,2019,3,2004,2004-08-11,1.0593999981880189,448.67,8.800000190734863,284.0,135.0,56,5358,20,177.8,False,True,False,1244.6,295.0
56,2019,3,2007,2007-04-17,1.1371999979019165,505.84,9.0,499.0,110.0,56,6376,23,177.8,False,True,False,1244.6,979.0
56,2019,3,2009,2009-08-18,1.1419999837875363,503.78,7.5,514.0,147.0,57,6873,25,177.8,False,True,False,1244.6,854.0
56,2020,1,1989,1989-09-18,0.9520999968051912,1015.64,5.900000095367432,813.0,125.0,58,1530,5,127.0,False,True,False,447.0,0.0
56,2020,1,1990,1990-10-18,1.1296000063419342,666.14,6.599999904632568,654.0,137.0,54,1870,6,127.0,False,True,False,447.0,395.0
56,2020,1,1991,1991-11-05,1.323300015926361,964.51,6.599999904632568,580.0,138.0,59,2230,7,127.0,False,True,False,447.0,383.0
56,2020,1,1992,1992-08-22,1.6640999913215635,737.98,7.0,434.0,134.0,57,2595,8,127.0,False,True,False,447.0,291.0
56,2020,1,1993,1993-10-04,1.8218999981880188,875.44,5.199999809265137,628.0,146.0,61,2951,9,127.0,False,True,False,447.0,408.0
56,2020,1,1994,1994-07-23,2.052499997615814,915.89,6.900000095367432,615.0,124.0,57,3323,10,127.0,False,True,False,447.0,292.0
56,2020,1,1996,1996-09-14,2.322199964523316,910.61,5.699999809265137,847.0,136.0,59,4123,12,127.0,False,True,False,447.0,784.0
56,2020,1,1997,1997-07-16,2.3424999952316288,1042.02,6.099999904632568,669.0,132.0,63,4620,13,127.0,False,True,False,447.0,305.0
56,2020,2,1999,1999-06-11,1.007200014591217,1068.88,7.400000095367432,321.0,148.0,57,5504,15,160.0,True,True,False,482.5,695.0
56,2020,3,2001,2001-06-15,1.2305999875068665,730.9,7.900000095367432,453.0,135.0,54,6462,17,165.10000000000002,True,True,False,487.6,735.0
56,2020,3,2003,2003-10-20,1.351900005340576,859.47,7.300000190734863,525.0,129.0,57,7397,19,165.10000000000002,True,True,False,487.6,857.0
56,2020,3,2004,2004-08-13,1.4284000039100646,956.22,7.199999809265137,372.0,142.0,59,7856,20,165.10000000000002,True,True,False,487.6,298.0
56,2020,3,2007,2007-04-16,1.6713999986648558,1074.75,7.300000190734863,636.0,107.0,59,9337,23,165.10000000000002,True,True,False,487.6,976.0
56,2020,3,2009,2009-08-13,1.7272000074386598,935.92,5.699999809265137,658.0,143.0,60,10235,25,165.10000000000002,True,True,False,487.6,850.0
56,2020,4,2012,2012-09-29,1.7902999877929688,739.39,8.300000190734863,425.0,127.0,52,11739,28,165.10000000000002,True,True,False,487.6,1143.0
56,2020,4,2013,2013-06-13,1.7563000082969666,1222.86,6.199999809265137,705.0,137.0,62,12222,29,165.10000000000002,True,True,False,487.6,257.0
56,2020,4,2014,2014-10-21,1.7779000043869018,1220.39,6.0,715.0,120.0,63,12761,30,165.10000000000002,True,True,False,487.6,495.0
56,2020,4,2015,2015-04-28,1.8278000116348267,882.66,8.100000381469727,448.0,125.0,57,13308,31,165.10000000000002,True,True,False,487.6,189.0
56,2037,1,1989,1989-06-24,1.3468000054359437,351.19,4.800000190734863,1009.0,116.0,55,507,5,94.0,False,True,False,510.6,0.0
56,2037,1,1990,1990-11-08,1.371399998664856,436.66,5.5,816.0,145.0,54,627,6,94.0,False,True,False,510.6,502.0
56,2037,1,1991,1991-10-31,1.347100007534027,529.5,4.800000190734863,914.0,129.0,58,669,7,94.0,False,True,False,510.6,357.0
56,2037,1,1992,1992-10-30,1.379100000858307,438.81,5.199999809265137,905.0,108.0,59,789,8,94.0,False,True,False,510.6,365.0
56,2037,1,1993,1993-10-26,1.3318000078201293,579.44,3.5,1010.0,124.0,63,889,9,94.0,False,True,False,510.6,361.0
56,2037,1,1994,1994-07-20,1.311300015449524,385.68,6.0,764.0,135.0,55,938,10,94.0,False,True,False,510.6,267.0
56,2037,1,1997,1997-07-28,1.3728000044822692,610.68,4.699999809265137,942.0,126.0,62,1155,13,94.0,False,True,False,510.6,1104.0
56,2037,2,1998,1998-08-06,1.3825000166893004,532.87,5.400000095367432,708.0,137.0,61,1251,14,94.0,False,True,False,510.6,374.0
56,2037,2,1999,1999-06-17,1.3590999841690063,481.86,5.800000190734863,569.0,166.0,56,1339,15,94.0,False,True,False,510.6,315.0
56,2037,2,2001,2001-06-16,1.4258999943733217,418.63,6.099999904632568,812.0,134.0,56,1556,17,94.0,False,True,False,510.6,730.0
56,2037,2,2003,2003-10-23,1.4782000184059143,479.54,6.599999904632568,588.0,150.0,55,1826,19,94.0,False,True,False,510.6,859.0
56,6029,1,1989,1989-09-09,1.1575000047683717,486.5,1.0,1550.0,119.0,68,1130,14,101.6,False,False,False,378.5,0.0
56,6029,1,1990,1990-10-04,1.200200009346008,522.97,1.100000023841858,1586.0,125.0,66,1210,15,101.6,False,False,False,378.5,390.0
56,6029,1,1991,1991-09-21,1.191099989414215,631.7,0.800000011920929,1602.0,96.0,69,1295,16,101.6,False,False,False,378.5,352.0
56,6029,1,1992,1992-10-26,1.3020999908447264,381.72,1.899999976158142,1343.0,132.0,66,1390,17,101.6,False,False,False,378.5,401.0
56,6029,1,1993,1993-10-25,1.2389999866485597,598.56,-0.4000000059604645,1613.0,128.0,72,1459,18,101.6,False,False,False,378.5,364.0
56,6029,1,1994,1994-09-15,1.232599997520447,488.63,1.600000023841858,1528.0,108.0,66,1517,19,101.6,False,False,False,378.5,325.0
56,6029,1,1995,1995-07-21,1.345700001716614,735.3,1.0,1241.0,155.0,72,1569,20,101.6,False,False,False,378.5,309.0
56,6029,3,1997,1997-09-22,1.0791999876499174,706.01,0.6000000238418579,1638.0,99.0,74,1657,22,129.5,False,False,False,406.4,794.0
56,6029,4,1998,1998-08-20,1.1073000013828278,704.78,1.2999999523162842,1389.0,123.0,74,1709,23,134.6,False,False,False,411.5,332.0
56,6029,4,1999,1999-06-18,1.0834000051021575,557.66,1.5,1312.0,125.0,68,1760,24,134.6,False,False,False,411.5,302.0
56,6029,4,2001,2001-06-17,1.1255999863147736,400.55,2.900000095367432,1304.0,116.0,61,1867,26,134.6,False,False,False,411.5,730.0
56,6029,4,2003,2003-12-04,1.0707000076770783,545.32,2.700000047683716,1276.0,117.0,66,1979,28,134.6,False,False,False,411.5,900.0
56,6031,1,1989,1989-09-21,1.5001999974250793,356.46,6.400000095367432,621.0,142.0,51,1298,12,345.5,False,False,False,345.5,0.0
56,6031,1,1990,1990-10-23,1.6770000100135802,352.39,6.5,663.0,149.0,50,1406,13,345.5,False,False,False,345.5,397.0
56,6031,1,1991,1991-09-22,1.8447999835014344,505.68,6.5,539.0,152.0,53,1514,14,345.5,False,False,False,345.5,334.0
56,6031,1,1992,1992-10-29,1.8100000023841856,369.02,7.300000190734863,465.0,134.0,51,1560,15,345.5,False,False,False,345.5,403.0
56,6031,1,1993,1993-10-05,1.9146999716758728,518.94,5.199999809265137,619.0,155.0,55,1647,16,345.5,False,False,False,345.5,341.0
56,6031,1,1994,1994-07-21,1.998300015926361,361.36,7.300000190734863,516.0,145.0,50,1755,17,345.5,False,False,False,345.5,289.0
56,6031,2,1997,1997-07-21,1.150799995660782,507.22,6.300000190734863,645.0,138.0,56,1897,20,409.0,False,False,False,409.0,1096.0
56,6031,2,1998,1998-08-03,1.0850999891757964,520.08,6.699999809265137,486.0,150.0,57,1952,21,409.0,False,False,False,409.0,378.0
56,6031,2,1999,1999-10-11,1.1064000129699707,517.56,7.599999904632568,318.0,158.0,51,2013,22,409.0,False,False,False,409.0,434.0
56,6031,2,2001,2001-10-17,1.1693999886512756,291.45,8.5,388.0,153.0,46,2149,24,409.0,False,False,False,409.0,737.0
56,6031,3,2003,2003-10-22,1.3241000056266783,473.15,8.0,407.0,151.0,50,2304,26,409.0,False,False,False,409.0,735.0
56,6031,3,2007,2007-04-12,1.4097999930381775,442.25,7.699999809265137,598.0,119.0,50,2620,30,409.0,False,False,False,409.0,1268.0
56,6032,1,1989,1989-09-10,1.1072000026702882,801.19,0.3000000119209289,1674.0,106.0,71,2029,13,380.9,False,False,False,380.9,0.0
56,6032,1,1990,1990-10-04,1.1138999938964842,832.26,0.6000000238418579,1671.0,113.0,68,2212,14,380.9,False,False,False,380.9,389.0
56,6032,1,1991,1991-09-21,1.1734999895095826,841.31,0.4000000059604645,1688.0,85.0,71,2462,15,380.9,False,False,False,380.9,352.0
56,6032,1,1992,1992-10-27,1.2507999897003177,591.85,1.7000000476837158,1300.0,128.0,66,2722,16,380.9,False,False,False,380.9,402.0
56,6032,1,1993,1993-10-25,1.2093999981880188,901.79,-0.699999988079071,1634.0,113.0,74,2901,17,380.9,False,False,False,380.9,363.0
56,6032,1,1994,1994-09-15,1.352400016784668,786.77,1.399999976158142,1556.0,97.0,66,3013,18,380.9,False,False,False,380.9,325.0
56,6032,1,1995,1995-07-20,2.7670999646186827,1107.71,0.6000000238418579,1335.0,132.0,74,3130,19,380.9,False,False,False,380.9,308.0
56,6032,2,1997,1997-09-22,1.2292999982833863,980.44,-0.1000000014901161,1737.0,90.0,76,3410,21,406.3,False,False,False,406.3,795.0
56,6032,2,1998,1998-08-04,1.395299994945526,1008.79,1.2000000476837158,1367.0,127.0,74,3591,22,406.3,False,False,False,406.3,316.0
56,6032,2,1999,1999-06-17,1.3052000045776366,818.55,1.2999999523162842,1327.0,116.0,68,3783,23,406.3,False,False,False,406.3,317.0
56,6032,2,2001,2001-06-17,1.356000006198883,619.06,2.200000047683716,1385.0,110.0,63,4236,25,406.3,False,False,False,406.3,731.0
56,6032,2,2003,2003-12-05,1.4205000042915343,836.35,2.0,1390.0,97.0,68,4662,27,406.3,False,False,False,406.3,901.0
56,7772,1,1989,1989-09-20,1.72739999294281,260.55,7.900000095367432,536.0,133.0,50,412,4,55.9,False,True,False,439.4,0.0
56,7772,1,1990,1990-10-23,1.658899998664856,292.68,8.199999809265137,471.0,154.0,49,512,5,55.9,False,True,False,439.4,398.0
56,7772,2,1991,1991-09-23,1.6501999974250792,380.03,7.900000095367432,431.0,157.0,54,612,6,55.9,False,True,False,439.4,335.0
56,7772,3,1992,1992-10-29,1.7249000072479248,309.38,8.5,387.0,132.0,53,712,7,58.4,False,True,False,441.9,402.0
56,7772,3,1993,1993-10-05,1.7129000186920167,449.65,6.5,547.0,145.0,56,767,8,58.4,False,True,False,441.9,341.0
56,7772,3,1994,1994-07-22,1.7622999906539918,295.46,8.899999618530273,374.0,153.0,49,817,9,58.4,False,True,False,441.9,290.0
56,7772,4,1997,1997-07-26,1.8703999996185303,324.22,7.800000190734863,504.0,141.0,56,1002,12,63.5,False,True,False,447.0,1100.0
56,7772,5,1998,1998-08-03,0.6508000016212463,378.36,8.600000381469727,347.0,144.0,56,1069,13,129.6,True,True,False,513.1,373.0
56,7772,5,1999,1999-10-11,0.6401000022888184,380.64,9.300000190734863,168.0,153.0,51,1134,14,129.6,True,True,False,513.1,434.0
56,7772,5,2001,2001-10-17,0.6554999947547913,250.16,9.899999618530272,286.0,148.0,46,1275,16,129.6,True,True,False,513.1,737.0
56,7772,6,2003,2003-10-19,0.691100001335144,405.16,9.399999618530272,314.0,148.0,50,1447,18,129.6,True,True,False,513.1,732.0
56,7772,6,2007,2007-04-13,0.815700000524521,389.3,9.199999809265137,492.0,116.0,51,1793,22,129.6,True,True,False,513.1,1272.0
56,7772,6,2009,2009-08-11,0.8362999975681304,400.41,7.800000190734863,442.0,155.0,54,1948,24,129.6,True,True,False,513.1,851.0
56,7772,6,2012,2012-10-01,0.8440000057220458,189.16,10.5,281.0,122.0,45,2244,27,129.6,True,True,False,513.1,1147.0
56,7772,7,2013,2013-06-12,0.8804000020027161,358.45,8.600000381469727,434.0,151.0,50,2354,28,134.7,True,True,False,518.2,254.0
56,7772,8,2014,2014-09-24,0.8760999977588654,473.44,8.399999618530273,451.0,140.0,54,2439,29,139.8,True,True,False,523.3,469.0
56,7772,8,2015,2015-04-29,0.8862999975681305,361.92,9.699999809265137,326.0,119.0,52,2524,30,139.8,True,True,False,523.3,217.0
56,7773,1,1990,1990-10-24,1.1248999953269958,488.7,5.400000095367432,786.0,150.0,55,178,4,116.8,False,True,False,650.2,0.0
56,7773,1,1991,1991-11-03,1.1552000164985656,549.04,5.0,858.0,124.0,60,204,5,116.8,False,True,False,650.2,375.0
56,7773,1,1992,1992-10-31,1.1453999757766724,469.01,5.400000095367432,799.0,113.0,58,224,6,116.8,False,True,False,650.2,363.0
56,7773,1,1993,1993-10-19,1.1569999933242796,592.14,3.5999999046325684,968.0,124.0,63,239,7,116.8,False,True,False,650.2,353.0
56,7773,1,1994,1994-11-05,1.1707000017166138,421.45,6.0,730.0,129.0,56,256,8,116.8,False,True,False,650.2,382.0
56,7773,1,1996,1996-09-15,1.1876999974250793,586.29,4.900000095367432,905.0,141.0,59,297,10,116.8,False,True,False,650.2,680.0
56,7773,2,1997,1997-07-18,1.1992999911308289,650.87,4.599999904632568,959.0,124.0,63,317,11,116.8,False,True,False,650.2,306.0
56,7773,3,1998,1998-07-30,1.204799997806549,552.74,5.800000190734863,662.0,150.0,62,344,12,116.8,False,True,False,650.2,377.0
56,7773,3,1999,1999-06-14,1.2299000024795532,597.2,6.300000190734863,517.0,154.0,57,365,13,116.8,False,True,False,650.2,319.0
56,7773,4,2001,2001-06-16,1.4462000131607056,447.74,6.599999904632568,646.0,139.0,54,402,15,127.0,False,True,False,660.4,733.0
56,7773,4,2003,2003-10-22,1.4066000103950502,514.26,6.5,581.0,147.0,57,452,17,127.0,False,True,False,660.4,858.0
56,7773,4,2004,2004-08-11,1.4211000084877017,591.35,5.699999809265137,654.0,136.0,61,480,18,127.0,False,True,False,660.4,294.0
56,7773,4,2007,2007-04-22,1.402999997138977,480.86,5.800000190734863,913.0,121.0,60,571,21,127.0,False,True,False,660.4,984.0
56,7773,6,2012,2012-09-30,1.3819000124931335,316.88,7.5,608.0,130.0,51,698,26,134.6,False,True,False,668.0,1988.0
56,7773,6,2013,2013-06-19,1.3942999839782717,605.02,5.5,849.0,145.0,58,720,27,134.6,False,True,False,668.0,262.0
56,7773,7,2014,2014-09-24,1.401199996471405,666.09,5.599999904632568,761.0,132.0,60,741,28,139.7,False,True,False,673.1,462.0
56,7773,7,2015,2015-08-13,1.4266000032424926,581.76,6.900000095367432,602.0,126.0,58,762,29,139.7,False,True,False,673.1,323.0
56,7775,1,1989,1989-06-28,0.9997999966144562,218.39,5.099999904632568,939.0,136.0,55,326,3,119.4,False,False,False,292.1,0.0
56,7775,1,1990,1990-08-04,0.6815999984741211,302.78,5.400000095367432,886.0,145.0,54,449,4,119.4,False,False,False,292.1,402.0
56,7775,1,1991,1991-09-25,0.865499997138977,389.14,4.800000190734863,904.0,128.0,59,572,5,119.4,False,False,False,292.1,417.0
56,7775,1,1992,1992-10-29,0.9605000019073486,282.69,5.699999809265137,853.0,116.0,57,690,6,119.4,False,False,False,292.1,400.0
56,7775,1,1993,1993-10-25,0.9912000119686128,444.42,3.5,1022.0,122.0,62,779,7,119.4,False,False,False,292.1,361.0
56,7775,1,1995,1995-10-17,1.2156999945640563,433.57,5.300000190734863,552.0,179.0,61,965,9,119.4,False,False,False,292.1,722.0
56,7775,1,1997,1997-09-22,1.4309000015258788,473.99,4.800000190734863,965.0,123.0,61,1137,11,119.4,False,False,False,292.1,706.0
56,7775,1,1998,1998-08-05,1.8114000082015995,479.12,5.5,700.0,144.0,62,1248,12,119.4,False,False,False,292.1,317.0
56,7775,1,1999,1999-10-13,1.7276999950408936,348.47,6.0,574.0,161.0,55,1349,13,119.4,False,False,False,292.1,434.0
56,7775,1,2001,2001-10-17,1.961400032043457,226.35,7.0,655.0,146.0,51,1550,15,119.4,False,False,False,292.1,735.0
56,7775,1,2002,2002-04-05,1.9637999773025512,243.65,5.900000095367432,734.0,160.0,52,1633,16,119.4,False,False,False,292.1,170.0
56,7775,2,2002,2002-12-16,0.6928999960422516,243.65,5.900000095367432,734.0,160.0,52,1633,16,149.9,False,False,False,322.6,255.0
56,7775,3,2003,2003-10-22,0.9685000061988832,377.27,6.900000095367432,556.0,161.0,54,1692,17,155.0,False,False,False,327.7,310.0
56,7775,3,2007,2007-04-11,1.0940999925136563,291.88,6.599999904632568,784.0,144.0,53,2012,21,155.0,False,False,False,327.7,1267.0
56,7775,4,2009,2009-08-11,1.0102000057697296,479.35,5.099999904632568,791.0,159.0,59,2153,23,155.0,False,False,False,327.7,853.0
56,7775,5,2011,2011-09-29,0.7735000014305116,509.88,4.199999809265137,994.0,148.0,63,2270,25,193.1,False,False,False,365.8,779.0
56,7775,6,2012,2012-10-01,0.8876999974250794,316.12,6.900000095367432,690.0,134.0,54,2323,26,198.2,False,False,False,370.9,368.0
56,7775,6,2013,2013-06-11,0.9498000025749208,332.42,5.400000095367432,928.0,137.0,57,2378,27,198.2,False,False,False,370.9,253.0
56,7775,6,2014,2014-09-25,0.8581000030040742,445.13,6.0,662.0,146.0,60,2436,28,198.2,False,False,False,370.9,471.0
56,7775,6,2015,2015-04-30,0.8743999898433685,383.53,7.099999904632568,562.0,133.0,57,2492,29,198.2,False,False,False,370.9,217.0
56,A310,1,1990,1990-09-06,0.9420499980449676,417.22,7.400000095367432,565.0,146.0,53,785,11,78.7,False,False,False,256.5,0.0
56,A310,2,1991,1991-09-23,1.4103333353996277,676.12,7.199999809265137,507.0,155.0,57,860,12,99.0,False,False,False,276.8,382.0
56,A310,2,1992,1992-10-28,1.4372999906539916,601.72,7.900000095367432,398.0,140.0,56,930,13,99.0,False,False,False,276.8,401.0
56,A310,2,1993,1993-10-05,1.4223999977111816,663.56,5.900000095367432,603.0,137.0,59,974,14,99.0,False,False,False,276.8,342.0
56,A310,2,1994,1994-07-22,1.4220999956130982,488.38,8.0,485.0,138.0,53,1015,15,99.0,False,False,False,276.8,290.0
56,A310,2,1995,1995-10-13,1.477199983596802,692.36,7.199999809265137,409.0,155.0,58,1057,16,99.0,False,False,False,276.8,448.0
56,A310,2,1996,1996-12-11,1.4668000102043153,527.06,6.699999809265137,707.0,144.0,56,1087,17,99.0,False,False,False,276.8,425.0
56,A310,2,1997,1997-10-12,1.4419999957084657,686.67,7.0,570.0,135.0,61,1112,18,99.0,False,False,False,276.8,305.0
56,A310,2,1998,1998-08-01,1.579699981212616,616.39,7.900000095367432,421.0,137.0,58,1145,19,99.0,False,False,False,276.8,293.0
56,A320,1,1990,1990-07-22,1.1111999869346618,417.22,7.400000095367432,565.0,146.0,53,785,11,73.6,False,False,False,238.7,0.0
56,A320,2,1990,1990-10-22,1.2674000144004822,417.22,7.400000095367432,565.0,146.0,53,785,11,78.69999999999999,False,False,False,243.8,92.0
56,A320,2,1991,1991-09-23,1.3176250010728836,676.12,7.199999809265137,507.0,155.0,57,860,12,78.69999999999999,False,False,False,243.8,336.0
56,A320,2,1992,1992-10-28,1.3484999895095826,601.72,7.900000095367432,398.0,140.0,56,930,13,78.69999999999999,False,False,False,243.8,401.0
56,A320,2,1993,1993-10-05,1.4296000003814695,663.56,5.900000095367432,603.0,137.0,59,974,14,78.69999999999999,False,False,False,243.8,342.0
56,A320,2,1994,1994-07-22,1.5484999895095826,488.38,8.0,485.0,138.0,53,1015,15,78.69999999999999,False,False,False,243.8,290.0
56,A320,2,1995,1995-10-13,1.6983999967575074,692.36,7.199999809265137,409.0,155.0,58,1057,16,78.69999999999999,False,False,False,243.8,448.0
56,A320,2,1996,1996-12-11,1.9323000073432923,527.06,6.699999809265137,707.0,144.0,56,1087,17,78.69999999999999,False,False,False,243.8,425.0
56,A320,2,1997,1997-10-12,2.016299998760223,686.67,7.0,570.0,135.0,61,1112,18,78.69999999999999,False,False,False,243.8,305.0
56,A320,2,1998,1998-08-01,2.0439000010490416,616.39,7.900000095367432,421.0,137.0,58,1145,19,78.69999999999999,False,False,False,243.8,293.0
56,A330,1,1990,1990-07-22,0.9625,417.22,7.400000095367432,565.0,146.0,53,785,11,73.6,False,False,False,253.9,0.0
56,A330,2,1990,1990-10-22,0.9379000008106232,417.22,7.400000095367432,565.0,146.0,53,785,11,73.6,False,False,False,253.9,92.0
56,A330,2,1991,1991-09-23,0.9969999889532726,676.12,7.199999809265137,507.0,155.0,57,860,12,73.6,False,False,False,253.9,336.0
56,A330,2,1992,1992-10-28,1.0354999959468842,601.72,7.900000095367432,398.0,140.0,56,930,13,73.6,False,False,False,253.9,401.0
56,A330,2,1993,1993-10-05,1.068499994277954,663.56,5.900000095367432,603.0,137.0,59,974,14,73.6,False,False,False,253.9,342.0
56,A330,2,1994,1994-07-22,1.135699987411499,488.38,8.0,485.0,138.0,53,1015,15,73.6,False,False,False,253.9,290.0
56,A330,2,1995,1995-10-13,1.2336000084877012,692.36,7.199999809265137,409.0,155.0,58,1057,16,73.6,False,False,False,253.9,448.0
56,A330,2,1996,1996-12-11,1.4284000158309935,527.06,6.699999809265137,707.0,144.0,56,1087,17,73.6,False,False,False,253.9,425.0
56,A330,2,1997,1997-10-12,1.5473000049591064,686.67,7.0,570.0,135.0,61,1112,18,73.6,False,False,False,253.9,305.0
56,A330,2,1998,1998-08-01,1.7039999842643738,616.39,7.900000095367432,421.0,137.0,58,1145,19,73.6,False,False,False,253.9,293.0
56,A350,1,1990,1990-07-22,0.7787000000476837,417.22,7.400000095367432,565.0,146.0,53,785,11,66.0,False,False,False,208.2,0.0
56,A350,2,1990,1990-10-22,0.8905999958515167,417.22,7.400000095367432,565.0,146.0,53,785,11,73.6,False,False,False,215.8,92.0
56,A350,2,1991,1991-09-23,0.9096666673819224,676.12,7.199999809265137,507.0,155.0,57,860,12,73.6,False,False,False,215.8,336.0
56,A350,2,1992,1992-10-28,1.0155999958515167,601.72,7.900000095367432,398.0,140.0,56,930,13,73.6,False,False,False,215.8,401.0
56,A350,2,1993,1993-10-05,1.136400008201599,663.56,5.900000095367432,603.0,137.0,59,974,14,73.6,False,False,False,215.8,342.0
56,A350,2,1994,1994-07-22,1.0697999954223634,488.38,8.0,485.0,138.0,53,1015,15,73.6,False,False,False,215.8,290.0
56,A350,2,1995,1995-10-13,1.162499988079071,692.36,7.199999809265137,409.0,155.0,58,1057,16,73.6,False,False,False,215.8,448.0
56,A350,2,1996,1996-12-11,1.4472000002861023,527.06,6.699999809265137,707.0,144.0,56,1087,17,73.6,False,False,False,215.8,425.0
56,A350,2,1997,1997-10-12,1.4972000122070312,686.67,7.0,570.0,135.0,61,1112,18,73.6,False,False,False,215.8,305.0
56,A350,2,1998,1998-08-01,1.5645999908447266,616.39,7.900000095367432,421.0,137.0,58,1145,19,73.6,False,False,False,215.8,293.0
56,A363,1,1990,1990-07-22,0.915799993276596,417.22,7.400000095367432,565.0,146.0,53,785,11,73.69999999999999,False,False,False,269.29999999999995,0.0
56,A363,2,1990,1990-10-22,1.0066999971866606,417.22,7.400000095367432,565.0,146.0,53,785,11,78.8,False,False,False,274.4,92.0
56,A363,2,1991,1991-09-23,0.9879000067710876,676.12,7.199999809265137,507.0,155.0,57,860,12,78.8,False,False,False,274.4,336.0
56,A363,2,1992,1992-10-28,1.054699993133545,601.72,7.900000095367432,398.0,140.0,56,930,13,78.8,False,False,False,274.4,401.0
56,A363,2,1993,1993-10-05,1.1098000049591064,663.56,5.900000095367432,603.0,137.0,59,974,14,78.8,False,False,False,274.4,342.0
56,A363,2,1994,1994-07-22,1.1684999823570252,488.38,8.0,485.0,138.0,53,1015,15,78.8,False,False,False,274.4,290.0
56,A363,2,1995,1995-10-13,1.1993999958038328,692.36,7.199999809265137,409.0,155.0,58,1057,16,78.8,False,False,False,274.4,448.0
56,A363,2,1996,1996-12-11,1.3414000034332276,527.06,6.699999809265137,707.0,144.0,56,1087,17,78.8,False,False,False,274.4,425.0
56,A363,2,1997,1997-10-12,1.4201000094413758,686.67,7.0,570.0,135.0,61,1112,18,78.8,False,False,False,274.4,305.0
56,A363,2,1998,1998-08-01,1.5550000190734865,616.39,7.900000095367432,421.0,137.0,58,1145,19,78.8,False,False,False,274.4,293.0
56,B310,1,1990,1990-08-04,0.6530500054359436,302.78,5.400000095367432,886.0,145.0,54,449,4,111.8,False,False,False,284.5,0.0
56,B310,2,1991,1991-09-25,0.8429999887943267,389.14,4.800000190734863,904.0,128.0,59,572,5,134.7,False,False,False,307.4,417.0
56,B310,2,1992,1992-10-29,0.7613000035285951,282.69,5.699999809265137,853.0,116.0,57,690,6,134.7,False,False,False,307.4,400.0
56,B310,2,1993,1993-10-25,0.8487999975681304,444.42,3.5,1022.0,122.0,62,779,7,134.7,False,False,False,307.4,361.0
56,B310,2,1994,1994-07-21,1.0228000104427335,281.91,6.0,804.0,128.0,55,880,8,134.7,False,False,False,307.4,269.0
56,B310,2,1995,1995-10-17,1.2309000015258789,433.57,5.300000190734863,552.0,179.0,61,965,9,134.7,False,False,False,307.4,453.0
56,B310,2,1997,1997-09-22,1.7495999932289124,473.99,4.800000190734863,965.0,123.0,61,1137,11,134.7,False,False,False,307.4,706.0
56,B310,2,1998,1998-08-05,2.0540000081062315,479.12,5.5,700.0,144.0,62,1248,12,134.7,False,False,False,307.4,317.0
56,B310,2,1999,1999-10-13,2.153399991989136,348.47,6.0,574.0,161.0,55,1349,13,134.7,False,False,False,307.4,434.0
56,B310,2,2002,2002-04-05,2.5829000234603883,243.65,5.900000095367432,734.0,160.0,52,1633,16,134.7,False,False,False,307.4,905.0
56,B320,1,1990,1990-04-29,0.7015000045299531,302.78,5.400000095367432,886.0,145.0,54,449,4,121.9,False,False,False,294.6,0.0
56,B320,2,1990,1990-11-09,0.6979999959468841,302.78,5.400000095367432,886.0,145.0,54,449,4,127.0,False,False,False,299.7,194.0
56,B320,2,1991,1991-09-25,0.796399998664856,389.14,4.800000190734863,904.0,128.0,59,572,5,127.0,False,False,False,299.7,320.0
56,B320,2,1992,1992-10-29,0.9728999853134156,282.69,5.699999809265137,853.0,116.0,57,690,6,127.0,False,False,False,299.7,400.0
56,B320,2,1993,1993-10-25,1.0950999975204467,444.42,3.5,1022.0,122.0,62,779,7,127.0,False,False,False,299.7,361.0
56,B320,2,1994,1994-07-21,1.262599992752075,281.91,6.0,804.0,128.0,55,880,8,127.0,False,False,False,299.7,269.0
56,B320,2,1995,1995-10-17,1.488099992275238,433.57,5.300000190734863,552.0,179.0,61,965,9,127.0,False,False,False,299.7,453.0
56,B320,2,1997,1997-09-22,1.906499993801117,473.99,4.800000190734863,965.0,123.0,61,1137,11,127.0,False,False,False,299.7,706.0
56,B320,2,1998,1998-08-05,2.2677000045776365,479.12,5.5,700.0,144.0,62,1248,12,127.0,False,False,False,299.7,317.0
56,B320,2,1999,1999-10-13,2.37940001487732,348.47,6.0,574.0,161.0,55,1349,13,127.0,False,False,False,299.7,434.0
56,B320,2,2002,2002-04-05,2.744400000572204,243.65,5.900000095367432,734.0,160.0,52,1633,16,127.0,False,False,False,299.7,905.0
56,B330,1,1990,1990-04-29,0.8178999960422515,302.78,5.400000095367432,886.0,145.0,54,449,4,116.8,False,False,False,289.5,0.0
56,B330,2,1990,1990-11-09,0.7277000010013581,302.78,5.400000095367432,886.0,145.0,54,449,4,116.8,False,False,False,289.5,194.0
56,B330,2,1991,1991-09-25,0.902599996328354,389.14,4.800000190734863,904.0,128.0,59,572,5,116.8,False,False,False,289.5,320.0
56,B330,2,1992,1992-10-29,1.0127000093460083,282.69,5.699999809265137,853.0,116.0,57,690,6,116.8,False,False,False,289.5,400.0
56,B330,2,1993,1993-10-25,1.0912999927997589,444.42,3.5,1022.0,122.0,62,779,7,116.8,False,False,False,289.5,361.0
56,B330,2,1995,1995-10-17,1.2776999950408934,433.57,5.300000190734863,552.0,179.0,61,965,9,116.8,False,False,False,289.5,722.0
56,B330,2,1997,1997-09-22,1.6039999961853026,473.99,4.800000190734863,965.0,123.0,61,1137,11,116.8,False,False,False,289.5,706.0
56,B330,2,1998,1998-08-05,1.785000002384186,479.12,5.5,700.0,144.0,62,1248,12,116.8,False,False,False,289.5,317.0
56,B330,2,1999,1999-10-13,1.684600007534027,348.47,6.0,574.0,161.0,55,1349,13,116.8,False,False,False,289.5,434.0
56,B330,2,2002,2002-04-05,2.0353999733924866,243.65,5.900000095367432,734.0,160.0,52,1633,16,116.8,False,False,False,289.5,905.0
56,B350,1,1990,1990-04-29,0.7638000011444093,302.78,5.400000095367432,886.0,145.0,54,449,4,114.3,False,False,False,287.0,0.0
56,B350,2,1990,1990-11-09,0.7128999948501586,302.78,5.400000095367432,886.0,145.0,54,449,4,121.9,False,False,False,294.6,194.0
56,B350,2,1991,1991-09-25,0.820799994468689,389.14,4.800000190734863,904.0,128.0,59,572,5,121.9,False,False,False,294.6,320.0
56,B350,2,1992,1992-10-29,0.9972000062465668,282.69,5.699999809265137,853.0,116.0,57,690,6,121.9,False,False,False,294.6,400.0
56,B350,2,1993,1993-10-25,1.1043000102043152,444.42,3.5,1022.0,122.0,62,779,7,121.9,False,False,False,294.6,361.0
56,B350,2,1994,1994-07-21,1.205399990081787,281.91,6.0,804.0,128.0,55,880,8,121.9,False,False,False,294.6,269.0
56,B350,2,1995,1995-10-17,1.391599988937378,433.57,5.300000190734863,552.0,179.0,61,965,9,121.9,False,False,False,294.6,453.0
56,B350,2,1997,1997-09-22,1.6626999974250791,473.99,4.800000190734863,965.0,123.0,61,1137,11,121.9,False,False,False,294.6,706.0
56,B350,2,1998,1998-08-05,1.943399977684021,479.12,5.5,700.0,144.0,62,1248,12,121.9,False,False,False,294.6,317.0
56,B350,2,1999,1999-10-13,2.0287000060081484,348.47,6.0,574.0,161.0,55,1349,13,121.9,False,False,False,294.6,434.0
56,B350,2,2002,2002-04-05,2.279599976539612,243.65,5.900000095367432,734.0,160.0,52,1633,16,121.9,False,False,False,294.6,905.0
56,B360,1,1990,1990-04-29,0.8342000067234039,302.78,5.400000095367432,886.0,145.0,54,449,4,106.7,False,False,False,279.4,0.0
56,B360,2,1990,1990-11-09,0.7607999980449677,302.78,5.400000095367432,886.0,145.0,54,449,4,116.9,False,False,False,289.6,194.0
56,B360,2,1991,1991-09-25,0.9567000031471252,389.14,4.800000190734863,904.0,128.0,59,572,5,116.9,False,False,False,289.6,320.0
56,B360,2,1992,1992-10-29,1.0677000045776368,282.69,5.699999809265137,853.0,116.0,57,690,6,116.9,False,False,False,289.6,400.0
56,B360,2,1993,1993-10-25,1.1072999954223632,444.42,3.5,1022.0,122.0,62,779,7,116.9,False,False,False,289.6,361.0
56,B360,2,1995,1995-10-17,1.3811000108718872,433.57,5.300000190734863,552.0,179.0,61,965,9,116.9,False,False,False,289.6,722.0
56,B360,2,1997,1997-09-22,1.7736000061035155,473.99,4.800000190734863,965.0,123.0,61,1137,11,116.9,False,False,False,289.6,706.0
56,B360,2,1998,1998-08-05,2.093999993801117,479.12,5.5,700.0,144.0,62,1248,12,116.9,False,False,False,289.6,317.0
56,B360,2,1999,1999-10-13,2.034499990940094,348.47,6.0,574.0,161.0,55,1349,13,116.9,False,False,False,289.6,434.0
56,B360,2,2002,2002-04-05,2.440599966049194,243.65,5.900000095367432,734.0,160.0,52,1633,16,116.9,False,False,False,289.6,905.0
72,1003,1,1990,1990-01-17,2.2345000505447388,1047.02,26.39999961853028,0.0,0.0,75,3633,4,71.19999999999999,False,True,False,373.4,0.0
72,1003,1,1991,1991-02-26,2.093500018119812,696.36,26.200000762939453,0.0,0.0,76,4344,5,71.19999999999999,False,True,False,373.4,405.0
72,1003,1,1993,1993-02-12,2.345499992370605,1138.92,26.100000381469727,0.0,0.0,78,5830,7,71.19999999999999,False,True,False,373.4,717.0
72,1003,1,1994,1994-03-08,2.444999933242798,832.61,26.200000762939453,0.0,0.0,76,6607,8,71.19999999999999,False,True,False,373.4,389.0
72,1003,2,1997,1997-06-02,3.145500063896179,723.13,26.5,0.0,0.0,76,9080,11,71.19999999999999,False,True,False,373.4,1182.0
72,4122,1,1990,1990-01-19,2.0700000524520874,1047.02,26.39999961853028,0.0,0.0,75,5869,15,50.8,False,True,False,431.8,0.0
72,4122,1,1993,1993-02-11,2.0509999990463257,1138.92,26.100000381469727,0.0,0.0,78,8165,18,50.8,False,True,False,431.8,1119.0
72,4122,1,1994,1994-03-09,2.157000064849853,832.61,26.200000762939453,0.0,0.0,76,9069,19,50.8,False,True,False,431.8,391.0
72,4122,1,1997,1997-06-04,2.0020000338554382,723.13,26.5,0.0,0.0,76,11946,22,50.8,False,True,False,431.8,1183.0
72,4122,1,2000,2000-08-10,2.0820000171661377,620.33,26.0,0.0,0.0,75,15234,25,50.8,False,True,False,431.8,1163.0
72,4122,2,2003,2003-11-06,2.5105000734329224,1403.94,26.600000381469727,0.0,0.0,78,19043,28,50.8,False,True,False,431.8,1183.0
81,0501,1,1990,1990-07-29,1.6143999874591828,818.16,2.5,1267.0,117.0,75,2984,14,165.1,False,True,False,533.4000000000001,0.0
81,0501,1,1991,1991-06-20,1.6852000117301942,790.94,3.299999952316284,1084.0,114.0,76,3266,15,165.1,False,True,False,533.4000000000001,326.0
81,0501,1,1992,1992-09-15,1.7389999985694886,587.71,3.700000047683716,873.0,138.0,73,3572,16,165.1,False,True,False,533.4000000000001,453.0
81,0501,2,1993,1993-09-24,1.72849999666214,677.91,3.400000095367432,996.0,120.0,72,3907,17,165.1,False,True,False,533.4,374.0
81,0501,2,1994,1994-07-30,1.7537000179290771,731.11,2.700000047683716,1389.0,97.0,72,4407,18,165.1,False,True,False,533.4,309.0
81,0501,2,1995,1995-06-10,1.8389999985694885,782.03,2.5999999046325684,1232.0,110.0,73,5007,19,165.1,False,True,False,533.4,315.0
81,0501,4,1997,1997-09-28,1.8821000337600704,770.47,3.0,1017.0,130.0,77,6217,21,165.1,False,True,False,533.4,841.0
81,0501,5,1998,1998-06-05,2.1064000010490416,664.04,3.900000095367432,1140.0,101.0,73,6867,22,165.1,False,True,False,533.4,250.0
81,0501,6,1999,1999-05-18,1.9300999999046329,616.3,3.5999999046325684,843.0,122.0,74,7472,23,165.1,False,True,False,533.4,347.0
81,0501,7,2000,2000-07-19,2.067600011825561,707.11,3.0,989.0,130.0,72,8102,24,165.1,False,True,False,533.4,428.0
81,0501,7,2001,2001-05-21,2.014600002765656,648.19,4.099999904632568,775.0,130.0,69,8768,25,165.1,False,True,False,533.4,306.0
81,0501,7,2002,2002-08-10,2.10019998550415,595.96,3.0999999046325684,976.0,138.0,71,9415,26,165.1,False,True,False,533.4,446.0
81,0501,8,2003,2003-08-24,2.114400017261505,688.96,3.400000095367432,1142.0,113.0,72,10102,27,165.1,False,True,False,533.4,379.0
81,0501,9,2004,2004-06-24,2.13199999332428,847.1,3.799999952316284,834.0,137.0,74,10838,28,165.1,False,True,False,533.4,305.0
81,0502,1,1990,1990-05-12,2.059299981594086,818.16,2.5,1267.0,117.0,75,2984,14,137.2,False,True,False,518.2,0.0
81,0502,2,1990,1990-10-15,1.03889998793602,818.16,2.5,1267.0,117.0,75,2984,14,188.0,False,True,False,569.0,156.0
81,0502,2,1991,1991-06-20,1.0197999894618988,790.94,3.299999952316284,1084.0,114.0,76,3266,15,188.0,False,True,False,569.0,248.0
81,0502,2,1992,1992-09-15,1.073599994182587,587.71,3.700000047683716,873.0,138.0,73,3572,16,188.0,False,True,False,569.0,453.0
81,0502,2,1993,1993-09-24,1.078699994087219,677.91,3.400000095367432,996.0,120.0,72,3907,17,188.0,False,True,False,569.0,374.0
81,0502,2,1994,1994-07-30,1.101599967479706,731.11,2.700000047683716,1389.0,97.0,72,4407,18,188.0,False,True,False,569.0,309.0
81,0502,2,1995,1995-06-10,1.139799988269806,782.03,2.5999999046325684,1232.0,110.0,73,5007,19,188.0,False,True,False,569.0,315.0
81,0502,2,1997,1997-09-28,1.2889999985694884,770.47,3.0,1017.0,130.0,77,6217,21,188.0,False,True,False,569.0,841.0
81,0502,2,1998,1998-06-05,1.4600000023841857,664.04,3.900000095367432,1140.0,101.0,73,6867,22,188.0,False,True,False,569.0,250.0
81,0502,2,1999,1999-05-18,1.4283000230789185,616.3,3.5999999046325684,843.0,122.0,74,7472,23,188.0,False,True,False,569.0,347.0
81,0502,3,2000,2000-07-19,1.408500003814697,707.11,3.0,989.0,130.0,72,8102,24,188.0,False,True,False,569.0,428.0
81,0502,3,2001,2001-05-21,1.4526000022888184,648.19,4.099999904632568,775.0,130.0,69,8768,25,188.0,False,True,False,569.0,306.0
81,0502,3,2002,2002-08-10,1.604799997806549,595.96,3.0999999046325684,976.0,138.0,71,9415,26,188.0,False,True,False,569.0,446.0
81,0502,3,2003,2003-08-24,1.7373999953269958,688.96,3.400000095367432,1142.0,113.0,72,10102,27,188.0,False,True,False,569.0,379.0
81,0502,3,2004,2004-06-24,1.805200016498565,847.1,3.799999952316284,834.0,137.0,74,10838,28,188.0,False,True,False,569.0,305.0
81,0502,4,2005,2005-07-17,2.6707000017166136,779.54,3.799999952316284,802.0,132.0,75,11520,29,188.0,False,True,False,569.0,388.0
81,0502,4,2006,2006-06-12,2.7354000329971315,659.8,4.199999809265137,984.0,109.0,72,12356,30,188.0,False,True,False,569.0,330.0
81,0503,1,1990,1990-05-12,2.088699984550476,818.16,2.5,1267.0,117.0,75,2984,14,162.6,False,True,False,561.4,0.0
81,0503,2,1990,1990-10-15,1.0477999925613404,818.16,2.5,1267.0,117.0,75,2984,14,289.6,False,True,False,688.4,156.0
81,0503,2,1991,1991-06-20,1.0849000096321106,790.94,3.299999952316284,1084.0,114.0,76,3266,15,289.6,False,True,False,688.4,248.0
81,0503,2,1992,1992-09-15,1.1009000182151794,587.71,3.700000047683716,873.0,138.0,73,3572,16,289.6,False,True,False,688.4,453.0
81,0503,2,1993,1993-09-24,1.136400008201599,677.91,3.400000095367432,996.0,120.0,72,3907,17,289.6,False,True,False,688.4,374.0
81,0503,2,1994,1994-07-30,1.1403999805450438,731.11,2.700000047683716,1389.0,97.0,72,4407,18,289.6,False,True,False,688.4,309.0
81,0503,2,1995,1995-06-10,1.1740999937057497,782.03,2.5999999046325684,1232.0,110.0,73,5007,19,289.6,False,True,False,688.4,315.0
81,0503,2,1997,1997-09-28,1.1965999841690065,770.47,3.0,1017.0,130.0,77,6217,21,289.6,False,True,False,688.4,841.0
81,0503,2,1998,1998-06-05,1.256599986553192,664.04,3.900000095367432,1140.0,101.0,73,6867,22,289.6,False,True,False,688.4,250.0
81,0503,2,1999,1999-05-18,1.308399999141693,616.3,3.5999999046325684,843.0,122.0,74,7472,23,289.6,False,True,False,688.4,347.0
81,0503,3,2000,2000-07-19,1.2651999950408936,707.11,3.0,989.0,130.0,72,8102,24,289.6,False,True,False,688.4,428.0
81,0503,3,2001,2001-05-21,1.310199987888336,648.19,4.099999904632568,775.0,130.0,69,8768,25,289.6,False,True,False,688.4,306.0
81,0503,3,2002,2002-08-10,1.3442999958992004,595.96,3.0999999046325684,976.0,138.0,71,9415,26,289.6,False,True,False,688.4,446.0
81,0503,3,2003,2003-08-24,1.4570000052452088,688.96,3.400000095367432,1142.0,113.0,72,10102,27,289.6,False,True,False,688.4,379.0
81,0503,4,2004,2004-06-24,1.593400001525879,847.1,3.799999952316284,834.0,137.0,74,10838,28,289.6,False,True,False,688.4,305.0
81,0503,5,2005,2005-07-17,3.0278000354766847,779.54,3.799999952316284,802.0,132.0,75,11520,29,289.6,False,True,False,688.4,388.0
81,0503,5,2006,2006-06-12,2.9192999839782714,659.8,4.199999809265137,984.0,109.0,72,12356,30,289.6,False,True,False,688.4,330.0
81,0504,1,1990,1990-05-12,2.410200023651123,818.16,2.5,1267.0,117.0,75,2984,14,165.1,False,True,False,508.0,0.0
81,0504,2,1990,1990-10-15,1.2870999932289124,818.16,2.5,1267.0,117.0,75,2984,14,287.0,False,True,False,629.9,156.0
81,0504,2,1991,1991-06-20,1.3180000066757205,790.94,3.299999952316284,1084.0,114.0,76,3266,15,287.0,False,True,False,629.9,248.0
81,0504,2,1992,1992-09-15,1.4184000134468078,587.71,3.700000047683716,873.0,138.0,73,3572,16,287.0,False,True,False,629.9,453.0
81,0504,2,1993,1993-09-24,1.4651000022888183,677.91,3.400000095367432,996.0,120.0,72,3907,17,287.0,False,True,False,629.9,374.0
81,0504,2,1994,1994-07-30,1.470899987220764,731.11,2.700000047683716,1389.0,97.0,72,4407,18,287.0,False,True,False,629.9,309.0
81,0504,2,1995,1995-06-10,1.4917999863624574,782.03,2.5999999046325684,1232.0,110.0,73,5007,19,287.0,False,True,False,629.9,315.0
81,0504,2,1997,1997-09-28,1.5345999956130982,770.47,3.0,1017.0,130.0,77,6217,21,287.0,False,True,False,629.9,841.0
81,0504,2,1998,1998-06-05,1.6134999990463257,664.04,3.900000095367432,1140.0,101.0,73,6867,22,287.0,False,True,False,629.9,250.0
81,0504,2,1999,1999-05-18,1.6171000003814695,616.3,3.5999999046325684,843.0,122.0,74,7472,23,287.0,False,True,False,629.9,347.0
81,0504,3,2000,2000-07-19,1.64760000705719,707.11,3.0,989.0,130.0,72,8102,24,287.0,False,True,False,629.9,428.0
81,0504,3,2001,2001-05-21,1.6848000049591063,648.19,4.099999904632568,775.0,130.0,69,8768,25,287.0,False,True,False,629.9,306.0
81,0504,3,2002,2002-08-10,1.741099977493286,595.96,3.0999999046325684,976.0,138.0,71,9415,26,287.0,False,True,False,629.9,446.0
81,0504,3,2003,2003-08-24,1.7641000032424925,688.96,3.400000095367432,1142.0,113.0,72,10102,27,287.0,False,True,False,629.9,379.0
81,0504,3,2004,2004-06-24,1.8067999958992005,847.1,3.799999952316284,834.0,137.0,74,10838,28,287.0,False,True,False,629.9,305.0
81,0504,3,2005,2005-07-17,1.837600004673004,779.54,3.799999952316284,802.0,132.0,75,11520,29,287.0,False,True,False,629.9,388.0
81,0504,3,2006,2006-06-12,1.902999997138977,659.8,4.199999809265137,984.0,109.0,72,12356,30,287.0,False,True,False,629.9,330.0
81,0505,1,1990,1990-05-12,1.3751000046730042,818.16,2.5,1267.0,117.0,75,2984,14,160.0,False,True,False,513.0,0.0
81,0505,2,1990,1990-10-15,1.1408000111579897,818.16,2.5,1267.0,117.0,75,2984,14,213.3,False,True,False,566.3000000000001,156.0
81,0505,3,1991,1991-06-20,1.133400022983551,790.94,3.299999952316284,1084.0,114.0,76,3266,15,213.3,False,True,False,566.3000000000001,248.0
81,0505,3,1992,1992-09-15,1.1869000077247618,587.71,3.700000047683716,873.0,138.0,73,3572,16,213.3,False,True,False,566.3000000000001,453.0
81,0505,3,1993,1993-09-24,1.189300012588501,677.91,3.400000095367432,996.0,120.0,72,3907,17,213.3,False,True,False,566.3000000000001,374.0
81,0505,3,1994,1994-07-30,1.2050999641418456,731.11,2.700000047683716,1389.0,97.0,72,4407,18,213.3,False,True,False,566.3000000000001,309.0
81,0505,3,1995,1995-06-10,1.216100001335144,782.03,2.5999999046325684,1232.0,110.0,73,5007,19,213.3,False,True,False,566.3000000000001,315.0
81,0505,4,1997,1997-09-28,1.2585000157356263,770.47,3.0,1017.0,130.0,77,6217,21,213.3,False,True,False,566.3000000000001,841.0
81,0505,4,1998,1998-06-05,1.3086999893188476,664.04,3.900000095367432,1140.0,101.0,73,6867,22,213.3,False,True,False,566.3000000000001,250.0
81,0505,4,1999,1999-05-18,1.2601999759674072,616.3,3.5999999046325684,843.0,122.0,74,7472,23,213.3,False,True,False,566.3000000000001,347.0
81,0505,4,2000,2000-07-19,1.311899995803833,707.11,3.0,989.0,130.0,72,8102,24,213.3,False,True,False,566.3000000000001,428.0
81,0505,4,2001,2001-05-21,1.3121999979019163,648.19,4.099999904632568,775.0,130.0,69,8768,25,213.3,False,True,False,566.3000000000001,306.0
81,0505,5,2002,2002-08-10,1.3745999813079834,595.96,3.0999999046325684,976.0,138.0,71,9415,26,213.3,False,True,False,566.3000000000001,446.0
81,0505,5,2003,2003-08-24,1.4298999905586245,688.96,3.400000095367432,1142.0,113.0,72,10102,27,213.3,False,True,False,566.3000000000001,379.0
81,0506,1,1990,1990-05-12,1.4977000236511229,818.16,2.5,1267.0,117.0,75,2984,14,157.5,False,True,False,538.5,0.0
81,0506,2,1990,1990-10-15,1.0622999906539916,818.16,2.5,1267.0,117.0,75,2984,14,170.2,False,True,False,551.2,156.0
81,0506,2,1991,1991-06-20,1.0488000035285951,790.94,3.299999952316284,1084.0,114.0,76,3266,15,170.2,False,True,False,551.2,248.0
81,0506,2,1992,1992-09-15,1.0394999980926514,587.71,3.700000047683716,873.0,138.0,73,3572,16,170.2,False,True,False,551.2,453.0
81,0506,2,1993,1993-09-24,1.046500015258789,677.91,3.400000095367432,996.0,120.0,72,3907,17,170.2,False,True,False,551.2,374.0
81,0506,2,1994,1994-07-30,1.0584999918937683,731.11,2.700000047683716,1389.0,97.0,72,4407,18,170.2,False,True,False,551.2,309.0
81,0506,2,1995,1995-06-10,1.0639999985694886,782.03,2.5999999046325684,1232.0,110.0,73,5007,19,170.2,False,True,False,551.2,315.0
81,0506,2,1997,1997-09-28,1.048200011253357,770.47,3.0,1017.0,130.0,77,6217,21,170.2,False,True,False,551.2,841.0
81,0506,2,1998,1998-06-05,1.103000009059906,664.04,3.900000095367432,1140.0,101.0,73,6867,22,170.2,False,True,False,551.2,250.0
81,0506,2,1999,1999-05-18,1.068400001525879,616.3,3.5999999046325684,843.0,122.0,74,7472,23,170.2,False,True,False,551.2,347.0
81,0506,2,2000,2000-07-19,1.1134999990463257,707.11,3.0,989.0,130.0,72,8102,24,170.2,False,True,False,551.2,428.0
81,0506,2,2001,2001-05-21,1.1186999917030334,648.19,4.099999904632568,775.0,130.0,69,8768,25,170.2,False,True,False,551.2,306.0
81,0506,2,2002,2002-08-10,1.1671000003814698,595.96,3.0999999046325684,976.0,138.0,71,9415,26,170.2,False,True,False,551.2,446.0
81,0506,2,2003,2003-08-24,1.2305000185966493,688.96,3.400000095367432,1142.0,113.0,72,10102,27,170.2,False,True,False,551.2,379.0
81,0506,2,2004,2004-06-24,1.2705000042915344,847.1,3.799999952316284,834.0,137.0,74,10838,28,170.2,False,True,False,551.2,305.0
81,0506,3,2005,2005-07-17,1.479200005531311,779.54,3.799999952316284,802.0,132.0,75,11520,29,170.2,False,True,False,551.2,388.0
81,0506,3,2006,2006-06-12,1.401200008392334,659.8,4.199999809265137,984.0,109.0,72,12356,30,170.2,False,True,False,551.2,330.0
81,0507,1,1990,1990-05-12,1.616700005531311,818.16,2.5,1267.0,117.0,75,2984,14,162.6,False,True,False,541.1,0.0
81,0507,2,1990,1990-10-15,1.3753000020980837,818.16,2.5,1267.0,117.0,75,2984,14,246.4,False,True,False,624.9,156.0
81,0507,2,1991,1991-06-20,1.389800000190735,790.94,3.299999952316284,1084.0,114.0,76,3266,15,246.4,False,True,False,624.9,248.0
81,0507,2,1992,1992-09-15,1.4253000020980835,587.71,3.700000047683716,873.0,138.0,73,3572,16,246.4,False,True,False,624.9,453.0
81,0507,2,1993,1993-09-24,1.4427499920129776,677.91,3.400000095367432,996.0,120.0,72,3907,17,246.4,False,True,False,624.9,374.0
81,0507,2,1994,1994-07-30,1.4479999780654906,731.11,2.700000047683716,1389.0,97.0,72,4407,18,246.4,False,True,False,624.9,309.0
81,0507,2,1995,1995-06-10,1.4483999848365785,782.03,2.5999999046325684,1232.0,110.0,73,5007,19,246.4,False,True,False,624.9,315.0
81,0507,2,1997,1997-09-28,1.4202000021934509,770.47,3.0,1017.0,130.0,77,6217,21,246.4,False,True,False,624.9,841.0
81,0507,2,1998,1998-06-05,1.4966000080108643,664.04,3.900000095367432,1140.0,101.0,73,6867,22,246.4,False,True,False,624.9,250.0
81,0507,2,1999,1999-05-18,1.4248000025749206,616.3,3.5999999046325684,843.0,122.0,74,7472,23,246.4,False,True,False,624.9,347.0
81,0507,3,2000,2000-07-19,1.460599994659424,707.11,3.0,989.0,130.0,72,8102,24,246.4,False,True,False,624.9,428.0
81,0507,3,2001,2001-05-21,1.443500006198883,648.19,4.099999904632568,775.0,130.0,69,8768,25,246.4,False,True,False,624.9,306.0
81,0507,3,2002,2002-08-10,1.4611999988555908,595.96,3.0999999046325684,976.0,138.0,71,9415,26,246.4,False,True,False,624.9,446.0
81,0507,4,2003,2003-08-24,1.4867000222206117,688.96,3.400000095367432,1142.0,113.0,72,10102,27,246.4,False,True,False,624.9,379.0
81,0507,4,2004,2004-06-24,1.559100019931793,847.1,3.799999952316284,834.0,137.0,74,10838,28,246.4,False,True,False,624.9,305.0
81,0508,1,1990,1990-05-12,1.796399998664856,818.16,2.5,1267.0,117.0,75,2984,14,167.7,False,True,False,546.2,0.0
81,0508,2,1990,1990-10-15,1.0370000183582304,818.16,2.5,1267.0,117.0,75,2984,14,282.0,False,True,False,660.5,156.0
81,0508,2,1991,1991-06-20,1.053600001335144,790.94,3.299999952316284,1084.0,114.0,76,3266,15,282.0,False,True,False,660.5,248.0
81,0508,2,1992,1992-09-15,1.0983999848365782,587.71,3.700000047683716,873.0,138.0,73,3572,16,282.0,False,True,False,660.5,453.0
81,0508,2,1993,1993-09-24,1.176699995994568,677.91,3.400000095367432,996.0,120.0,72,3907,17,282.0,False,True,False,660.5,374.0
81,0508,2,1994,1994-07-30,1.1471999883651731,731.11,2.700000047683716,1389.0,97.0,72,4407,18,282.0,False,True,False,660.5,309.0
81,0508,2,1995,1995-06-10,1.1592000126838684,782.03,2.5999999046325684,1232.0,110.0,73,5007,19,282.0,False,True,False,660.5,315.0
81,0508,2,1997,1997-09-28,1.2320000171661376,770.47,3.0,1017.0,130.0,77,6217,21,282.0,False,True,False,660.5,841.0
81,0508,2,1998,1998-06-05,1.2578999996185305,664.04,3.900000095367432,1140.0,101.0,73,6867,22,282.0,False,True,False,660.5,250.0
81,0508,3,1999,1999-05-18,1.241599988937378,616.3,3.5999999046325684,843.0,122.0,74,7472,23,282.0,False,True,False,660.5,347.0
81,0508,3,2000,2000-07-19,1.2501999974250793,707.11,3.0,989.0,130.0,72,8102,24,282.0,False,True,False,660.5,428.0
81,0508,3,2001,2001-05-21,1.2740000128746032,648.19,4.099999904632568,775.0,130.0,69,8768,25,282.0,False,True,False,660.5,306.0
81,0508,4,2002,2002-08-10,1.2842000126838684,595.96,3.0999999046325684,976.0,138.0,71,9415,26,282.0,False,True,False,660.5,446.0
81,0508,4,2003,2003-08-24,1.2916000127792358,688.96,3.400000095367432,1142.0,113.0,72,10102,27,282.0,False,True,False,660.5,379.0
81,0508,5,2004,2004-06-24,1.325200009346008,847.1,3.799999952316284,834.0,137.0,74,10838,28,282.0,False,True,False,660.5,305.0
81,0508,6,2005,2005-07-17,1.3563000082969665,779.54,3.799999952316284,802.0,132.0,75,11520,29,282.0,False,True,False,660.5,388.0
81,0508,7,2006,2006-06-12,1.4514000058174132,659.8,4.199999809265137,984.0,109.0,72,12356,30,282.0,False,True,False,660.5,330.0
81,0509,1,1990,1990-05-12,1.9752000093460085,818.16,2.5,1267.0,117.0,75,2984,14,180.4,False,True,False,523.3,0.0
81,0509,2,1990,1990-10-15,1.0069000005722046,818.16,2.5,1267.0,117.0,75,2984,14,223.5,False,True,False,566.4,156.0
81,0509,2,1991,1991-06-20,0.9916000187397004,790.94,3.299999952316284,1084.0,114.0,76,3266,15,223.5,False,True,False,566.4,248.0
81,0509,2,1992,1992-09-15,1.1151000142097474,587.71,3.700000047683716,873.0,138.0,73,3572,16,223.5,False,True,False,566.4,453.0
81,0509,2,1993,1993-09-24,1.1680999994277954,677.91,3.400000095367432,996.0,120.0,72,3907,17,223.5,False,True,False,566.4,374.0
81,0509,2,1994,1994-07-30,1.142699992656708,731.11,2.700000047683716,1389.0,97.0,72,4407,18,223.5,False,True,False,566.4,309.0
81,0509,2,1995,1995-06-10,1.189900016784668,782.03,2.5999999046325684,1232.0,110.0,73,5007,19,223.5,False,True,False,566.4,315.0
81,0509,2,1997,1997-09-28,1.3051999926567075,770.47,3.0,1017.0,130.0,77,6217,21,223.5,False,True,False,566.4,841.0
81,0509,2,1998,1998-06-05,1.3544000148773194,664.04,3.900000095367432,1140.0,101.0,73,6867,22,223.5,False,True,False,566.4,250.0
81,0509,3,1999,1999-05-18,1.422100019454956,616.3,3.5999999046325684,843.0,122.0,74,7472,23,223.5,False,True,False,566.4,347.0
81,0509,4,2000,2000-07-19,1.4446000099182128,707.11,3.0,989.0,130.0,72,8102,24,223.5,False,True,False,566.4,428.0
81,0509,4,2001,2001-05-21,1.4593000054359435,648.19,4.099999904632568,775.0,130.0,69,8768,25,223.5,False,True,False,566.4,306.0
81,0509,5,2002,2002-08-10,1.4175000071525574,595.96,3.0999999046325684,976.0,138.0,71,9415,26,223.5,False,True,False,566.4,446.0
81,0509,6,2003,2003-08-24,1.8272000193595883,688.96,3.400000095367432,1142.0,113.0,72,10102,27,223.5,False,True,False,566.4,379.0
81,0509,7,2004,2004-06-24,1.820300018787384,847.1,3.799999952316284,834.0,137.0,74,10838,28,223.5,False,True,False,566.4,305.0
81,0509,8,2005,2005-07-17,2.807799994945526,779.54,3.799999952316284,802.0,132.0,75,11520,29,223.5,False,True,False,566.4,388.0
81,0509,8,2006,2006-06-12,2.850999999046325,659.8,4.199999809265137,984.0,109.0,72,12356,30,223.5,False,True,False,566.4,330.0
81,1803,1,1990,1990-05-10,1.2390000224113464,488.78,2.0,1680.0,110.0,71,2379,7,114.3,False,False,False,393.7,0.0
81,1803,1,1991,1991-06-19,1.2397000074386595,517.79,3.0999999046325684,1485.0,85.0,71,2725,8,114.3,False,False,False,393.7,405.0
81,1803,1,1992,1992-09-12,1.2904000163078309,429.34,2.900000095367432,1300.0,116.0,71,3080,9,114.3,False,False,False,393.7,451.0
81,1803,1,1993,1993-09-23,1.276199996471405,511.88,2.5999999046325684,1393.0,99.0,72,3438,10,114.3,False,False,False,393.7,376.0
81,1803,1,1994,1994-07-29,1.2635000109672547,499.54,1.7999999523162842,1848.0,83.0,71,3838,11,114.3,False,False,False,393.7,309.0
81,1803,2,1995,1995-06-09,1.2896000027656556,450.5,1.399999976158142,1854.0,88.0,71,4208,12,114.3,False,False,False,393.7,315.0
81,1803,4,1997,1997-09-28,1.4546000123023988,510.09,2.700000047683716,1427.0,92.0,74,4978,14,127.0,False,False,False,406.4,842.0
81,1803,4,1998,1998-06-06,1.610799992084503,342.87,4.0,1401.0,78.0,68,5378,15,127.0,False,False,False,406.4,251.0
81,1803,4,1999,1999-05-18,1.5607999920845033,444.25,3.5,1169.0,98.0,71,5718,16,127.0,False,False,False,406.4,346.0
81,1803,6,2004,2004-06-25,1.6441999673843384,620.12,2.700000047683716,1294.0,116.0,74,8235,21,127.0,False,False,False,406.4,1865.0
81,1803,7,2010,2010-06-21,1.6227000117301942,565.96,2.799999952316284,1419.0,88.0,74,13299,27,127.0,False,False,False,406.4,2187.0
81,1803,7,2011,2011-06-09,1.6782000064849854,477.08,2.700000047683716,1552.0,91.0,72,14068,28,127.0,False,False,False,406.4,353.0
81,1803,8,2012,2012-09-20,1.6598999977111817,654.71,2.5999999046325684,1577.0,89.0,73,14868,29,127.0,False,False,False,406.4,469.0
81,1803,8,2014,2014-10-09,1.632800006866455,538.73,1.600000023841858,1866.0,79.0,74,16566,31,127.0,False,False,False,406.4,749.0
81,1803,8,2015,2015-06-25,1.6534000039100647,568.44,3.5,1296.0,105.0,73,17467,32,127.0,False,False,False,406.4,259.0
81,1804,1,1990,1990-05-10,2.472399973869324,588.95,2.799999952316284,1408.0,111.0,73,2027,9,91.4,False,False,False,665.5,0.0
81,1804,2,1991,1991-06-19,2.845500016212464,710.59,3.5,1230.0,101.0,74,2314,10,91.4,False,False,False,665.5,405.0
81,1804,2,1992,1992-08-29,3.358333309491475,466.71,3.799999952316284,1044.0,121.0,72,2615,11,91.4,False,False,False,665.5,437.0
81,1804,3,1993,1993-09-23,0.7144000053405761,510.18,3.400000095367432,1142.0,103.0,73,2984,12,187.9,False,False,False,762.0,390.0
81,1804,3,1994,1994-07-28,0.7462000012397767,603.05,2.5999999046325684,1586.0,93.0,72,3384,13,187.9,False,False,False,762.0,308.0
81,1804,3,1995,1995-06-08,0.7694000005722046,517.89,2.299999952316284,1549.0,97.0,72,3804,14,187.9,False,False,False,762.0,315.0
81,1804,3,1997,1997-09-30,0.8627999961376189,651.06,3.299999952316284,1188.0,106.0,75,4744,16,187.9,False,False,False,762.0,845.0
81,1804,4,1998,1998-06-06,0.9519999980926516,477.39,4.5,1220.0,89.0,70,5264,17,195.5,False,False,False,769.5999999999999,249.0
81,1804,4,1999,1999-05-20,1.1080999970436096,508.45,4.099999904632568,956.0,112.0,72,5844,18,195.5,False,False,False,769.5999999999999,348.0
81,1804,5,2004,2004-06-24,1.395299994945526,641.85,3.5999999046325684,1076.0,124.0,74,8817,23,195.5,False,False,False,769.5999999999999,1862.0
81,1804,5,2008,2008-07-21,1.6196999907493592,533.65,3.5,1282.0,109.0,70,16106,27,195.5,False,False,False,769.5999999999999,1488.0
81,1804,5,2010,2010-06-21,1.7358999848365784,557.27,3.299999952316284,1248.0,100.0,73,18522,29,195.5,False,False,False,769.5999999999999,700.0
81,1804,6,2011,2011-06-09,1.7558000087738037,560.71,3.0999999046325684,1315.0,99.0,72,19875,30,195.5,False,False,False,769.5999999999999,353.0
81,1804,6,2012,2012-09-21,1.875599956512452,740.46,3.400000095367432,1325.0,96.0,72,21336,31,195.5,False,False,False,769.5999999999999,470.0
81,1804,6,2014,2014-10-09,1.9751000046730045,693.91,2.900000095367432,1451.0,84.0,74,24613,33,195.5,False,False,False,769.5999999999999,748.0
81,1804,6,2015,2015-06-24,2.099299967288971,560.32,4.699999809265137,955.0,113.0,71,26449,34,195.5,False,False,False,769.5999999999999,258.0
81,1804,6,2017,2017-04-07,2.64350004196167,720.82,3.5,1197.0,103.0,74,30570,36,195.5,False,False,False,769.5999999999999,653.0
81,1805,1,1990,1990-05-09,2.343300008773804,541.44,4.800000190734863,928.0,132.0,64,3657,11,180.3,False,False,False,508.0,0.0
81,1805,1,1992,1992-09-11,2.7983999967575075,622.51,5.199999809265137,713.0,142.0,67,4188,13,180.3,False,False,False,508.0,856.0
81,1805,1,1993,1993-09-22,2.81760003566742,596.68,4.099999904632568,867.0,123.0,69,4478,14,180.3,False,False,False,508.0,376.0
81,1805,1,1994,1994-07-27,2.7831000089645386,519.2,4.699999809265137,1044.0,101.0,65,4678,15,180.3,False,False,False,508.0,308.0
81,1805,1,1995,1995-05-24,2.886699986457825,653.49,4.199999809265137,942.0,125.0,66,4868,16,180.3,False,False,False,508.0,301.0
81,1805,2,1997,1997-10-02,1.6035000085830688,528.37,4.900000095367432,803.0,139.0,66,5308,18,414.0,False,False,False,741.7,862.0
81,1805,2,1998,1998-06-07,1.639199984073639,559.2,5.800000190734863,831.0,117.0,66,5578,19,414.0,False,False,False,741.7,248.0
81,1805,2,1999,1999-05-20,1.6564000010490418,572.24,5.699999809265137,448.0,145.0,65,6058,20,414.0,False,False,False,741.7,347.0
81,1805,2,2004,2004-06-22,1.6681000113487243,728.3,5.099999904632568,685.0,144.0,69,9301,25,414.0,False,False,False,741.7,1860.0
81,1805,2,2008,2008-07-21,1.7600000143051149,674.45,4.099999904632568,1012.0,121.0,68,17241,29,414.0,False,False,False,741.7,1490.0
81,2812,1,1990,1990-05-09,1.240099990367889,509.68,4.599999904632568,1052.0,121.0,65,502,6,142.2,False,True,False,307.29999999999995,0.0
81,2812,1,1991,1991-06-16,1.3613999843597413,586.12,5.099999904632568,905.0,121.0,68,679,7,142.2,False,True,False,307.29999999999995,403.0
81,2812,2,1992,1992-09-11,1.3699000000953674,482.94,5.099999904632568,800.0,132.0,68,860,8,152.39999999999998,False,True,False,317.5,453.0
81,2812,2,1993,1993-09-22,1.4845999956130982,458.45,4.199999809265137,972.0,114.0,69,1022,9,152.39999999999998,False,True,False,317.5,376.0
81,2812,2,1994,1994-07-28,1.4611999988555908,512.55,4.400000095367432,1199.0,96.0,67,1222,10,152.39999999999998,False,True,False,317.5,309.0
81,2812,2,1995,1995-06-07,1.3649999976158145,471.85,4.099999904632568,1097.0,108.0,66,1412,11,152.39999999999998,False,True,False,317.5,314.0
81,2812,2,1997,1997-09-30,1.3875,395.41,5.0,921.0,123.0,66,1802,13,152.39999999999998,False,True,False,317.5,846.0
81,2812,2,1998,1998-06-07,1.4830000162124637,501.54,6.0,880.0,116.0,65,2012,14,152.39999999999998,False,True,False,317.5,250.0
81,2812,2,1999,1999-05-20,1.3980999827384948,632.4,5.599999904632568,552.0,132.0,67,2162,15,152.39999999999998,False,True,False,317.5,347.0
81,2812,2,2004,2004-06-23,1.3848999977111816,628.39,5.0,778.0,135.0,70,3057,20,152.39999999999998,False,True,False,317.5,1861.0
81,8529,1,1990,1990-05-08,0.7776250019669533,782.76,0.5,1449.0,120.0,71,9004,20,114.3,False,True,False,330.2,0.0
81,8529,1,1991,1991-05-19,0.7973999977111816,667.55,0.8999999761581421,1302.0,115.0,71,9455,21,114.3,False,True,False,330.2,376.0
81,8529,1,1992,1992-09-10,0.7939999997615814,825.24,1.600000023841858,1080.0,149.0,69,9889,22,114.3,False,True,False,330.2,480.0
81,8529,1,1993,1993-09-22,0.7678000032901764,1089.72,0.2000000029802322,1314.0,133.0,74,10322,23,114.3,False,True,False,330.2,377.0
81,8529,1,1994,1994-07-27,0.8146000027656555,570.78,1.2999999523162842,1281.0,120.0,69,11522,24,114.3,False,True,False,330.2,308.0
81,8529,1,1995,1995-06-07,0.8013999998569488,836.27,0.699999988079071,1190.0,143.0,71,12792,25,114.3,False,True,False,330.2,315.0
81,8529,1,1997,1997-10-03,0.7915999948978425,567.01,1.0,1268.0,113.0,70,15282,27,114.3,False,True,False,330.2,849.0
81,8529,1,1998,1998-06-07,0.8511000037193298,986.43,1.7000000476837158,1265.0,110.0,73,16682,28,114.3,False,True,False,330.2,247.0
81,8529,1,1999,1999-05-21,0.8587000131607055,637.76,1.0,1040.0,146.0,72,17542,29,114.3,False,True,False,330.2,348.0
81,8529,2,2002,2002-08-09,1.001999992132187,658.77,0.0,1460.0,137.0,73,20172,32,114.3,False,True,False,330.2,1176.0
81,8529,2,2004,2004-06-22,0.9984999895095824,810.5,1.2000000476837158,1151.0,133.0,75,21435,34,114.3,False,True,False,330.2,683.0
81,8529,3,2010,2010-06-23,1.0924000144004822,605.68,0.699999988079071,1200.0,151.0,74,30040,40,114.3,False,True,False,330.2,2192.0
81,8529,3,2011,2011-06-13,1.0903999984264372,761.35,-0.5,1599.0,94.0,75,31392,41,114.3,False,True,False,330.2,355.0
81,8529,3,2012,2012-07-20,1.1352000057697296,698.16,0.699999988079071,1395.0,107.0,73,32800,42,114.3,False,True,False,330.2,403.0
81,8529,3,2014,2014-10-10,1.23089998960495,665.25,0.3000000119209289,1516.0,118.0,75,35792,44,114.3,False,True,False,330.2,812.0
81,8529,3,2015,2015-06-23,1.2654999852180482,593.36,1.7999999523162842,1062.0,148.0,72,37381,45,114.3,False,True,False,330.2,256.0
82,1005,1,1990,1990-05-13,0.6464000046253204,1059.14,1.899999976158142,1112.0,105.0,84,938,5,96.5,False,False,False,645.2,0.0
82,1005,1,1991,1991-05-18,0.6639999985694885,868.71,2.299999952316284,909.0,112.0,85,1230,6,96.5,False,False,False,645.2,370.0
82,1005,1,1992,1992-09-17,0.7132000029087067,859.09,4.099999904632568,639.0,138.0,79,1534,7,96.5,False,False,False,645.2,488.0
82,1005,1,1993,1993-04-30,0.7471249997615814,872.86,2.5,998.0,117.0,81,1869,8,96.5,False,False,False,645.2,225.0
82,1005,2,1993,1993-09-19,0.5337999999523163,872.86,2.5,998.0,117.0,81,1869,8,160.0,False,False,False,708.6999999999999,142.0
82,1005,2,1994,1994-08-10,0.6354999959468841,933.55,3.5,780.0,106.0,80,2219,9,160.0,False,False,False,708.6999999999999,325.0
82,1005,2,1995,1995-06-13,0.7044000029563904,975.6,3.0999999046325684,749.0,130.0,79,2604,10,160.0,False,False,False,708.6999999999999,307.0
82,1005,3,1997,1997-09-27,1.020800006389618,1124.32,2.799999952316284,780.0,114.0,84,3479,12,172.7,False,False,False,721.4,837.0
82,1005,3,1998,1998-05-13,1.0351000010967255,973.15,3.799999952316284,772.0,113.0,83,3944,13,172.7,False,False,False,721.4,228.0
82,1005,3,1999,1999-05-15,1.0916000008583069,1107.1,2.0,788.0,122.0,84,4409,14,172.7,False,False,False,721.4,367.0
82,1005,3,2001,2001-05-20,1.146399998664856,790.12,2.0999999046325684,880.0,119.0,83,5459,16,172.7,False,False,False,721.4,736.0
82,1005,3,2003,2003-08-22,1.338500010967255,840.31,3.299999952316284,792.0,108.0,81,6689,18,172.7,False,False,False,721.4,824.0
82,1005,3,2005,2005-07-15,1.6949999928474426,908.1,3.799999952316284,624.0,126.0,80,7989,20,172.7,False,False,False,721.4,693.0
82,6006,1,1990,1990-05-16,1.2559000134468077,1989.58,10.399999618530272,71.0,14.0,80,19296,32,134.6,False,False,False,947.4,0.0
82,6006,1,1991,1991-05-16,1.2915000081062318,1622.54,10.300000190734863,15.0,12.0,81,20755,33,134.6,False,False,False,947.4,365.0
82,6006,1,1992,1992-09-18,1.3240999817848205,1550.49,11.300000190734863,17.0,11.0,79,22224,34,134.6,False,False,False,947.4,491.0
82,6006,1,1993,1993-05-02,1.2972000241279602,1471.89,10.399999618530272,59.0,27.0,79,23624,35,134.6,False,False,False,947.4,226.0
82,6006,1,1994,1994-08-11,1.309599995613098,1737.55,10.800000190734863,8.0,11.0,80,25044,36,134.6,False,False,False,947.4,466.0
82,6006,1,1995,1995-06-15,1.341100001335144,1877.31,11.0,10.0,20.0,80,26364,37,134.6,False,False,False,947.4,308.0
82,6006,1,1997,1997-10-05,1.3604000210762024,2099.63,10.899999618530272,13.0,11.0,82,29204,39,134.6,False,False,False,947.4,843.0
82,6006,1,1998,1998-05-12,1.398799991607666,1765.19,11.199999809265137,39.0,6.0,81,30624,40,134.6,False,False,False,947.4,219.0
82,6006,1,1999,1999-05-15,1.384500002861023,2142.01,10.199999809265137,0.0,3.0,81,32064,41,134.6,False,False,False,947.4,368.0
82,6006,2,1999,1999-10-03,0.831300002336502,2142.01,10.199999809265137,0.0,3.0,81,32064,41,144.79999999999998,False,False,False,957.6,141.0
82,6006,2,2001,2001-05-18,0.8252000033855438,1619.0,10.199999809265137,0.0,11.0,81,35054,43,144.79999999999998,False,False,False,957.6,593.0
82,6006,2,2003,2003-08-21,0.8123000025749206,1742.13,11.0,1.0,9.0,80,38164,45,144.79999999999998,False,False,False,957.6,825.0
82,6006,2,2005,2005-07-14,0.8203999996185303,1661.56,10.899999618530272,12.0,18.0,81,41394,47,144.79999999999998,False,False,False,957.6,693.0
82,6006,2,2010,2010-06-16,0.8697999954223632,1751.37,10.600000381469728,18.0,8.0,82,49875,52,144.79999999999998,False,False,False,957.6,1798.0
82,6006,3,2011,2011-04-21,0.8709999978542328,1697.88,9.699999809265137,11.0,19.0,81,52179,53,144.79999999999998,False,False,False,957.6,309.0
82,6006,3,2012,2012-07-25,0.8745000004768372,1837.31,10.199999809265137,8.0,7.0,81,54513,54,144.79999999999998,False,False,False,957.6,461.0
82,6006,3,2014,2014-06-20,0.9135999977588654,1773.4,11.199999809265137,14.0,18.0,80,58589,56,144.79999999999998,False,False,False,957.6,695.0
82,6006,3,2015,2015-06-28,0.9097000062465668,1627.59,11.899999618530272,0.0,4.0,80,60678,57,144.79999999999998,False,False,False,957.6,373.0
82,6006,3,2017,2017-04-03,0.9679999947547911,1835.81,10.5,22.0,23.0,81,64966,59,144.79999999999998,False,False,False,957.6,645.0
82,6007,1,1990,1990-05-15,1.761900007724762,3293.2,6.0,404.0,89.0,85,9122,15,149.8,False,False,False,464.8,0.0
82,6007,1,1991,1991-05-16,1.87020001411438,2322.03,6.400000095367432,215.0,105.0,85,9910,16,149.8,False,False,False,464.8,366.0
82,6007,1,1992,1992-09-17,1.8453999876976013,2108.21,7.5,218.0,85.0,82,10746,17,149.8,False,False,False,464.8,490.0
82,6007,2,1993,1993-05-02,0.7308000028133392,2003.17,6.0,423.0,90.0,83,12606,18,149.9,False,False,False,464.9,227.0
82,6007,3,1995,1995-06-15,0.7180999994277955,2584.23,6.900000095367432,179.0,97.0,83,16446,20,203.2,False,False,False,518.2,774.0
82,6007,3,1997,1997-10-05,0.6889000058174133,2742.89,6.599999904632568,216.0,118.0,86,20501,22,203.2,False,False,False,518.2,843.0
82,6007,3,1998,1998-05-12,0.7404000043869019,2320.2,7.199999809265137,233.0,94.0,85,22586,23,203.2,False,False,False,518.2,219.0
82,6007,3,1999,1999-05-15,0.7309000015258789,2768.76,5.900000095367432,140.0,130.0,86,24771,24,203.2,False,False,False,518.2,368.0
82,6007,3,2001,2001-05-19,0.7647999942302703,2133.89,6.0,194.0,124.0,85,29016,26,203.2,False,False,False,518.2,735.0
82,6007,3,2003,2003-08-22,0.8181999981403352,2391.75,7.0,173.0,107.0,83,33251,28,203.2,False,False,False,518.2,825.0
82,6007,3,2005,2005-07-14,0.9522000014781952,1978.59,7.199999809265137,234.0,75.0,83,37691,30,203.2,False,False,False,518.2,692.0
82,6007,3,2010,2010-06-16,1.201200008392334,2109.96,6.5,199.0,100.0,86,49125,35,203.2,False,False,False,518.2,1798.0
82,6007,4,2011,2011-04-21,1.325700008869171,2544.43,5.199999809265137,318.0,114.0,86,50726,36,203.2,False,False,False,518.2,309.0
82,6007,4,2012,2012-07-25,1.0778000056743622,2567.4,6.0,282.0,101.0,86,52564,37,203.2,False,False,False,518.2,461.0
82,6007,5,2014,2014-06-20,0.8137000024318695,2647.59,7.099999904632568,252.0,83.0,84,58895,39,203.2,False,False,False,518.2,695.0
82,6007,5,2015,2015-06-28,0.810999995470047,2232.39,8.300000190734863,139.0,72.0,82,62331,40,203.2,False,False,False,518.2,373.0
82,6007,5,2017,2017-04-04,0.8069000005722047,2394.08,6.300000190734863,381.0,84.0,83,69758,42,203.2,False,False,False,518.2,646.0
82,9017,1,1990,1990-05-13,1.0459999918937684,655.49,3.400000095367432,965.0,128.0,78,888,4,45.7,False,True,False,703.6,0.0
82,9017,1,1991,1991-05-18,1.0723999857902526,499.77,3.900000095367432,729.0,144.0,78,974,5,45.7,False,True,False,703.6,370.0
82,9017,1,1992,1992-09-17,1.0879999876022337,525.06,5.199999809265137,645.0,143.0,72,1063,6,45.7,False,True,False,703.6,488.0
82,9017,1,1993,1993-04-30,1.128700006008148,490.5,3.5999999046325684,982.0,125.0,73,1348,7,45.7,False,True,False,703.6,225.0
82,9017,2,1994,1994-08-09,1.11139999628067,454.52,4.900000095367432,661.0,136.0,72,1648,8,45.7,False,True,False,703.6,466.0
82,9017,2,1995,1995-06-13,1.1367999911308289,622.24,4.099999904632568,749.0,141.0,73,1948,9,45.7,False,True,False,703.6,308.0
83,0501,1,1989,1989-10-18,1.4889999985694886,638.36,1.600000023841858,2315.0,64.0,71,2821,19,126.9,False,False,False,383.4,0.0
83,0501,2,1990,1990-05-25,1.6252999782562256,446.76,3.200000047683716,1712.0,93.0,69,3086,20,126.9,False,False,False,383.4,219.0
83,0501,3,1991,1991-07-15,1.472100007534027,779.27,3.200000047683716,1862.0,77.0,72,3426,21,126.9,False,False,False,383.4,416.0
83,0501,3,1992,1992-08-26,1.5669000148773191,650.86,2.400000095367432,1628.0,71.0,76,3767,22,126.9,False,False,False,383.4,408.0
83,0501,5,1993,1993-11-17,1.2077999830245971,913.77,2.299999952316284,1709.0,87.0,74,4074,23,126.9,False,False,False,383.4,448.0
83,0501,5,1994,1994-07-18,1.2109999775886535,723.1,3.299999952316284,1758.0,78.0,72,4408,24,126.9,False,False,False,383.4,243.0
83,0501,6,1997,1997-07-15,1.8984000086784365,683.92,2.5999999046325684,1809.0,67.0,76,5408,27,126.9,False,False,False,383.4,1093.0
83,0501,6,1998,1998-08-30,1.9031999945640563,632.88,5.300000190734863,1227.0,76.0,74,5859,28,126.9,False,False,False,383.4,411.0
83,0502,2,1989,1989-10-19,1.2014999985694883,638.36,1.600000023841858,2315.0,64.0,71,2821,19,185.5,False,False,False,414.1,0.0
83,0502,2,1990,1990-05-25,1.2278999924659728,446.76,3.200000047683716,1712.0,93.0,69,3086,20,185.5,False,False,False,414.1,218.0
83,0502,2,1991,1991-07-15,1.2250000119209288,779.27,3.200000047683716,1862.0,77.0,72,3426,21,185.5,False,False,False,414.1,416.0
83,0502,2,1992,1992-08-26,1.2204999804496766,650.86,2.400000095367432,1628.0,71.0,76,3767,22,185.5,False,False,False,414.1,408.0
83,0502,3,1993,1993-11-17,1.2336999893188476,913.77,2.299999952316284,1709.0,87.0,74,4074,23,185.5,False,False,False,414.1,448.0
83,0502,3,1994,1994-07-18,1.2529999971389771,723.1,3.299999952316284,1758.0,78.0,72,4408,24,185.5,False,False,False,414.1,243.0
83,0502,3,1997,1997-07-15,1.5372000098228455,683.92,2.5999999046325684,1809.0,67.0,76,5408,27,185.5,False,False,False,414.1,1093.0
83,0502,3,1998,1998-08-30,1.5901000022888183,632.88,5.300000190734863,1227.0,76.0,74,5859,28,185.5,False,False,False,414.1,411.0
83,0502,3,1999,1999-07-09,1.6332000136375426,668.82,4.400000095367432,1228.0,98.0,73,6322,29,185.5,False,False,False,414.1,313.0
83,0502,3,2000,2000-06-23,1.7477000117301942,867.35,3.0,1764.0,73.0,73,6833,30,185.5,False,False,False,414.1,350.0
83,0502,3,2001,2001-06-22,1.8495999693870544,636.28,4.199999809265137,1429.0,76.0,75,7355,31,185.5,False,False,False,414.1,364.0
83,0502,4,2002,2002-05-13,1.9706999897956847,566.74,3.0999999046325684,1551.0,105.0,72,7889,32,185.5,False,False,False,414.1,325.0
83,0502,4,2003,2003-12-11,2.0537999868392944,526.93,3.5,1802.0,68.0,70,8403,33,185.5,False,False,False,414.1,577.0
83,0502,4,2004,2004-05-17,2.17270005941391,1095.62,2.0999999046325684,1742.0,93.0,76,8936,34,185.5,False,False,False,414.1,158.0
83,0502,5,2006,2006-06-08,2.628200006484985,534.14,4.800000190734863,1361.0,69.0,73,10182,36,190.6,False,False,False,419.2,752.0
83,0502,5,2009,2009-05-20,2.851600003242493,698.39,2.400000095367432,1731.0,89.0,76,12097,39,190.6,False,False,False,419.2,1077.0
83,0502,6,2010,2010-10-03,1.463199996948242,1091.01,4.199999809265137,1544.0,50.0,77,12767,40,198.2,False,False,False,426.8,501.0
83,0502,6,2011,2011-08-12,1.508899974822998,824.18,3.5999999046325684,1632.0,74.0,75,13409,41,198.2,False,False,False,426.8,313.0
83,0502,6,2012,2012-08-11,1.6120000004768371,621.59,5.199999809265137,1327.0,75.0,70,14109,42,198.2,False,False,False,426.8,365.0
83,0502,6,2015,2015-05-08,1.772100019454956,737.62,4.099999904632568,1573.0,80.0,73,16332,45,198.2,False,False,False,426.8,1000.0
83,0502,6,2017,2017-04-26,1.8413999915122985,614.76,3.5999999046325684,1684.0,73.0,72,18174,47,198.2,False,False,False,426.8,719.0
83,0503,2,1989,1989-10-19,0.7903999924659728,638.36,1.600000023841858,2315.0,64.0,71,2821,19,269.1,False,False,False,584.1,0.0
83,0503,2,1990,1990-05-25,0.8473999917507171,446.76,3.200000047683716,1712.0,93.0,69,3086,20,269.1,False,False,False,584.1,218.0
83,0503,2,1991,1991-07-15,0.8018000006675721,779.27,3.200000047683716,1862.0,77.0,72,3426,21,269.1,False,False,False,584.1,416.0
83,0503,2,1992,1992-08-26,0.8103000044822692,650.86,2.400000095367432,1628.0,71.0,76,3767,22,269.1,False,False,False,584.1,408.0
83,0503,3,1993,1993-11-17,0.7980999886989594,913.77,2.299999952316284,1709.0,87.0,74,4074,23,269.1,False,False,False,584.1,448.0
83,0503,3,1994,1994-07-18,0.806499993801117,723.1,3.299999952316284,1758.0,78.0,72,4408,24,269.1,False,False,False,584.1,243.0
83,0503,3,1997,1997-07-15,1.0657000064849853,683.92,2.5999999046325684,1809.0,67.0,76,5408,27,269.1,False,False,False,584.1,1093.0
83,0503,3,1998,1998-08-30,1.1243000030517578,632.88,5.300000190734863,1227.0,76.0,74,5859,28,269.1,False,False,False,584.1,411.0
83,0503,3,1999,1999-07-09,1.1058999955654143,668.82,4.400000095367432,1228.0,98.0,73,6322,29,269.1,False,False,False,584.1,313.0
83,0503,3,2000,2000-06-23,1.205900001525879,867.35,3.0,1764.0,73.0,73,6833,30,269.1,False,False,False,584.1,350.0
83,0503,3,2001,2001-06-22,1.240099990367889,636.28,4.199999809265137,1429.0,76.0,75,7355,31,269.1,False,False,False,584.1,364.0
83,0503,4,2002,2002-05-13,1.4163000106811523,566.74,3.0999999046325684,1551.0,105.0,72,7889,32,269.1,False,False,False,584.1,325.0
83,0503,4,2003,2003-12-11,1.3248999953269958,526.93,3.5,1802.0,68.0,70,8403,33,269.1,False,False,False,584.1,577.0
83,0503,4,2004,2004-05-17,1.390399992465973,1095.62,2.0999999046325684,1742.0,93.0,76,8936,34,269.1,False,False,False,584.1,158.0
83,0503,5,2006,2006-06-08,1.4870000004768371,534.14,4.800000190734863,1361.0,69.0,73,10182,36,274.2,False,False,False,589.2,752.0
83,0503,5,2009,2009-05-20,1.7016000032424925,698.39,2.400000095367432,1731.0,89.0,76,12097,39,274.2,False,False,False,589.2,1077.0
83,0503,6,2010,2010-10-03,1.115899991989136,1091.01,4.199999809265137,1544.0,50.0,77,12767,40,281.8,False,False,False,596.8,501.0
83,0503,6,2011,2011-08-12,1.051200008392334,824.18,3.5999999046325684,1632.0,74.0,75,13409,41,281.8,False,False,False,596.8,313.0
83,0503,6,2012,2012-08-11,1.119599986076355,621.59,5.199999809265137,1327.0,75.0,70,14109,42,281.8,False,False,False,596.8,365.0
83,0503,6,2015,2015-05-08,1.41080002784729,737.62,4.099999904632568,1573.0,80.0,73,16332,45,281.8,False,False,False,596.8,1000.0
83,0503,6,2017,2017-04-26,1.284500014781952,614.76,3.5999999046325684,1684.0,73.0,72,18174,47,281.8,False,False,False,596.8,719.0
83,0504,2,1989,1989-10-20,0.7892999947071075,638.36,1.600000023841858,2315.0,64.0,71,2821,19,253.9,False,False,False,510.4,0.0
83,0504,2,1990,1990-05-25,0.7899999976158142,446.76,3.200000047683716,1712.0,93.0,69,3086,20,253.9,False,False,False,510.4,217.0
83,0504,2,1991,1991-07-15,0.8420000076293945,779.27,3.200000047683716,1862.0,77.0,72,3426,21,253.9,False,False,False,510.4,416.0
83,0504,2,1992,1992-08-26,0.8603999972343446,650.86,2.400000095367432,1628.0,71.0,76,3767,22,253.9,False,False,False,510.4,408.0
83,0504,3,1993,1993-11-17,0.8554000020027162,913.77,2.299999952316284,1709.0,87.0,74,4074,23,253.9,False,False,False,510.4,448.0
83,0504,3,1994,1994-07-18,0.8456999957561493,723.1,3.299999952316284,1758.0,78.0,72,4408,24,253.9,False,False,False,510.4,243.0
83,0504,3,1997,1997-07-15,1.0544999897480012,683.92,2.5999999046325684,1809.0,67.0,76,5408,27,253.9,False,False,False,510.4,1093.0
83,0504,3,1998,1998-08-30,1.1337999939918515,632.88,5.300000190734863,1227.0,76.0,74,5859,28,253.9,False,False,False,510.4,411.0
83,0504,3,1999,1999-07-09,1.1372999906539918,668.82,4.400000095367432,1228.0,98.0,73,6322,29,253.9,False,False,False,510.4,313.0
83,0504,3,2000,2000-06-23,1.2699999928474426,867.35,3.0,1764.0,73.0,73,6833,30,253.9,False,False,False,510.4,350.0
83,0504,3,2001,2001-06-22,1.3223999857902526,636.28,4.199999809265137,1429.0,76.0,75,7355,31,253.9,False,False,False,510.4,364.0
83,0504,4,2002,2002-05-13,1.2879000067710875,566.74,3.0999999046325684,1551.0,105.0,72,7889,32,253.9,False,False,False,510.4,325.0
83,0504,4,2003,2003-12-11,1.526800012588501,526.93,3.5,1802.0,68.0,70,8403,33,253.9,False,False,False,510.4,577.0
83,0504,4,2004,2004-05-17,1.5420999884605409,1095.62,2.0999999046325684,1742.0,93.0,76,8936,34,253.9,False,False,False,510.4,158.0
83,0504,5,2006,2006-06-08,1.5330999970436097,534.14,4.800000190734863,1361.0,69.0,73,10182,36,259.0,False,False,False,515.5,752.0
83,0504,5,2009,2009-05-20,1.8245000004768368,698.39,2.400000095367432,1731.0,89.0,76,12097,39,259.0,False,False,False,515.5,1077.0
83,0504,6,2010,2010-10-03,1.0646000146865844,1091.01,4.199999809265137,1544.0,50.0,77,12767,40,266.6,False,False,False,523.1,501.0
83,0504,6,2011,2011-08-12,1.1079999923706056,824.18,3.5999999046325684,1632.0,74.0,75,13409,41,266.6,False,False,False,523.1,313.0
83,0504,6,2012,2012-08-11,1.2032999873161314,621.59,5.199999809265137,1327.0,75.0,70,14109,42,266.6,False,False,False,523.1,365.0
83,0504,6,2015,2015-05-08,1.2921000003814698,737.62,4.099999904632568,1573.0,80.0,73,16332,45,266.6,False,False,False,523.1,1000.0
83,0504,6,2017,2017-04-26,1.2206999897956847,614.76,3.5999999046325684,1684.0,73.0,72,18174,47,266.6,False,False,False,523.1,719.0
83,0505,2,1989,1989-10-20,1.0784999907016757,638.36,1.600000023841858,2315.0,64.0,71,2821,19,200.6,False,False,False,457.1,0.0
83,0505,2,1990,1990-05-25,1.0726999938488009,446.76,3.200000047683716,1712.0,93.0,69,3086,20,200.6,False,False,False,457.1,217.0
83,0505,2,1991,1991-07-15,1.140900009870529,779.27,3.200000047683716,1862.0,77.0,72,3426,21,200.6,False,False,False,457.1,416.0
83,0505,2,1992,1992-08-26,1.1208000004291534,650.86,2.400000095367432,1628.0,71.0,76,3767,22,200.6,False,False,False,457.1,408.0
83,0505,3,1993,1993-11-17,1.1312000036239622,913.77,2.299999952316284,1709.0,87.0,74,4074,23,200.6,False,False,False,457.1,448.0
83,0505,3,1994,1994-07-18,1.1715999960899353,723.1,3.299999952316284,1758.0,78.0,72,4408,24,200.6,False,False,False,457.1,243.0
83,0505,3,1997,1997-07-15,1.5340999960899353,683.92,2.5999999046325684,1809.0,67.0,76,5408,27,200.6,False,False,False,457.1,1093.0
83,0505,3,1998,1998-08-30,1.7812999725341796,632.88,5.300000190734863,1227.0,76.0,74,5859,28,200.6,False,False,False,457.1,411.0
83,0505,3,1999,1999-07-09,1.7140000224113463,668.82,4.400000095367432,1228.0,98.0,73,6322,29,200.6,False,False,False,457.1,313.0
83,0505,3,2000,2000-06-23,1.983100020885468,867.35,3.0,1764.0,73.0,73,6833,30,200.6,False,False,False,457.1,350.0
83,0505,3,2001,2001-06-22,2.1832000374794007,636.28,4.199999809265137,1429.0,76.0,75,7355,31,200.6,False,False,False,457.1,364.0
83,0505,4,2002,2002-05-13,2.26599999666214,566.74,3.0999999046325684,1551.0,105.0,72,7889,32,200.6,False,False,False,457.1,325.0
83,0505,4,2003,2003-12-11,2.136400020122528,526.93,3.5,1802.0,68.0,70,8403,33,200.6,False,False,False,457.1,577.0
83,0505,4,2004,2004-05-17,2.34630001783371,1095.62,2.0999999046325684,1742.0,93.0,76,8936,34,200.6,False,False,False,457.1,158.0
83,0505,5,2006,2006-06-08,2.6229000210762026,534.14,4.800000190734863,1361.0,69.0,73,10182,36,205.7,False,False,False,462.2,752.0
83,0505,5,2009,2009-05-20,2.2027000188827515,698.39,2.400000095367432,1731.0,89.0,76,12097,39,205.7,False,False,False,462.2,1077.0
83,0505,6,2010,2010-10-03,1.2114999771118162,1091.01,4.199999809265137,1544.0,50.0,77,12767,40,213.3,False,False,False,469.8,501.0
83,0505,6,2011,2011-08-12,1.2904999971389772,824.18,3.5999999046325684,1632.0,74.0,75,13409,41,213.3,False,False,False,469.8,313.0
83,0505,6,2012,2012-08-11,1.3360999941825866,621.59,5.199999809265137,1327.0,75.0,70,14109,42,213.3,False,False,False,469.8,365.0
83,0505,6,2015,2015-05-08,1.584599995613098,737.62,4.099999904632568,1573.0,80.0,73,16332,45,213.3,False,False,False,469.8,1000.0
83,0505,6,2017,2017-04-26,1.7376999974250793,614.76,3.5999999046325684,1684.0,73.0,72,18174,47,213.3,False,False,False,469.8,719.0
83,0506,2,1989,1989-10-19,1.449999988079071,638.36,1.600000023841858,2315.0,64.0,71,2821,19,187.9,False,False,False,530.8000000000001,0.0
83,0506,2,1990,1990-05-25,1.486500012874603,446.76,3.200000047683716,1712.0,93.0,69,3086,20,187.9,False,False,False,530.8000000000001,218.0
83,0506,2,1991,1991-07-15,1.4152999758720397,779.27,3.200000047683716,1862.0,77.0,72,3426,21,187.9,False,False,False,530.8000000000001,416.0
83,0506,2,1992,1992-08-26,1.4358000040054322,650.86,2.400000095367432,1628.0,71.0,76,3767,22,187.9,False,False,False,530.8000000000001,408.0
83,0506,3,1993,1993-11-17,1.447599995136261,913.77,2.299999952316284,1709.0,87.0,74,4074,23,187.9,False,False,False,530.8,448.0
83,0506,3,1994,1994-07-18,1.4493000030517578,723.1,3.299999952316284,1758.0,78.0,72,4408,24,187.9,False,False,False,530.8,243.0
83,0506,3,1997,1997-07-15,1.519600009918213,683.92,2.5999999046325684,1809.0,67.0,76,5408,27,187.9,False,False,False,530.8,1093.0
83,0506,3,1998,1998-08-30,1.771999990940094,632.88,5.300000190734863,1227.0,76.0,74,5859,28,187.9,False,False,False,530.8,411.0
83,0506,3,1999,1999-07-09,1.6453000068664552,668.82,4.400000095367432,1228.0,98.0,73,6322,29,187.9,False,False,False,530.8,313.0
83,0506,3,2000,2000-06-23,1.8206999897956848,867.35,3.0,1764.0,73.0,73,6833,30,187.9,False,False,False,530.8,350.0
83,0506,3,2001,2001-06-22,2.1835999727249145,636.28,4.199999809265137,1429.0,76.0,75,7355,31,187.9,False,False,False,530.8,364.0
83,0506,3,2002,2002-05-13,2.342600011825562,566.74,3.0999999046325684,1551.0,105.0,72,7889,32,187.9,False,False,False,530.8,325.0
83,0506,3,2003,2003-12-11,2.4909999847412108,526.93,3.5,1802.0,68.0,70,8403,33,187.9,False,False,False,530.8,577.0
83,0506,3,2004,2004-05-17,2.347299993038177,1095.62,2.0999999046325684,1742.0,93.0,76,8936,34,187.9,False,False,False,530.8,158.0
83,0506,4,2006,2006-06-08,2.939000010490417,534.14,4.800000190734863,1361.0,69.0,73,10182,36,193.0,False,False,False,535.9,752.0
83,0506,4,2009,2009-05-20,2.8424999713897705,698.39,2.400000095367432,1731.0,89.0,76,12097,39,193.0,False,False,False,535.9,1077.0
83,0506,5,2010,2010-10-03,1.6758999943733217,1091.01,4.199999809265137,1544.0,50.0,77,12767,40,200.6,False,False,False,543.5,501.0
83,0506,5,2011,2011-08-12,1.801800000667572,824.18,3.5999999046325684,1632.0,74.0,75,13409,41,200.6,False,False,False,543.5,313.0
83,0506,5,2012,2012-08-11,1.7950000047683716,621.59,5.199999809265137,1327.0,75.0,70,14109,42,200.6,False,False,False,543.5,365.0
83,0506,5,2015,2015-05-08,2.0894000053405763,737.62,4.099999904632568,1573.0,80.0,73,16332,45,200.6,False,False,False,543.5,1000.0
83,0506,5,2017,2017-04-26,2.091699957847595,614.76,3.5999999046325684,1684.0,73.0,72,18174,47,200.6,False,False,False,543.5,719.0
83,0507,2,1989,1989-10-20,0.6864999949932098,638.36,1.600000023841858,2315.0,64.0,71,2821,19,251.5,False,False,False,594.4,0.0
83,0507,2,1990,1990-05-25,0.739000004529953,446.76,3.200000047683716,1712.0,93.0,69,3086,20,251.5,False,False,False,594.4,217.0
83,0507,2,1991,1991-07-15,0.7069000005722046,779.27,3.200000047683716,1862.0,77.0,72,3426,21,251.5,False,False,False,594.4,416.0
83,0507,3,1993,1993-11-17,0.7337999999523163,913.77,2.299999952316284,1709.0,87.0,74,4074,23,251.5,False,False,False,594.4,856.0
83,0507,3,1994,1994-07-18,0.7007000088691712,723.1,3.299999952316284,1758.0,78.0,72,4408,24,251.5,False,False,False,594.4,243.0
83,0507,3,1997,1997-07-15,0.854799997806549,683.92,2.5999999046325684,1809.0,67.0,76,5408,27,251.5,False,False,False,594.4,1093.0
83,0507,3,1998,1998-08-30,0.9947000205516816,632.88,5.300000190734863,1227.0,76.0,74,5859,28,251.5,False,False,False,594.4,411.0
83,0507,3,1999,1999-07-09,0.9520999968051912,668.82,4.400000095367432,1228.0,98.0,73,6322,29,251.5,False,False,False,594.4,313.0
83,0507,3,2000,2000-06-23,1.065799993276596,867.35,3.0,1764.0,73.0,73,6833,30,251.5,False,False,False,594.4,350.0
83,0507,3,2001,2001-06-22,1.0918999910354614,636.28,4.199999809265137,1429.0,76.0,75,7355,31,251.5,False,False,False,594.4,364.0
83,0507,4,2002,2002-05-13,1.1000999808311462,566.74,3.0999999046325684,1551.0,105.0,72,7889,32,251.5,False,False,False,594.4,325.0
83,0507,4,2003,2003-12-11,1.2952999949455262,526.93,3.5,1802.0,68.0,70,8403,33,251.5,False,False,False,594.4,577.0
83,0507,4,2004,2004-05-17,1.1588000059127808,1095.62,2.0999999046325684,1742.0,93.0,76,8936,34,251.5,False,False,False,594.4,158.0
83,0507,5,2006,2006-06-08,1.1685999870300292,534.14,4.800000190734863,1361.0,69.0,73,10182,36,256.6,False,False,False,599.5,752.0
83,0507,5,2009,2009-05-20,1.4248000025749206,698.39,2.400000095367432,1731.0,89.0,76,12097,39,256.6,False,False,False,599.5,1077.0
83,0507,6,2010,2010-10-03,0.9690999925136564,1091.01,4.199999809265137,1544.0,50.0,77,12767,40,264.20000000000005,False,False,False,607.1,501.0
83,0507,6,2011,2011-08-12,0.9988999962806702,824.18,3.5999999046325684,1632.0,74.0,75,13409,41,264.20000000000005,False,False,False,607.1,313.0
83,0507,6,2012,2012-08-11,1.0582999885082245,621.59,5.199999809265137,1327.0,75.0,70,14109,42,264.20000000000005,False,False,False,607.1,365.0
83,0507,6,2015,2015-05-08,1.1164000034332275,737.62,4.099999904632568,1573.0,80.0,73,16332,45,264.20000000000005,False,False,False,607.1,1000.0
83,0507,6,2017,2017-04-26,1.0910999894142153,614.76,3.5999999046325684,1684.0,73.0,72,18174,47,264.20000000000005,False,False,False,607.1,719.0
83,0508,2,1989,1989-10-19,0.8111999988555909,638.36,1.600000023841858,2315.0,64.0,71,2821,19,246.4,False,False,False,548.7,0.0
83,0508,2,1990,1990-05-25,0.8314999938011169,446.76,3.200000047683716,1712.0,93.0,69,3086,20,246.4,False,False,False,548.7,218.0
83,0508,2,1991,1991-07-15,0.8408999979496002,779.27,3.200000047683716,1862.0,77.0,72,3426,21,246.4,False,False,False,548.7,416.0
83,0508,2,1992,1992-08-26,0.8201999962329865,650.86,2.400000095367432,1628.0,71.0,76,3767,22,246.4,False,False,False,548.7,408.0
83,0508,3,1993,1993-11-17,0.8192000031471253,913.77,2.299999952316284,1709.0,87.0,74,4074,23,246.4,False,False,False,548.7,448.0
83,0508,3,1994,1994-07-18,0.7792999923229218,723.1,3.299999952316284,1758.0,78.0,72,4408,24,246.4,False,False,False,548.7,243.0
83,0508,3,1997,1997-07-15,0.9234999895095826,683.92,2.5999999046325684,1809.0,67.0,76,5408,27,246.4,False,False,False,548.7,1093.0
83,0508,3,1998,1998-08-30,0.9481000006198884,632.88,5.300000190734863,1227.0,76.0,74,5859,28,246.4,False,False,False,548.7,411.0
83,0508,3,1999,1999-07-09,0.9708999812602996,668.82,4.400000095367432,1228.0,98.0,73,6322,29,246.4,False,False,False,548.7,313.0
83,0508,3,2000,2000-06-23,1.017299997806549,867.35,3.0,1764.0,73.0,73,6833,30,246.4,False,False,False,548.7,350.0
83,0508,3,2001,2001-06-22,1.0796000003814696,636.28,4.199999809265137,1429.0,76.0,75,7355,31,246.4,False,False,False,548.7,364.0
83,0508,4,2002,2002-05-13,1.2916000127792358,566.74,3.0999999046325684,1551.0,105.0,72,7889,32,246.4,False,False,False,548.7,325.0
83,0508,4,2003,2003-12-11,1.39469997882843,526.93,3.5,1802.0,68.0,70,8403,33,246.4,False,False,False,548.7,577.0
83,0508,4,2004,2004-05-17,1.116599988937378,1095.62,2.0999999046325684,1742.0,93.0,76,8936,34,246.4,False,False,False,548.7,158.0
83,0508,5,2006,2006-06-08,1.1998000144958496,534.14,4.800000190734863,1361.0,69.0,73,10182,36,251.5,False,False,False,553.8,752.0
83,0508,5,2009,2009-05-20,1.254700005054474,698.39,2.400000095367432,1731.0,89.0,76,12097,39,251.5,False,False,False,553.8,1077.0
83,0508,6,2010,2010-10-03,0.9239000022411346,1091.01,4.199999809265137,1544.0,50.0,77,12767,40,259.1,False,False,False,561.4,501.0
83,0508,6,2011,2011-08-12,0.9603999972343444,824.18,3.5999999046325684,1632.0,74.0,75,13409,41,259.1,False,False,False,561.4,313.0
83,0508,6,2012,2012-08-11,0.9962000131607056,621.59,5.199999809265137,1327.0,75.0,70,14109,42,259.1,False,False,False,561.4,365.0
83,0508,6,2015,2015-05-08,0.995000010728836,737.62,4.099999904632568,1573.0,80.0,73,16332,45,259.1,False,False,False,561.4,1000.0
83,0508,6,2017,2017-04-26,1.0277000188827514,614.76,3.5999999046325684,1684.0,73.0,72,18174,47,259.1,False,False,False,561.4,719.0
83,0509,2,1989,1989-10-19,0.990200001001358,638.36,1.600000023841858,2315.0,64.0,71,2821,19,195.6,False,False,False,497.9,0.0
83,0509,2,1990,1990-05-25,1.0073000073432925,446.76,3.200000047683716,1712.0,93.0,69,3086,20,195.6,False,False,False,497.9,218.0
83,0509,2,1991,1991-07-15,1.002700001001358,779.27,3.200000047683716,1862.0,77.0,72,3426,21,195.6,False,False,False,497.9,416.0
83,0509,2,1992,1992-08-26,1.0182999968528748,650.86,2.400000095367432,1628.0,71.0,76,3767,22,195.6,False,False,False,497.9,408.0
83,0509,3,1993,1993-11-17,1.0267999947071076,913.77,2.299999952316284,1709.0,87.0,74,4074,23,195.6,False,False,False,497.9,448.0
83,0509,3,1994,1994-07-18,1.066799986362457,723.1,3.299999952316284,1758.0,78.0,72,4408,24,195.6,False,False,False,497.9,243.0
83,0509,3,1995,1995-04-29,1.3955000042915344,742.53,2.200000047683716,2075.0,72.0,73,4722,25,195.6,False,False,False,497.9,285.0
83,0509,3,1997,1997-07-15,1.2590999960899354,683.92,2.5999999046325684,1809.0,67.0,76,5408,27,195.6,False,False,False,497.9,808.0
83,0509,3,1998,1998-08-30,1.3102000117301942,632.88,5.300000190734863,1227.0,76.0,74,5859,28,195.6,False,False,False,497.9,411.0
83,0509,3,1999,1999-07-09,1.3352999925613402,668.82,4.400000095367432,1228.0,98.0,73,6322,29,195.6,False,False,False,497.9,313.0
83,0509,3,2000,2000-06-23,1.468299996852875,867.35,3.0,1764.0,73.0,73,6833,30,195.6,False,False,False,497.9,350.0
83,0509,3,2001,2001-06-22,1.5630000114440918,636.28,4.199999809265137,1429.0,76.0,75,7355,31,195.6,False,False,False,497.9,364.0
83,0509,3,2002,2002-05-13,1.744599997997284,566.74,3.0999999046325684,1551.0,105.0,72,7889,32,195.6,False,False,False,497.9,325.0
83,0509,3,2003,2003-12-11,1.8953000068664552,526.93,3.5,1802.0,68.0,70,8403,33,195.6,False,False,False,497.9,577.0
83,0509,3,2004,2004-05-17,1.862600004673004,1095.62,2.0999999046325684,1742.0,93.0,76,8936,34,195.6,False,False,False,497.9,158.0
83,0509,4,2006,2006-06-08,2.18420000076294,534.14,4.800000190734863,1361.0,69.0,73,10182,36,200.7,False,False,False,503.0,752.0
83,0509,4,2009,2009-05-20,2.2295999884605404,698.39,2.400000095367432,1731.0,89.0,76,12097,39,200.7,False,False,False,503.0,1077.0
83,0509,5,2010,2010-10-03,1.3323999881744384,1091.01,4.199999809265137,1544.0,50.0,77,12767,40,208.3,False,False,False,510.6,501.0
83,0509,5,2011,2011-08-12,1.3847000002861023,824.18,3.5999999046325684,1632.0,74.0,75,13409,41,208.3,False,False,False,510.6,313.0
83,0509,5,2012,2012-08-11,1.4379999876022338,621.59,5.199999809265137,1327.0,75.0,70,14109,42,208.3,False,False,False,510.6,365.0
83,0509,5,2015,2015-05-08,1.6907999992370606,737.62,4.099999904632568,1573.0,80.0,73,16332,45,208.3,False,False,False,510.6,1000.0
83,0509,5,2017,2017-04-26,1.7703999996185302,614.76,3.5999999046325684,1684.0,73.0,72,18174,47,208.3,False,False,False,510.6,719.0
83,1801,1,1989,1989-10-21,1.3914999842643736,411.41,2.5,2089.0,73.0,64,1441,6,111.8,False,False,False,589.3,0.0
83,1801,1,1990,1990-05-27,1.4180999994277954,387.97,3.200000047683716,1676.0,102.0,65,1717,7,111.8,False,False,False,589.3,218.0
83,1801,1,1991,1991-07-16,1.4495999932289123,575.16,3.200000047683716,1762.0,81.0,69,2072,8,111.8,False,False,False,589.3,415.0
83,1801,1,1992,1992-08-27,1.4217000007629397,489.54,3.0999999046325684,1399.0,95.0,70,2497,9,111.8,False,False,False,589.3,408.0
83,1801,1,1993,1993-11-18,1.5070999741554258,624.78,2.700000047683716,1523.0,98.0,70,2965,10,111.8,False,False,False,589.3,448.0
83,1801,1,1994,1994-04-28,1.4743333379427592,437.41,3.200000047683716,1755.0,78.0,67,3399,11,111.8,False,False,False,589.3,161.0
83,1801,1,1995,1995-03-11,1.561599999666214,525.08,2.0999999046325684,2018.0,77.0,70,3716,12,111.8,False,False,False,589.3,317.0
83,1801,2,1995,1995-06-25,1.5905000090599062,525.08,2.0999999046325684,2018.0,77.0,70,3716,12,111.8,False,False,False,589.3,106.0
83,1801,3,1997,1997-05-25,1.6150750011205672,575.72,3.5,1623.0,79.0,69,4389,14,111.8,False,False,False,589.3,700.0
83,1801,3,1998,1998-08-29,1.7449000000953674,659.76,4.5,1416.0,65.0,71,4947,15,111.8,False,False,False,589.3,461.0
83,1801,3,1999,1999-09-24,1.7819999992847442,585.59,4.300000190734863,1208.0,101.0,71,5465,16,111.8,False,False,False,589.3,391.0
83,1801,3,2000,2000-03-12,2.067700004577637,643.77,2.5999999046325684,1799.0,74.0,70,6022,17,111.8,False,False,False,589.3,170.0
83,1801,4,2000,2000-08-07,2.0927000045776367,643.77,2.5999999046325684,1799.0,74.0,70,6022,17,111.8,False,False,False,589.3,148.0
83,1801,4,2001,2001-05-09,2.1565500140190124,404.36,4.300000190734863,1354.0,81.0,70,6652,18,111.8,False,False,False,589.3,275.0
83,1801,5,2001,2001-10-23,1.936800026893616,404.36,4.300000190734863,1354.0,81.0,70,6652,18,111.8,False,False,False,589.3,167.0
83,1801,5,2002,2002-07-22,2.106924998760223,506.36,3.299999952316284,1432.0,109.0,67,7324,19,111.8,False,False,False,589.3,272.0
83,1801,5,2003,2003-08-05,2.483600016434987,392.98,3.5,1818.0,59.0,66,8007,20,111.8,False,False,False,589.3,379.0
83,1801,5,2004,2004-05-04,2.3560999989509583,771.47,2.5999999046325684,1580.0,106.0,71,8737,21,111.8,False,False,False,589.3,273.0
83,6450,2,1989,1989-10-18,0.8011250123381615,638.36,1.600000023841858,2315.0,64.0,71,2821,19,266.7,False,False,False,490.2,0.0
83,6450,2,1990,1990-05-25,0.8033750057220459,446.76,3.200000047683716,1712.0,93.0,69,3086,20,266.7,False,False,False,490.2,219.0
83,6450,2,1991,1991-07-15,0.8208999991416931,779.27,3.200000047683716,1862.0,77.0,72,3426,21,266.7,False,False,False,490.2,416.0
83,6450,2,1992,1992-08-26,0.8013999938964844,650.86,2.400000095367432,1628.0,71.0,76,3767,22,266.7,False,False,False,490.2,408.0
83,6450,3,1993,1993-11-17,0.8200999915599823,913.77,2.299999952316284,1709.0,87.0,74,4074,23,266.7,False,False,False,490.2,448.0
83,6450,3,1994,1994-07-18,0.8017999947071075,723.1,3.299999952316284,1758.0,78.0,72,4408,24,266.7,False,False,False,490.2,243.0
83,6450,3,1995,1995-04-29,0.8651999950408935,742.53,2.200000047683716,2075.0,72.0,73,4722,25,266.7,False,False,False,490.2,285.0
83,6450,3,1997,1997-07-15,0.8886000037193298,683.92,2.5999999046325684,1809.0,67.0,76,5408,27,266.7,False,False,False,490.2,808.0
83,6450,3,1998,1998-08-30,0.8877000033855438,632.88,5.300000190734863,1227.0,76.0,74,5859,28,266.7,False,False,False,490.2,411.0
83,6450,3,1999,1999-07-09,0.9290999948978425,668.82,4.400000095367432,1228.0,98.0,73,6322,29,266.7,False,False,False,490.2,313.0
83,6450,3,2000,2000-06-23,0.95900000333786,867.35,3.0,1764.0,73.0,73,6833,30,266.7,False,False,False,490.2,350.0
83,6450,3,2001,2001-06-22,0.9458000004291534,636.28,4.199999809265137,1429.0,76.0,75,7355,31,266.7,False,False,False,490.2,364.0
83,6450,4,2002,2002-05-13,0.9101999878883362,566.74,3.0999999046325684,1551.0,105.0,72,7889,32,266.7,False,False,False,490.2,325.0
83,6450,4,2004,2004-05-06,1.0625,1095.62,2.0999999046325684,1742.0,93.0,76,8936,34,266.7,False,False,False,490.2,724.0
83,6450,5,2007,2007-09-25,1.2140999913215638,968.75,3.200000047683716,1846.0,57.0,75,10848,37,274.3,False,False,False,497.8,1237.0
83,6450,5,2009,2009-05-20,1.218400001525879,698.39,2.400000095367432,1731.0,89.0,76,12097,39,274.3,False,False,False,497.8,603.0
83,6450,6,2010,2010-10-03,0.8450999975204467,1091.01,4.199999809265137,1544.0,50.0,77,12767,40,281.9,False,False,False,505.4,501.0
83,6450,6,2011,2011-08-12,0.8577000021934509,824.18,3.5999999046325684,1632.0,74.0,75,13409,41,281.9,False,False,False,505.4,313.0
83,6450,6,2012,2012-08-11,0.8878000020980835,621.59,5.199999809265137,1327.0,75.0,70,14109,42,281.9,False,False,False,505.4,365.0
83,6450,6,2015,2015-05-08,0.9173999845981596,737.62,4.099999904632568,1573.0,80.0,73,16332,45,281.9,False,False,False,505.4,1000.0
83,6450,6,2017,2017-04-26,1.000400000810623,614.76,3.5999999046325684,1684.0,73.0,72,18174,47,281.9,False,False,False,505.4,719.0
83,6451,2,1989,1989-10-18,1.081750012934208,638.36,1.600000023841858,2315.0,64.0,71,2821,19,172.7,False,False,False,388.6,0.0
83,6451,2,1990,1990-05-25,1.064199984073639,446.76,3.200000047683716,1712.0,93.0,69,3086,20,172.7,False,False,False,388.6,219.0
83,6451,2,1991,1991-07-15,0.988299995660782,779.27,3.200000047683716,1862.0,77.0,72,3426,21,172.7,False,False,False,388.6,416.0
83,6451,2,1992,1992-08-26,1.1022999942302705,650.86,2.400000095367432,1628.0,71.0,76,3767,22,172.7,False,False,False,388.6,408.0
83,6451,3,1993,1993-11-17,1.0043999910354615,913.77,2.299999952316284,1709.0,87.0,74,4074,23,172.7,False,False,False,388.6,448.0
83,6451,3,1994,1994-07-18,1.0117000102996827,723.1,3.299999952316284,1758.0,78.0,72,4408,24,172.7,False,False,False,388.6,243.0
83,6451,3,1995,1995-04-29,1.322100007534027,742.53,2.200000047683716,2075.0,72.0,73,4722,25,172.7,False,False,False,388.6,285.0
83,6451,3,1997,1997-07-15,1.129100000858307,683.92,2.5999999046325684,1809.0,67.0,76,5408,27,172.7,False,False,False,388.6,808.0
83,6451,3,1998,1998-08-30,1.1296000003814697,632.88,5.300000190734863,1227.0,76.0,74,5859,28,172.7,False,False,False,388.6,411.0
83,6451,3,1999,1999-07-09,1.2501999974250793,668.82,4.400000095367432,1228.0,98.0,73,6322,29,172.7,False,False,False,388.6,313.0
83,6451,3,2000,2000-06-23,1.2396999835968017,867.35,3.0,1764.0,73.0,73,6833,30,172.7,False,False,False,388.6,350.0
83,6451,3,2001,2001-06-22,1.2332000136375427,636.28,4.199999809265137,1429.0,76.0,75,7355,31,172.7,False,False,False,388.6,364.0
83,6451,4,2002,2002-05-13,1.33400000333786,566.74,3.0999999046325684,1551.0,105.0,72,7889,32,172.7,False,False,False,388.6,325.0
83,6451,4,2004,2004-05-06,1.5824000120162964,1095.62,2.0999999046325684,1742.0,93.0,76,8936,34,172.7,False,False,False,388.6,724.0
83,6451,5,2007,2007-09-25,1.924399995803833,968.75,3.200000047683716,1846.0,57.0,75,10848,37,180.3,False,False,False,396.2,1237.0
83,6451,5,2009,2009-05-20,1.7970999956130982,698.39,2.400000095367432,1731.0,89.0,76,12097,39,180.3,False,False,False,396.2,603.0
83,6451,6,2010,2010-10-03,1.1335999965667725,1091.01,4.199999809265137,1544.0,50.0,77,12767,40,187.9,False,False,False,403.8,501.0
83,6451,6,2011,2011-08-12,1.2034999847412111,824.18,3.5999999046325684,1632.0,74.0,75,13409,41,187.9,False,False,False,403.8,313.0
83,6451,6,2012,2012-08-11,1.232199990749359,621.59,5.199999809265137,1327.0,75.0,70,14109,42,187.9,False,False,False,403.8,365.0
83,6451,6,2015,2015-05-08,1.407599997520447,737.62,4.099999904632568,1573.0,80.0,73,16332,45,187.9,False,False,False,403.8,1000.0
83,6451,6,2017,2017-04-26,1.554199993610382,614.76,3.5999999046325684,1684.0,73.0,72,18174,47,187.9,False,False,False,403.8,719.0
83,6454,1,1989,1989-10-20,1.8782999992370604,436.22,2.5,2177.0,66.0,65,3196,13,78.7,False,True,False,274.3,0.0
83,6454,1,1990,1990-05-27,2.685599994659424,409.89,3.400000095367432,1719.0,91.0,66,3523,14,78.7,False,True,False,274.3,219.0
83,6454,2,1991,1991-07-16,2.2086000084877018,701.43,3.5999999046325684,1793.0,75.0,69,3890,15,78.7,False,True,False,274.3,415.0
83,6454,4,1992,1992-08-27,2.453700029850006,461.65,3.200000047683716,1514.0,77.0,71,4309,16,91.4,False,True,False,287.0,408.0
83,6454,6,1993,1993-11-18,2.3880999803543093,641.56,3.0,1567.0,78.0,69,4781,17,91.4,False,True,False,287.0,448.0
83,6454,6,1994,1994-07-18,2.8302000522613526,479.83,3.900000095367432,1722.0,76.0,66,5326,18,91.4,False,True,False,287.0,242.0
83,6454,9,1995,1995-06-25,2.1475000143051144,570.56,2.5,2052.0,65.0,70,5868,19,91.4,False,True,False,287.0,342.0
83,6454,10,1997,1997-07-14,3.157599997520447,688.94,3.400000095367432,1712.0,69.0,71,6808,21,91.4,False,True,False,287.0,750.0
83,6454,12,1998,1998-08-29,0.8171999990940094,703.24,5.0,1381.0,55.0,72,7328,22,127.0,False,True,False,322.6,411.0
83,6454,13,1999,1999-07-10,0.8455999910831451,632.86,4.699999809265137,1250.0,91.0,71,8183,23,127.0,False,True,False,322.6,315.0
83,6454,13,2000,2000-06-24,1.013400000333786,732.14,2.700000047683716,1886.0,65.0,71,9005,24,127.0,False,True,False,322.6,350.0
83,6454,13,2001,2001-06-21,1.1995999932289123,478.3,4.699999809265137,1363.0,73.0,72,9833,25,127.0,False,True,False,322.6,362.0
83,6454,13,2002,2002-05-13,1.2462000012397767,419.82,3.700000047683716,1459.0,99.0,66,10696,26,127.0,False,True,False,322.6,326.0
83,6454,13,2004,2004-05-05,1.584599995613098,823.92,2.700000047683716,1649.0,95.0,72,12399,28,127.0,False,True,False,322.6,723.0
83,6454,14,2007,2007-09-26,1.5444000005722045,665.04,3.700000047683716,1764.0,49.0,71,15289,31,134.60000000000002,False,True,False,330.2,1239.0
83,6454,14,2009,2009-05-21,1.7559999823570251,681.81,2.700000047683716,1737.0,88.0,73,17299,33,134.60000000000002,False,True,False,330.2,603.0
83,6454,14,2010,2010-10-03,1.8557999730110168,964.9,4.400000095367432,1531.0,45.0,73,18304,34,134.60000000000002,False,True,False,330.2,500.0
83,6454,14,2011,2011-08-13,1.901200008392334,697.9,4.0,1588.0,79.0,71,19311,35,134.60000000000002,False,True,False,330.2,314.0
83,6454,15,2012,2012-08-10,1.696299982070923,613.48,5.400000095367432,1316.0,78.0,67,20224,36,134.60000000000002,False,True,False,330.2,363.0
83,6454,15,2015,2015-06-04,2.3229000091552736,608.4,4.900000095367432,1488.0,69.0,68,23345,39,134.60000000000002,False,True,False,330.2,1028.0
83,A310,1,1990,1990-05-27,1.4462999939918515,387.97,3.200000047683716,1676.0,102.0,65,1717,7,149.89999999999998,False,False,False,627.4,0.0
83,A310,3,1991,1991-07-16,1.1313999891281128,575.16,3.200000047683716,1762.0,81.0,69,2072,8,175.3,False,False,False,652.8,415.0
83,A310,3,1992,1992-08-27,1.0968000054359437,489.54,3.0999999046325684,1399.0,95.0,70,2497,9,175.3,False,False,False,652.8,408.0
83,A310,3,1993,1993-11-18,1.110200011730194,624.78,2.700000047683716,1523.0,98.0,70,2965,10,175.3,False,False,False,652.8,448.0
83,A310,3,1994,1994-05-04,1.142350000143051,437.41,3.200000047683716,1755.0,78.0,67,3399,11,175.3,False,False,False,652.8,167.0
83,A310,3,1995,1995-04-27,1.3909000039100647,525.08,2.0999999046325684,2018.0,77.0,70,3716,12,175.3,False,False,False,652.8,358.0
83,A310,3,1997,1997-04-24,1.3788999915122986,575.72,3.5,1623.0,79.0,69,4389,14,175.3,False,False,False,652.8,728.0
83,A310,3,1998,1998-08-29,1.3510000109672546,659.76,4.5,1416.0,65.0,71,4947,15,175.3,False,False,False,652.8,492.0
83,A310,3,1999,1999-07-10,1.3746999979019163,585.59,4.300000190734863,1208.0,101.0,71,5465,16,175.3,False,False,False,652.8,315.0
83,A310,3,2000,2000-06-24,1.4507999777793883,643.77,2.5999999046325684,1799.0,74.0,70,6022,17,175.3,False,False,False,652.8,350.0
83,A310,3,2001,2001-06-21,1.526900005340576,404.36,4.300000190734863,1354.0,81.0,70,6652,18,175.3,False,False,False,652.8,362.0
83,A310,4,2002,2002-05-14,1.561299979686737,506.36,3.299999952316284,1432.0,109.0,67,7324,19,175.29999999999998,False,False,False,652.8,327.0
83,A310,4,2003,2003-12-12,1.3961999893188477,392.98,3.5,1818.0,59.0,66,8007,20,175.29999999999998,False,False,False,652.8,577.0
83,A310,4,2004,2004-05-04,1.7125999927520752,771.47,2.5999999046325684,1580.0,106.0,71,8737,21,175.29999999999998,False,False,False,652.8,144.0
83,A320,1,1990,1990-05-27,1.7243999958038332,387.97,3.200000047683716,1676.0,102.0,65,1717,7,155.0,False,False,False,632.5,0.0
83,A320,2,1991,1991-07-16,1.6953999996185305,575.16,3.200000047683716,1762.0,81.0,69,2072,8,165.2,False,False,False,642.7,415.0
83,A320,2,1992,1992-08-27,1.5333000063896178,489.54,3.0999999046325684,1399.0,95.0,70,2497,9,165.2,False,False,False,642.7,408.0
83,A320,2,1994,1994-05-04,1.684599995613098,437.41,3.200000047683716,1755.0,78.0,67,3399,11,165.2,False,False,False,642.7,615.0
83,A320,2,1995,1995-04-27,1.9033000111579887,525.08,2.0999999046325684,2018.0,77.0,70,3716,12,165.2,False,False,False,642.7,358.0
83,A320,2,1997,1997-04-24,2.245999979972839,575.72,3.5,1623.0,79.0,69,4389,14,165.2,False,False,False,642.7,728.0
83,A320,3,1998,1998-08-29,2.280400002002716,659.76,4.5,1416.0,65.0,71,4947,15,165.2,False,False,False,642.7,492.0
83,A320,3,1999,1999-07-10,2.294399988651276,585.59,4.300000190734863,1208.0,101.0,71,5465,16,165.2,False,False,False,642.7,315.0
83,A320,3,2000,2000-06-24,2.479100012779236,643.77,2.5999999046325684,1799.0,74.0,70,6022,17,165.2,False,False,False,642.7,350.0
83,A320,3,2001,2001-06-21,2.896799969673157,404.36,4.300000190734863,1354.0,81.0,70,6652,18,165.2,False,False,False,642.7,362.0
83,A320,4,2002,2002-05-14,2.687199974060059,506.36,3.299999952316284,1432.0,109.0,67,7324,19,165.2,False,False,False,642.7,327.0
83,A320,4,2003,2003-12-12,2.5534000158309937,392.98,3.5,1818.0,59.0,66,8007,20,165.2,False,False,False,642.7,577.0
83,A320,4,2004,2004-05-04,2.7453999757766723,771.47,2.5999999046325684,1580.0,106.0,71,8737,21,165.2,False,False,False,642.7,144.0
83,A330,1,1990,1990-05-27,1.367799997329712,387.97,3.200000047683716,1676.0,102.0,65,1717,7,111.8,False,False,False,589.3,0.0
83,A330,2,1991,1991-07-16,1.443099999427795,575.16,3.200000047683716,1762.0,81.0,69,2072,8,111.8,False,False,False,589.3,415.0
83,A330,2,1992,1992-08-27,1.4395999908447266,489.54,3.0999999046325684,1399.0,95.0,70,2497,9,111.8,False,False,False,589.3,408.0
83,A330,2,1993,1993-11-18,1.551999998092651,624.78,2.700000047683716,1523.0,98.0,70,2965,10,111.8,False,False,False,589.3,448.0
83,A330,3,1994,1994-07-18,1.5670999884605408,437.41,3.200000047683716,1755.0,78.0,67,3399,11,111.8,False,False,False,589.3,242.0
83,A330,3,1995,1995-04-27,1.679700005054474,525.08,2.0999999046325684,2018.0,77.0,70,3716,12,111.8,False,False,False,589.3,283.0
83,A330,3,1997,1997-04-24,2.225500011444092,575.72,3.5,1623.0,79.0,69,4389,14,111.8,False,False,False,589.3,728.0
83,A330,4,1998,1998-08-29,2.257499980926513,659.76,4.5,1416.0,65.0,71,4947,15,111.8,False,False,False,589.3,492.0
83,A330,4,1999,1999-07-10,2.2598000049591063,585.59,4.300000190734863,1208.0,101.0,71,5465,16,111.8,False,False,False,589.3,315.0
83,A330,4,2000,2000-06-24,2.5841000318527225,643.77,2.5999999046325684,1799.0,74.0,70,6022,17,111.8,False,False,False,589.3,350.0
83,A330,4,2001,2001-06-21,3.1007000207901,404.36,4.300000190734863,1354.0,81.0,70,6652,18,111.8,False,False,False,589.3,362.0
83,A330,5,2002,2002-05-14,2.999899983406067,506.36,3.299999952316284,1432.0,109.0,67,7324,19,111.8,False,False,False,589.3,327.0
83,A330,5,2003,2003-12-12,2.969700026512146,392.98,3.5,1818.0,59.0,66,8007,20,111.8,False,False,False,589.3,577.0
83,A330,5,2004,2004-05-04,3.061199998855591,771.47,2.5999999046325684,1580.0,106.0,71,8737,21,111.8,False,False,False,589.3,144.0
83,A331,1,1990,1990-05-27,1.7217999935150146,387.97,3.200000047683716,1676.0,102.0,65,1717,7,111.8,False,False,False,589.3,0.0
83,A331,2,1991,1991-07-16,1.6900999903678895,575.16,3.200000047683716,1762.0,81.0,69,2072,8,111.8,False,False,False,589.3,415.0
83,A331,2,1992,1992-08-27,1.6590999960899353,489.54,3.0999999046325684,1399.0,95.0,70,2497,9,111.8,False,False,False,589.3,408.0
83,A331,2,1993,1993-11-18,1.7878000140190125,624.78,2.700000047683716,1523.0,98.0,70,2965,10,111.8,False,False,False,589.3,448.0
83,A331,2,1994,1994-05-04,1.7851999938488006,437.41,3.200000047683716,1755.0,78.0,67,3399,11,111.8,False,False,False,589.3,167.0
83,A331,2,1995,1995-04-27,1.957899987697601,525.08,2.0999999046325684,2018.0,77.0,70,3716,12,111.8,False,False,False,589.3,358.0
83,A331,2,1997,1997-04-24,2.4160999774932863,575.72,3.5,1623.0,79.0,69,4389,14,111.8,False,False,False,589.3,728.0
83,A331,2,1998,1998-08-29,2.242200016975403,659.76,4.5,1416.0,65.0,71,4947,15,111.8,False,False,False,589.3,492.0
83,A331,2,1999,1999-07-10,2.2448999881744385,585.59,4.300000190734863,1208.0,101.0,71,5465,16,111.8,False,False,False,589.3,315.0
83,A331,2,2000,2000-06-24,2.49670000076294,643.77,2.5999999046325684,1799.0,74.0,70,6022,17,111.8,False,False,False,589.3,350.0
83,A331,2,2001,2001-06-21,2.7458999872207643,404.36,4.300000190734863,1354.0,81.0,70,6652,18,111.8,False,False,False,589.3,362.0
83,A331,3,2002,2002-05-14,2.934499979019165,506.36,3.299999952316284,1432.0,109.0,67,7324,19,111.8,False,False,False,589.3,327.0
83,A331,3,2003,2003-12-12,2.200600016117096,392.98,3.5,1818.0,59.0,66,8007,20,111.8,False,False,False,589.3,577.0
83,A331,3,2004,2004-05-04,2.6226000070571898,771.47,2.5999999046325684,1580.0,106.0,71,8737,21,111.8,False,False,False,589.3,144.0
83,A340,1,1990,1990-05-27,1.198799991607666,387.97,3.200000047683716,1676.0,102.0,65,1717,7,111.8,False,False,False,589.3,0.0
83,A340,1,1991,1991-07-16,1.2500000119209291,575.16,3.200000047683716,1762.0,81.0,69,2072,8,111.8,False,False,False,589.3,415.0
83,A340,1,1992,1992-08-27,1.2924000024795532,489.54,3.0999999046325684,1399.0,95.0,70,2497,9,111.8,False,False,False,589.3,408.0
83,A340,1,1993,1993-11-18,1.346399998664856,624.78,2.700000047683716,1523.0,98.0,70,2965,10,111.8,False,False,False,589.3,448.0
83,A340,1,1994,1994-07-18,1.421399986743927,437.41,3.200000047683716,1755.0,78.0,67,3399,11,111.8,False,False,False,589.3,242.0
83,A340,1,1995,1995-04-27,1.8418999791145323,525.08,2.0999999046325684,2018.0,77.0,70,3716,12,111.8,False,False,False,589.3,283.0
83,A340,1,1997,1997-04-24,2.5174999952316286,575.72,3.5,1623.0,79.0,69,4389,14,111.8,False,False,False,589.3,728.0
83,A340,2,1998,1998-08-29,2.2676999807357787,659.76,4.5,1416.0,65.0,71,4947,15,111.8,False,False,False,589.3,492.0
83,A340,2,1999,1999-07-10,2.1031999707221987,585.59,4.300000190734863,1208.0,101.0,71,5465,16,111.8,False,False,False,589.3,315.0
83,A340,2,2000,2000-06-24,2.6939000248909,643.77,2.5999999046325684,1799.0,74.0,70,6022,17,111.8,False,False,False,589.3,350.0
83,A340,2,2001,2001-06-21,3.2310999870300297,404.36,4.300000190734863,1354.0,81.0,70,6652,18,111.8,False,False,False,589.3,362.0
83,A340,3,2002,2002-05-14,1.5170000076293946,506.36,3.299999952316284,1432.0,109.0,67,7324,19,111.8,False,False,False,589.3,327.0
83,A340,3,2003,2003-12-12,1.5310999989509582,392.98,3.5,1818.0,59.0,66,8007,20,111.8,False,False,False,589.3,577.0
83,A340,3,2004,2004-05-04,1.7647000312805177,771.47,2.5999999046325684,1580.0,106.0,71,8737,21,111.8,False,False,False,589.3,144.0
83,A350,1,1990,1990-05-27,1.5126000046730042,387.97,3.200000047683716,1676.0,102.0,65,1717,7,121.9,False,False,False,599.4,0.0
83,A350,2,1991,1991-07-16,1.5491999983787537,575.16,3.200000047683716,1762.0,81.0,69,2072,8,132.1,False,False,False,609.6,415.0
83,A350,2,1992,1992-08-27,1.5271999835968018,489.54,3.0999999046325684,1399.0,95.0,70,2497,9,132.1,False,False,False,609.6,408.0
83,A350,2,1993,1993-11-18,1.7133000016212463,624.78,2.700000047683716,1523.0,98.0,70,2965,10,132.1,False,False,False,609.6,448.0
83,A350,2,1994,1994-07-18,1.6098999977111816,437.41,3.200000047683716,1755.0,78.0,67,3399,11,132.1,False,False,False,609.6,242.0
83,A350,2,1995,1995-04-27,2.0287000060081484,525.08,2.0999999046325684,2018.0,77.0,70,3716,12,132.1,False,False,False,609.6,283.0
83,A350,2,1997,1997-04-24,2.3818000078201296,575.72,3.5,1623.0,79.0,69,4389,14,132.1,False,False,False,609.6,728.0
83,A350,2,1998,1998-08-29,2.337999999523163,659.76,4.5,1416.0,65.0,71,4947,15,132.1,False,False,False,609.6,492.0
83,A350,2,1999,1999-07-10,2.009299993515014,585.59,4.300000190734863,1208.0,101.0,71,5465,16,132.1,False,False,False,609.6,315.0
83,A350,2,2000,2000-06-24,2.552800011634827,643.77,2.5999999046325684,1799.0,74.0,70,6022,17,132.1,False,False,False,609.6,350.0
83,A350,2,2001,2001-06-21,2.8292999982833864,404.36,4.300000190734863,1354.0,81.0,70,6652,18,132.1,False,False,False,609.6,362.0
83,A350,3,2002,2002-05-14,3.0174999713897703,506.36,3.299999952316284,1432.0,109.0,67,7324,19,132.1,False,False,False,609.6,327.0
83,A350,3,2003,2003-12-12,2.84469997882843,392.98,3.5,1818.0,59.0,66,8007,20,132.1,False,False,False,609.6,577.0
83,A350,3,2004,2004-05-04,3.366900038719177,771.47,2.5999999046325684,1580.0,106.0,71,8737,21,132.1,False,False,False,609.6,144.0
83,A351,1,1990,1990-05-27,1.4199999809265136,387.97,3.200000047683716,1676.0,102.0,65,1717,7,99.1,False,False,False,576.6,0.0
83,A351,3,1991,1991-07-16,1.5389999866485595,575.16,3.200000047683716,1762.0,81.0,69,2072,8,109.3,False,False,False,586.8,415.0
83,A351,3,1992,1992-08-27,1.5215999960899351,489.54,3.0999999046325684,1399.0,95.0,70,2497,9,109.3,False,False,False,586.8,408.0
83,A351,3,1993,1993-11-18,1.486299991607666,624.78,2.700000047683716,1523.0,98.0,70,2965,10,109.3,False,False,False,586.8,448.0
83,A351,3,1994,1994-07-18,1.5392000079154968,437.41,3.200000047683716,1755.0,78.0,67,3399,11,109.3,False,False,False,586.8,242.0
83,A351,3,1995,1995-04-27,1.7919999718666078,525.08,2.0999999046325684,2018.0,77.0,70,3716,12,109.3,False,False,False,586.8,283.0
83,A351,3,1997,1997-04-24,1.912299990653992,575.72,3.5,1623.0,79.0,69,4389,14,109.3,False,False,False,586.8,728.0
83,A351,3,1998,1998-08-29,2.015099990367889,659.76,4.5,1416.0,65.0,71,4947,15,109.3,False,False,False,586.8,492.0
83,A351,3,1999,1999-07-10,1.9998000025749203,585.59,4.300000190734863,1208.0,101.0,71,5465,16,109.3,False,False,False,586.8,315.0
83,A351,3,2000,2000-06-24,2.220300006866455,643.77,2.5999999046325684,1799.0,74.0,70,6022,17,109.3,False,False,False,586.8,350.0
83,A351,3,2001,2001-06-21,2.5782999992370605,404.36,4.300000190734863,1354.0,81.0,70,6652,18,109.3,False,False,False,586.8,362.0
83,A351,4,2002,2002-05-14,2.9002999782562258,506.36,3.299999952316284,1432.0,109.0,67,7324,19,109.3,False,False,False,586.8,327.0
83,A351,4,2003,2003-12-12,2.4837999820709227,392.98,3.5,1818.0,59.0,66,8007,20,109.3,False,False,False,586.8,577.0
83,A351,4,2004,2004-05-04,2.7091000080108643,771.47,2.5999999046325684,1580.0,106.0,71,8737,21,109.3,False,False,False,586.8,144.0
84,1684,1,1990,1990-07-20,1.4344000101089476,1494.29,5.300000190734863,886.0,103.0,84,4842,13,127.0,False,False,False,754.4,0.0
84,1684,1,1991,1991-08-20,1.4027000069618225,1393.86,5.099999904632568,1036.0,91.0,83,5473,14,127.0,False,False,False,754.4,396.0
84,1684,1,1992,1992-09-24,1.5390999913215635,1157.05,4.0,1150.0,95.0,83,5782,15,127.0,False,False,False,754.4,401.0
84,1684,1,1993,1993-08-19,1.5003999948501587,1288.12,4.400000095367432,1148.0,94.0,82,6036,16,127.0,False,False,False,754.4,329.0
84,1684,1,1995,1995-08-13,1.557099997997284,1282.87,4.900000095367432,1032.0,90.0,82,6702,18,127.0,False,False,False,754.4,724.0
84,1684,2,1997,1997-07-23,0.8197000026702881,1170.55,3.900000095367432,1228.0,76.0,83,7823,20,208.3,False,False,False,835.7,710.0
84,1684,2,1998,1998-06-20,0.810999995470047,1414.8,6.0,767.0,88.0,83,8260,21,208.3,False,False,False,835.7,332.0
84,1684,3,1999,1999-08-10,0.8196000039577485,1322.17,7.0,655.0,97.0,81,8693,22,208.3,False,False,False,835.7,416.0
84,1684,3,2001,2001-09-07,0.84099999666214,1027.74,5.800000190734863,906.0,83.0,83,9618,24,208.3,False,False,False,835.7,759.0
84,1684,3,2003,2003-09-21,0.9010999977588654,1549.21,4.800000190734863,1181.0,74.0,83,11482,26,208.3,False,False,False,835.7,744.0
84,1684,3,2004,2004-07-30,0.9385000050067902,1230.02,4.800000190734863,1013.0,87.0,81,12471,27,208.3,False,False,False,835.7,313.0
84,1684,3,2005,2005-06-15,1.026099991798401,1685.91,5.800000190734863,823.0,80.0,82,13484,28,208.3,False,False,False,835.7,320.0
84,1802,1,1989,1989-09-28,1.497100007534027,1162.13,4.0,1356.0,64.0,84,1049,10,276.90000000000003,False,True,False,812.8,0.0
84,1802,1,1990,1990-07-23,1.5606000065803527,1410.74,5.199999809265137,859.0,104.0,84,1321,11,276.90000000000003,False,True,False,812.8,298.0
84,1802,1,1991,1991-08-20,1.4772000074386598,1373.29,4.900000095367432,992.0,93.0,83,1605,12,276.90000000000003,False,True,False,812.8,393.0
84,1802,1,1992,1992-09-23,1.3521000027656551,1122.89,4.199999809265137,1077.0,96.0,81,1908,13,276.90000000000003,False,True,False,812.8,400.0
84,1802,1,1993,1993-08-23,1.4394999861717226,1338.67,4.400000095367432,1077.0,90.0,80,2219,14,276.90000000000003,False,True,False,812.8,334.0
84,1802,1,1994,1994-08-07,1.5943000078201297,1315.45,5.0,1042.0,78.0,79,2434,15,276.90000000000003,False,True,False,812.8,349.0
84,1802,1,1995,1995-08-02,1.6643999814987185,1398.21,5.199999809265137,939.0,87.0,79,2789,16,276.90000000000003,False,True,False,812.8,360.0
84,1802,1,1997,1997-07-24,1.9283999681472777,1236.21,4.300000190734863,1069.0,83.0,80,3432,18,276.90000000000003,False,True,False,812.8,722.0
84,1802,2,1998,1998-12-03,2.268899989128113,1594.65,6.099999904632568,719.0,87.0,81,3820,19,276.90000000000003,False,True,False,812.8,497.0
84,1802,2,1999,1999-07-29,2.303099977970123,1331.87,7.0,619.0,102.0,79,4237,20,276.90000000000003,False,True,False,812.8,238.0
84,1802,2,2001,2001-09-06,2.7530000686645506,983.2,5.900000095367432,850.0,80.0,81,5060,22,276.90000000000003,False,True,False,812.8,770.0
84,1802,2,2003,2003-09-23,2.935800039768219,1505.82,4.900000095367432,1122.0,75.0,83,5856,24,276.90000000000003,False,True,False,812.8,747.0
84,1802,2,2005,2005-06-29,4.2929000616073605,1506.83,5.800000190734863,763.0,72.0,82,6734,26,276.90000000000003,False,True,False,812.8,645.0
84,6804,1,1989,1989-09-27,0.9503999888896942,1288.6,3.5,1483.0,67.0,84,9831,24,155.0,False,True,False,1173.6,0.0
84,6804,1,1990,1990-07-21,0.9551999986171722,1549.05,4.800000190734863,951.0,97.0,85,10511,25,155.0,False,True,False,1173.6,297.0
84,6804,1,1991,1991-08-20,0.9465000092983248,1463.17,4.5,1107.0,90.0,84,11041,26,155.0,False,True,False,1173.6,395.0
84,6804,2,1992,1992-09-24,0.8273000001907349,1262.03,3.5999999046325684,1188.0,96.0,83,11528,27,185.5,False,True,False,1204.1,401.0
84,6804,2,1993,1993-08-18,0.9572000086307526,1401.06,3.799999952316284,1235.0,87.0,83,11946,28,185.5,False,True,False,1204.1,328.0
84,6804,2,1995,1995-08-13,1.0953999996185302,1373.8,4.400000095367432,1122.0,81.0,84,13260,30,185.5,False,True,False,1204.1,725.0
84,6804,2,1997,1997-07-23,1.0579000055789949,1272.92,3.299999952316284,1314.0,72.0,84,14660,32,185.5,False,True,False,1204.1,710.0
84,6804,2,1998,1998-06-20,1.106500005722046,1476.98,5.5,833.0,82.0,84,15489,33,185.5,False,True,False,1204.1,332.0
84,6804,3,1998,1998-11-26,0.7278999984264374,1476.98,5.5,833.0,82.0,84,15489,33,160.1,False,True,False,1178.7,159.0
84,6804,3,1999,1999-08-10,0.7764000058174133,1437.54,6.400000095367432,726.0,104.0,82,16385,34,160.1,False,True,False,1178.7,257.0
84,6804,3,2001,2001-09-08,0.9585000097751616,1053.71,5.400000095367432,952.0,82.0,83,18185,36,160.1,False,True,False,1178.7,760.0
84,6804,3,2004,2004-07-30,1.081800001859665,1268.88,4.300000190734863,1071.0,88.0,82,21185,39,160.1,False,True,False,1178.7,1056.0
85,1801,1,1989,1989-10-05,1.753599965572357,1275.4,5.0,591.0,95.0,82,2429,6,81.30000000000001,False,False,False,617.3000000000001,0.0
85,1801,1,1990,1990-07-30,2.0210999846458435,1440.07,4.800000190734863,537.0,106.0,83,2875,7,81.30000000000001,False,False,False,617.3000000000001,298.0
85,1801,1,1991,1991-08-25,2.143300008773804,1491.17,4.199999809265137,539.0,104.0,84,3343,8,81.30000000000001,False,False,False,617.3000000000001,391.0
85,1801,1,1992,1992-09-16,2.1392000198364256,1432.88,4.0,578.0,104.0,85,3817,9,81.30000000000001,False,False,False,617.3000000000001,388.0
85,1801,1,1993,1993-08-27,2.4584999799728395,1629.65,4.199999809265137,572.0,103.0,85,3984,10,81.30000000000001,False,False,False,617.3000000000001,345.0
85,1801,1,1994,1994-08-13,2.5283000230789185,1513.83,4.900000095367432,569.0,97.0,85,4430,11,81.30000000000001,False,False,False,617.3000000000001,351.0
85,1801,1,1995,1995-08-09,2.6403000116348263,1499.74,4.699999809265137,475.0,92.0,86,4863,12,81.30000000000001,False,False,False,617.3000000000001,361.0
85,1801,1,1997,1997-07-31,2.9669000148773192,1450.76,4.5,504.0,86.0,86,5573,14,81.30000000000001,False,False,False,617.3000000000001,722.0
85,1801,1,1998,1998-12-11,3.1158000230789185,1466.94,5.599999904632568,330.0,98.0,85,5968,15,81.30000000000001,False,False,False,617.3000000000001,498.0
85,1801,1,1999,1999-07-24,3.1117999792099,1488.63,6.699999809265137,206.0,108.0,85,6372,16,81.30000000000001,False,False,False,617.3000000000001,225.0
85,1801,1,2001,2001-08-29,3.308500003814697,1426.12,5.300000190734863,398.0,115.0,86,7210,18,81.30000000000001,False,False,False,617.3000000000001,767.0
85,1801,1,2003,2003-09-30,3.5197000026702883,1341.86,5.400000095367432,544.0,89.0,85,8091,20,81.30000000000001,False,False,False,617.3000000000001,762.0
85,1801,1,2005,2005-06-21,4.005000019073487,1569.52,5.800000190734863,342.0,104.0,86,9016,22,81.30000000000001,False,False,False,617.3000000000001,630.0
85,1803,1,1989,1989-10-08,1.20589998960495,1484.15,2.5,1241.0,72.0,86,2280,11,81.3,False,False,False,619.8,0.0
85,1803,1,1990,1990-07-28,1.231499981880188,1787.83,2.299999952316284,1235.0,88.0,86,2465,12,81.3,False,False,False,619.8,293.0
85,1803,2,1991,1991-08-26,1.2537999987602233,1592.45,1.899999976158142,1190.0,91.0,87,2649,13,81.3,False,False,False,619.8,394.0
85,1803,2,1992,1992-09-14,1.2238999962806705,1542.1,1.5,1318.0,89.0,86,2783,14,81.3,False,False,False,619.8,385.0
85,1803,2,1993,1993-08-26,1.2593000054359438,1701.94,1.899999976158142,1225.0,98.0,86,2912,15,81.3,False,False,False,619.8,346.0
85,1803,2,1994,1994-08-17,1.3354000091552731,1826.92,2.400000095367432,1183.0,89.0,86,3082,16,81.3,False,False,False,619.8,356.0
85,1803,2,1995,1995-08-08,1.3549999952316285,1638.99,2.900000095367432,990.0,96.0,85,3254,17,81.3,False,False,False,619.8,356.0
85,1803,2,1997,1997-07-30,1.3950999975204468,1644.67,2.0999999046325684,1153.0,78.0,87,3661,19,81.3,False,False,False,619.8,722.0
85,1803,2,1999,1999-07-22,1.4274999856948851,1552.37,4.699999809265137,627.0,113.0,85,4078,21,81.3,False,False,False,619.8,722.0
85,1803,2,2001,2001-08-30,1.5207000017166137,1184.8,3.400000095367432,951.0,74.0,87,4512,23,81.3,False,False,False,619.8,770.0
85,1803,2,2003,2003-09-28,1.6466000080108645,1598.79,3.200000047683716,1089.0,78.0,85,4992,25,81.3,False,False,False,619.8,759.0
85,1803,2,2005,2005-06-19,1.7630000114440918,1522.22,3.799999952316284,857.0,88.0,85,5531,27,81.3,False,False,False,619.8,630.0
85,1808,1,1989,1989-10-06,0.8584999978542328,1381.22,3.5999999046325684,917.0,65.0,85,993,7,81.3,False,False,False,627.4,0.0
85,1808,1,1990,1990-07-28,0.9537000060081482,1667.51,3.400000095367432,936.0,83.0,85,1193,8,81.3,False,False,False,627.4,295.0
85,1808,1,1991,1991-08-26,0.9458999991416932,1422.82,3.200000047683716,843.0,71.0,85,1407,9,81.3,False,False,False,627.4,394.0
85,1808,1,1992,1992-09-14,0.8919999957084656,1436.82,2.799999952316284,948.0,74.0,85,1528,10,81.3,False,False,False,627.4,385.0
85,1808,1,1993,1993-08-26,0.8638000011444091,1549.48,3.0999999046325684,896.0,71.0,85,1598,11,81.3,False,False,False,627.4,346.0
85,1808,1,1994,1994-08-16,0.9062999904155732,1645.7,3.5,859.0,83.0,85,1691,12,81.3,False,False,False,627.4,355.0
85,1808,1,1995,1995-08-08,0.8630999982357025,1452.48,4.0,659.0,76.0,84,1793,13,81.3,False,False,False,627.4,357.0
85,1808,1,1997,1997-07-30,0.8493000090122222,1413.21,3.5,748.0,71.0,85,2012,15,81.3,False,False,False,627.4,722.0
85,1808,1,1999,1999-07-22,0.8300000131130219,1399.07,5.800000190734863,375.0,81.0,84,2232,17,81.3,False,False,False,627.4,722.0
85,1808,1,2001,2001-08-30,0.8069999992847443,1072.73,5.0,532.0,81.0,85,2446,19,81.3,False,False,False,627.4,770.0
85,1808,1,2003,2003-09-28,0.7727000057697296,1439.6,4.300000190734863,786.0,66.0,84,2653,21,81.3,False,False,False,627.4,759.0
85,1808,1,2005,2005-06-19,0.7949999928474427,1364.87,5.0,537.0,73.0,84,2854,23,81.3,False,False,False,627.4,630.0
85,1808,1,2010,2010-09-15,0.8399999976158141,1232.08,6.099999904632568,243.0,68.0,85,3330,28,81.3,False,False,False,627.4,1914.0
85,1808,1,2013,2013-10-16,0.8396999955177307,1496.45,5.199999809265137,516.0,78.0,84,3598,31,81.3,False,False,False,627.4,1127.0
85,1808,1,2015,2015-10-02,0.8548000037670136,1351.87,4.099999904632568,743.0,76.0,83,3770,33,81.3,False,False,False,627.4,716.0
86,6802,1,1989,1989-09-30,1.337199997901917,1239.82,6.199999809265137,796.0,81.0,79,10870,18,154.9,False,False,False,612.0999999999999,0.0
86,6802,1,1990,1990-07-26,1.4289999961853028,1539.74,7.400000095367432,440.0,107.0,80,11900,19,154.9,False,False,False,612.0999999999999,299.0
86,6802,2,1991,1991-08-22,1.695300006866455,1314.31,6.900000095367432,522.0,105.0,81,12930,20,154.9,False,False,False,612.1,392.0
86,6802,2,1992,1992-09-20,1.8319000005722048,1261.98,5.699999809265137,685.0,113.0,81,13100,21,154.9,False,False,False,612.1,395.0
86,6802,2,1993,1993-08-24,2.030799996852875,1455.0,6.199999809265137,675.0,97.0,80,13292,22,154.9,False,False,False,612.1,338.0
86,6802,2,1994,1994-08-08,1.926400005817413,1295.65,6.900000095367432,646.0,78.0,80,14292,23,154.9,False,False,False,612.1,349.0
86,6802,2,1995,1995-08-12,2.202899980545044,1257.7,6.599999904632568,546.0,107.0,80,15332,24,154.9,False,False,False,612.1,369.0
86,6802,3,1997,1997-08-05,2.402100026607513,1365.29,6.0,610.0,110.0,79,17412,26,154.9,False,False,False,612.1,724.0
86,6802,4,1998,1998-12-04,2.5439000010490416,1613.53,7.400000095367432,374.0,105.0,81,18715,27,154.9,False,False,False,612.1,486.0
86,6802,4,1999,1999-07-21,2.467300009727478,1335.57,8.399999618530273,345.0,109.0,79,20080,28,154.9,False,False,False,612.1,229.0
86,6802,4,2001,2001-05-04,2.6532999992370607,1238.2,6.699999809265137,582.0,90.0,84,23128,30,154.9,False,False,False,612.1,653.0
86,6802,5,2001,2001-08-24,0.5348000019788742,1238.2,6.699999809265137,582.0,90.0,84,23128,30,221.0,False,False,False,678.2,112.0
86,6802,5,2003,2003-09-25,0.5224000036716461,1373.28,6.400000095367432,681.0,92.0,82,25682,32,221.0,False,False,False,678.2,762.0
86,6802,5,2005,2005-06-25,0.5244999945163726,1546.37,6.800000190734863,537.0,92.0,83,28362,34,221.0,False,False,False,678.2,639.0
86,6802,5,2010,2010-09-13,0.565499997138977,1471.71,8.199999809265137,293.0,91.0,83,35615,39,221.0,False,False,False,678.2,1906.0
86,6802,5,2013,2013-10-15,0.6639999985694885,1589.37,6.699999809265137,561.0,106.0,83,40346,42,221.0,False,False,False,678.2,1128.0
86,6802,6,2015,2015-10-21,0.5688999950885772,1669.1,6.099999904632568,731.0,86.0,85,43658,44,226.1,False,False,False,683.3,736.0
87,0903,1,1997,1997-08-07,0.9230000078678132,1164.94,3.900000095367432,1385.0,80.0,74,413,3,139.7,False,False,False,622.3,0.0
87,0903,1,1998,1998-10-14,0.8881000041961671,1079.28,6.900000095367432,805.0,95.0,74,863,4,139.7,False,False,False,622.3,433.0
87,0903,1,1999,1999-05-05,0.9265000104904176,1026.23,5.699999809265137,1087.0,94.0,75,1354,5,139.7,False,False,False,622.3,203.0
87,0903,1,2001,2001-11-07,0.9027999937534332,1115.57,5.099999904632568,1129.0,79.0,82,2472,7,139.7,False,False,False,622.3,917.0
87,0903,1,2003,2003-10-09,0.9299000024795532,1339.35,3.5,1559.0,80.0,80,3800,9,139.7,False,False,False,622.3,701.0
87,0903,1,2004,2004-05-12,0.9482999861240388,1125.9,3.5999999046325684,1489.0,77.0,80,4555,10,139.7,False,False,False,622.3,216.0
87,0903,1,2010,2010-08-24,1.836899983882904,1237.2,5.900000095367432,1030.0,79.0,78,10672,16,139.7,False,False,False,622.3,2295.0
87,0903,1,2013,2013-07-20,2.532699990272522,1087.53,4.599999904632568,1252.0,85.0,76,14945,19,139.7,False,False,False,622.3,1061.0
87,0903,2,2016,2016-05-08,1.2696999907493591,1249.64,5.199999809265137,1196.0,88.0,78,20415,22,139.7,False,False,False,622.3,1023.0
87,0960,1,1997,1997-08-07,1.1098000049591064,1164.94,3.900000095367432,1385.0,80.0,74,413,3,129.5,False,False,False,408.9,0.0
87,0960,1,1998,1998-10-14,1.1165000081062315,1079.28,6.900000095367432,805.0,95.0,74,863,4,129.5,False,False,False,408.9,433.0
87,0960,1,1999,1999-05-05,1.1319999933242797,1026.23,5.699999809265137,1087.0,94.0,75,1354,5,129.5,False,False,False,408.9,203.0
87,0960,1,2001,2001-11-07,1.1937999963760375,1115.57,5.099999904632568,1129.0,79.0,82,2472,7,129.5,False,False,False,408.9,917.0
87,0960,1,2003,2003-10-09,1.2960000157356262,1339.35,3.5,1559.0,80.0,80,3800,9,129.5,False,False,False,408.9,701.0
87,0960,1,2004,2004-05-12,1.36839998960495,1125.9,3.5999999046325684,1489.0,77.0,80,4555,10,129.5,False,False,False,408.9,216.0
87,0960,1,2010,2010-08-24,2.3763999938964844,1237.2,5.900000095367432,1030.0,79.0,78,10672,16,129.5,False,False,False,408.9,2295.0
87,0960,2,2013,2013-07-20,3.161599993705749,1087.53,4.599999904632568,1252.0,85.0,76,14945,19,129.5,False,False,False,408.9,1061.0
87,0960,3,2016,2016-05-08,1.11729998588562,1249.64,5.199999809265137,1196.0,88.0,78,20415,22,129.5,False,False,False,408.9,1023.0
87,0961,1,1997,1997-08-07,0.9933000028133392,1164.94,3.900000095367432,1385.0,80.0,74,413,3,127.0,False,False,False,368.3,0.0
87,0961,1,1998,1998-10-14,0.9700000047683716,1079.28,6.900000095367432,805.0,95.0,74,863,4,127.0,False,False,False,368.3,433.0
87,0961,1,1999,1999-05-05,0.9855000019073488,1026.23,5.699999809265137,1087.0,94.0,75,1354,5,127.0,False,False,False,368.3,203.0
87,0961,1,2001,2001-11-07,1.005999994277954,1115.57,5.099999904632568,1129.0,79.0,82,2472,7,127.0,False,False,False,368.3,917.0
87,0961,1,2003,2003-10-09,1.0339000046253206,1339.35,3.5,1559.0,80.0,80,3800,9,127.0,False,False,False,368.3,701.0
87,0961,1,2004,2004-05-12,1.056300002336502,1125.9,3.5999999046325684,1489.0,77.0,80,4555,10,127.0,False,False,False,368.3,216.0
87,0961,1,2010,2010-08-24,1.447100007534027,1237.2,5.900000095367432,1030.0,79.0,78,10672,16,127.0,False,False,False,368.3,2295.0
87,0961,1,2013,2013-07-20,1.6437000036239624,1087.53,4.599999904632568,1252.0,85.0,76,14945,19,127.0,False,False,False,368.3,1061.0
87,0961,2,2016,2016-05-08,0.932799994945526,1249.64,5.199999809265137,1196.0,88.0,78,20415,22,127.0,False,False,False,368.3,1023.0
87,1620,1,1989,1989-09-06,1.5293000102043153,901.45,6.199999809265137,836.0,83.0,73,3633,9,122.0,False,False,False,873.9000000000001,0.0
87,1620,1,1990,1990-08-19,1.7117500007152555,1061.79,7.300000190734863,448.0,106.0,76,4128,10,122.0,False,False,False,873.9000000000001,347.0
87,1620,1,1991,1991-04-25,1.69830002784729,1110.46,7.400000095367432,567.0,87.0,76,4597,11,122.0,False,False,False,873.9000000000001,249.0
87,1620,1,1992,1992-04-24,1.6730000019073483,1163.66,5.800000190734863,596.0,102.0,77,5036,12,122.0,False,False,False,873.9000000000001,365.0
87,1620,2,1992,1992-08-21,1.0871000051498414,1163.66,5.800000190734863,596.0,102.0,77,5036,12,155.0,False,False,False,906.9,119.0
87,1620,2,1993,1993-09-09,1.1709999978542327,978.48,6.099999904632568,691.0,82.0,77,5443,13,155.0,False,False,False,906.9,384.0
87,1620,2,1994,1994-07-15,1.1659999966621395,939.66,6.199999809265137,830.0,77.0,75,5783,14,155.0,False,False,False,906.9,309.0
87,1620,2,1995,1995-07-13,1.263099980354309,1297.02,6.699999809265137,674.0,84.0,74,6241,15,155.0,False,False,False,906.9,363.0
87,1620,2,1997,1997-08-08,1.6340999960899354,1228.02,6.099999904632568,622.0,95.0,78,7175,17,155.0,False,False,False,906.9,757.0
87,1620,2,1998,1998-05-07,1.6551000118255614,957.85,8.800000190734863,370.0,84.0,76,7650,18,155.0,False,False,False,906.9,272.0
87,1620,3,1999,1999-05-06,1.1095000147819518,855.41,7.699999809265137,559.0,78.0,76,8131,19,231.2,False,False,False,983.1,364.0
87,1620,3,2002,2002-04-14,1.357300007343292,1039.14,6.900000095367432,509.0,107.0,80,9610,22,231.2,False,False,False,983.1,1074.0
87,1620,3,2005,2005-07-14,1.6921000003814697,1042.38,8.0,663.0,63.0,75,11143,25,231.2,False,False,False,983.1,1187.0
87,1620,3,2010,2010-08-18,2.2257000207901,1132.41,8.199999809265137,542.0,70.0,75,13818,30,231.2,False,False,False,983.1,1861.0
87,1620,3,2011,2011-08-06,2.173799991607666,1317.82,7.699999809265137,574.0,75.0,76,14371,31,231.2,False,False,False,983.1,353.0
87,1620,4,2013,2013-07-20,0.4698999971151352,1284.96,7.400000095367432,620.0,75.0,75,15495,33,342.9,False,False,False,1094.8,714.0
87,1620,4,2015,2015-05-20,0.5830999970436096,1004.37,7.199999809265137,885.0,63.0,73,16641,35,342.9,False,False,False,1094.8,669.0
87,1622,1,1989,1989-09-05,1.3904999941587448,994.48,5.099999904632568,1161.0,82.0,74,5623,14,144.7,False,False,False,982.9,0.0
87,1622,1,1990,1990-08-18,1.4580500006675718,1186.85,6.400000095367432,652.0,107.0,77,6177,15,144.7,False,False,False,982.9,347.0
87,1622,1,1991,1991-04-26,1.5361000061035155,1264.29,6.599999904632568,771.0,88.0,77,6780,16,144.7,False,False,False,982.9,251.0
87,1622,1,1992,1992-08-20,1.519700026512146,1332.11,4.699999809265137,938.0,101.0,78,7417,17,144.7,False,False,False,982.9,482.0
87,1622,1,1993,1993-09-08,1.613499975204468,1108.71,5.199999809265137,940.0,85.0,78,7934,18,144.7,False,False,False,982.9,384.0
87,1622,1,1994,1994-06-06,1.7134999960660935,1070.57,5.400000095367432,1053.0,84.0,76,8543,19,144.7,False,False,False,982.9,271.0
87,1622,1,1995,1995-05-05,1.6479999899864195,1246.96,6.0,922.0,85.0,74,9189,20,144.7,False,False,False,982.9,333.0
87,1622,1,1996,1996-11-21,1.72739999294281,1340.78,4.900000095367432,995.0,111.0,77,9832,21,144.7,False,False,False,982.9,566.0
87,1622,1,1997,1997-05-18,1.9046000123023985,1390.2,4.900000095367432,914.0,94.0,78,11056,22,144.7,False,False,False,982.9,178.0
87,1622,1,1998,1998-05-07,1.8917000055313111,932.45,7.800000190734863,554.0,95.0,76,11960,23,144.7,False,False,False,982.9,354.0
87,1622,2,1998,1998-10-15,0.7800999999046325,932.45,7.800000190734863,554.0,95.0,76,11960,23,193.1,False,False,False,1031.3,161.0
87,1622,2,1999,1999-09-22,0.7108999848365783,956.87,6.800000190734863,755.0,88.0,76,12776,24,193.1,False,False,False,1031.3,342.0
87,1622,2,2001,2001-11-06,0.7177000045776367,1179.87,6.099999904632568,835.0,69.0,82,14517,26,193.1,False,False,False,1031.3,776.0
87,1622,2,2005,2005-07-13,0.7841000020503998,1151.82,7.099999904632568,888.0,69.0,75,18486,30,193.1,False,False,False,1031.3,1345.0
87,1622,2,2010,2010-08-18,0.9911000192165376,1210.82,7.699999809265137,698.0,83.0,72,24517,35,193.1,False,False,False,1031.3,1862.0
87,1622,2,2011,2011-08-06,1.0571999967098236,1359.7,7.400000095367432,716.0,86.0,72,25888,36,193.1,False,False,False,1031.3,353.0
87,1622,2,2013,2013-07-18,1.1321999847888946,1390.03,6.900000095367432,774.0,91.0,72,28814,38,193.1,False,False,False,1031.3,712.0
87,1622,2,2015,2015-05-20,1.2793999910354614,1056.94,6.800000190734863,916.0,80.0,71,32005,40,193.1,False,False,False,1031.3,671.0
87,1622,2,2016,2016-05-25,1.3750000238418578,1315.59,8.0,622.0,98.0,70,33707,41,193.1,False,False,False,1031.3,371.0
87,1680,1,1989,1989-09-06,1.294800007343292,816.83,6.900000095367432,775.0,87.0,70,3845,6,38.1,False,True,False,972.8,0.0
87,1680,1,1990,1990-06-19,1.2378999948501588,1023.05,7.900000095367432,416.0,111.0,74,4633,7,38.1,False,True,False,972.8,286.0
87,1680,1,1991,1991-07-10,1.2966000199317933,907.31,8.300000190734863,520.0,97.0,73,5433,8,38.1,False,True,False,972.8,386.0
87,1680,1,1992,1992-08-19,1.2408999919891357,1109.74,6.5,526.0,111.0,76,6249,9,38.1,False,True,False,972.8,406.0
87,1680,1,1993,1993-09-07,1.2843999981880188,910.91,6.699999809265137,645.0,91.0,75,7082,10,38.1,False,True,False,972.8,384.0
87,1680,1,1994,1994-07-13,1.2724999904632568,866.54,6.900000095367432,782.0,87.0,74,8261,11,38.1,False,True,False,972.8,309.0
87,1680,1,1995,1995-07-12,1.2733999967575074,1202.15,7.300000190734863,656.0,85.0,73,17849,12,38.1,False,True,False,972.8,364.0
87,1680,2,1997,1997-08-12,1.2185999989509582,1045.53,6.800000190734863,569.0,103.0,75,20566,14,71.1,False,True,False,1005.8,762.0
87,1680,2,1998,1998-07-27,1.1932500123977663,917.03,9.399999618530272,353.0,93.0,73,21965,15,71.1,False,True,False,1005.8,349.0
87,1680,2,1999,1999-09-22,1.199900007247925,752.81,8.199999809265137,551.0,84.0,73,23392,16,71.1,False,True,False,1005.8,422.0
87,1680,2,2002,2002-04-15,1.3592999935150147,948.43,7.599999904632568,465.0,120.0,77,27848,19,71.1,False,True,False,1005.8,936.0
87,1680,2,2004,2004-05-11,1.3707500100135803,1122.2,7.0,717.0,68.0,79,30969,21,71.1,False,True,False,1005.8,757.0
87,1680,3,2009,2009-05-25,1.558399999141693,980.17,7.0,661.0,80.0,78,38054,26,71.1,False,True,False,1005.8,1840.0
87,1680,4,2010,2010-08-17,0.5973999917507171,1049.04,8.5,579.0,73.0,75,39878,27,40.6,False,True,False,952.5,449.0
87,1680,4,2011,2011-08-04,0.6790000021457672,1282.08,8.0,595.0,79.0,77,41768,28,40.6,False,True,False,952.5,352.0
87,1680,5,2013,2013-07-17,0.5442000031471252,1143.28,7.5,622.0,87.0,77,45754,30,83.80000000000001,False,True,False,995.7,713.0
87,1680,5,2015,2015-05-19,0.6303000032901764,1003.43,7.5,872.0,72.0,75,50032,32,83.80000000000001,False,True,False,995.7,671.0
87,1806,1,1989,1989-09-06,0.8895999968051911,816.83,6.900000095367432,775.0,87.0,70,3117,5,142.2,False,False,False,1292.8,0.0
87,1806,1,1990,1990-06-19,0.8671999990940094,1023.05,7.900000095367432,416.0,111.0,74,3905,6,142.2,False,False,False,1292.8,286.0
87,1806,1,1991,1991-07-10,0.8421999990940094,907.31,8.300000190734863,520.0,97.0,73,4705,7,142.2,False,False,False,1292.8,386.0
87,1806,1,1992,1992-08-19,0.9050999939441682,1109.74,6.5,526.0,111.0,76,5521,8,142.2,False,False,False,1292.8,406.0
87,1806,1,1993,1993-09-07,0.967799997329712,910.91,6.699999809265137,645.0,91.0,75,6354,9,142.2,False,False,False,1292.8,384.0
87,1806,1,1994,1994-07-13,0.9500000119209288,866.54,6.900000095367432,782.0,87.0,74,7533,10,142.2,False,False,False,1292.8,309.0
87,1806,2,1995,1995-07-12,1.048200011253357,1202.15,7.300000190734863,656.0,85.0,73,17121,11,129.60000000000002,False,False,False,1280.2,364.0
87,1806,3,1995,1995-11-03,1.081499993801117,1202.15,7.300000190734863,656.0,85.0,73,17121,11,129.60000000000002,False,False,False,1280.2,114.0
87,1806,3,1997,1997-08-12,1.0846999824047088,1045.53,6.800000190734863,569.0,103.0,75,19838,13,129.60000000000002,False,False,False,1280.2,648.0
87,1806,3,1998,1998-07-27,1.0733000069856644,917.03,9.399999618530272,353.0,93.0,73,21237,14,129.60000000000002,False,False,False,1280.2,349.0
87,1806,3,1999,1999-09-22,1.103899997472763,752.81,8.199999809265137,551.0,84.0,73,22664,15,129.60000000000002,False,False,False,1280.2,422.0
87,1806,3,2002,2002-04-15,1.1210999846458436,948.43,7.599999904632568,465.0,120.0,77,27120,18,129.60000000000002,False,False,False,1280.2,936.0
87,1806,3,2004,2004-05-11,1.3259999752044678,1122.2,7.0,717.0,68.0,79,30241,20,129.60000000000002,False,False,False,1280.2,757.0
87,1806,3,2009,2009-05-25,2.2650000095367435,980.17,7.0,661.0,80.0,78,37326,25,129.60000000000002,False,False,False,1280.2,1840.0
87,1806,4,2011,2011-08-04,1.1451000213623046,1282.08,8.0,595.0,79.0,77,41040,27,124.5,False,False,False,1275.1,801.0
87,1806,5,2013,2013-07-17,0.9073000013828278,1143.28,7.5,622.0,87.0,77,45026,29,167.70000000000002,False,False,False,1318.3,713.0
87,1806,5,2015,2015-05-19,0.9953999876976014,1003.43,7.5,872.0,72.0,75,49304,31,167.70000000000002,False,False,False,1318.3,671.0
87,A310,1,1990,1990-06-18,2.631700038909912,1061.79,7.300000190734863,448.0,106.0,76,4128,10,127.0,False,False,False,878.9000000000001,0.0
87,A310,2,1990,1990-10-20,1.403799992799759,1061.79,7.300000190734863,448.0,106.0,76,4128,10,160.0,False,False,False,911.9,124.0
87,A310,2,1991,1991-04-25,1.234600019454956,1110.46,7.400000095367432,567.0,87.0,76,4597,11,160.0,False,False,False,911.9,187.0
87,A310,2,1992,1992-04-24,1.309499990940094,1163.66,5.800000190734863,596.0,102.0,77,5036,12,160.0,False,False,False,911.9,365.0
87,A311,1,1990,1990-06-18,2.231499981880188,1061.79,7.300000190734863,448.0,106.0,76,4128,10,127.0,False,False,False,878.9000000000001,0.0
87,A311,2,1990,1990-10-20,1.590600001811981,1061.79,7.300000190734863,448.0,106.0,76,4128,10,160.0,False,False,False,911.9,124.0
87,A311,2,1991,1991-04-25,1.6314000129699706,1110.46,7.400000095367432,567.0,87.0,76,4597,11,160.0,False,False,False,911.9,187.0
87,A311,2,1992,1992-04-24,1.56910001039505,1163.66,5.800000190734863,596.0,102.0,77,5036,12,160.0,False,False,False,911.9,365.0
87,A320,1,1990,1990-06-18,1.831499981880188,1061.79,7.300000190734863,448.0,106.0,76,4128,10,116.9,False,False,False,868.8000000000001,0.0
87,A320,2,1991,1991-04-25,1.6092000007629397,1110.46,7.400000095367432,567.0,87.0,76,4597,11,129.6,False,False,False,881.5000000000001,311.0
87,A320,2,1992,1992-04-24,1.5080999970436095,1163.66,5.800000190734863,596.0,102.0,77,5036,12,129.6,False,False,False,881.5000000000001,365.0
87,A330,1,1990,1990-06-18,3.015499997138977,1061.79,7.300000190734863,448.0,106.0,76,4128,10,127.0,False,False,False,878.9000000000001,0.0
87,A330,2,1990,1990-10-20,2.9323999881744385,1061.79,7.300000190734863,448.0,106.0,76,4128,10,127.0,False,False,False,878.9000000000001,124.0
87,A330,2,1991,1991-04-25,2.975900030136108,1110.46,7.400000095367432,567.0,87.0,76,4597,11,127.0,False,False,False,878.9000000000001,187.0
87,A330,2,1992,1992-04-24,3.017399954795837,1163.66,5.800000190734863,596.0,102.0,77,5036,12,127.0,False,False,False,878.9000000000001,365.0
87,A340,1,1990,1990-08-19,2.6459500074386595,1061.79,7.300000190734863,448.0,106.0,76,4128,10,127.0,False,False,False,878.9000000000001,0.0
87,A340,1,1991,1991-04-25,2.5875999689102174,1110.46,7.400000095367432,567.0,87.0,76,4597,11,127.0,False,False,False,878.9000000000001,249.0
87,A340,1,1992,1992-04-24,2.7752000093460083,1163.66,5.800000190734863,596.0,102.0,77,5036,12,127.0,False,False,False,878.9000000000001,365.0
87,A350,1,1990,1990-06-18,2.279500031471253,1061.79,7.300000190734863,448.0,106.0,76,4128,10,109.2,False,False,False,861.1,0.0
87,A350,2,1991,1991-04-25,2.492399978637695,1110.46,7.400000095367432,567.0,87.0,76,4597,11,121.9,False,False,False,873.8000000000001,311.0
87,A350,2,1992,1992-04-24,2.5886000633239745,1163.66,5.800000190734863,596.0,102.0,77,5036,12,121.9,False,False,False,873.8000000000001,365.0
87,B310,1,1990,1990-06-18,1.5960999965667724,1186.85,6.400000095367432,652.0,107.0,77,6177,15,142.2,False,False,False,977.8,0.0
87,B310,2,1990,1990-10-19,1.131000006198883,1186.85,6.400000095367432,652.0,107.0,77,6177,15,177.8,False,False,False,1013.4,123.0
87,B310,2,1991,1991-04-26,1.0681999802589417,1264.29,6.599999904632568,771.0,88.0,77,6780,16,177.8,False,False,False,1013.4,189.0
87,B310,2,1992,1992-08-20,0.9614000022411346,1332.11,4.699999809265137,938.0,101.0,78,7417,17,177.8,False,False,False,1013.4,482.0
87,B310,2,1993,1993-09-08,1.115399992465973,1108.71,5.199999809265137,940.0,85.0,78,7934,18,177.8,False,False,False,1013.4,384.0
87,B310,2,1994,1994-07-14,1.057400006055832,1070.57,5.400000095367432,1053.0,84.0,76,8543,19,177.8,False,False,False,1013.4,309.0
87,B310,2,1995,1995-07-13,1.0429000139236448,1246.96,6.0,922.0,85.0,74,9189,20,177.8,False,False,False,1013.4,364.0
87,B310,2,1997,1997-05-22,1.2589999973773955,1390.2,4.900000095367432,914.0,94.0,78,11056,22,177.8,False,False,False,1013.4,679.0
87,B310,2,1998,1998-05-07,1.1766000032424926,932.45,7.800000190734863,554.0,95.0,76,11960,23,177.8,False,False,False,1013.4,350.0
87,B311,1,1990,1990-06-18,1.6385999798774715,1186.85,6.400000095367432,652.0,107.0,77,6177,15,142.2,False,False,False,977.8,0.0
87,B311,2,1990,1990-10-19,1.0676999926567077,1186.85,6.400000095367432,652.0,107.0,77,6177,15,205.7,False,False,False,1041.3,123.0
87,B311,2,1991,1991-04-26,0.8995999872684479,1264.29,6.599999904632568,771.0,88.0,77,6780,16,205.7,False,False,False,1041.3,189.0
87,B311,2,1992,1992-08-20,0.8789999961853028,1332.11,4.699999809265137,938.0,101.0,78,7417,17,205.7,False,False,False,1041.3,482.0
87,B311,2,1993,1993-09-08,0.947900015115738,1108.71,5.199999809265137,940.0,85.0,78,7934,18,205.7,False,False,False,1041.3,384.0
87,B311,2,1995,1995-07-13,0.9166000008583068,1246.96,6.0,922.0,85.0,74,9189,20,205.7,False,False,False,1041.3,673.0
87,B311,2,1997,1997-05-22,1.0475499957799912,1390.2,4.900000095367432,914.0,94.0,78,11056,22,205.7,False,False,False,1041.3,679.0
87,B311,2,1998,1998-05-07,1.0383999943733215,932.45,7.800000190734863,554.0,95.0,76,11960,23,205.7,False,False,False,1041.3,350.0
87,B320,1,1990,1990-06-18,1.8935000061988831,1186.85,6.400000095367432,652.0,107.0,77,6177,15,155.0,False,False,False,990.6,0.0
87,B320,2,1990,1990-10-19,1.3989999890327454,1186.85,6.400000095367432,652.0,107.0,77,6177,15,165.2,False,False,False,1000.8,123.0
87,B320,2,1991,1991-04-26,1.4086000204086302,1264.29,6.599999904632568,771.0,88.0,77,6780,16,165.2,False,False,False,1000.8,189.0
87,B320,3,1992,1992-08-20,1.4304999947547912,1332.11,4.699999809265137,938.0,101.0,78,7417,17,165.2,False,False,False,1000.8,482.0
87,B320,3,1993,1993-09-08,1.5428000092506409,1108.71,5.199999809265137,940.0,85.0,78,7934,18,165.2,False,False,False,1000.8,384.0
87,B320,3,1994,1994-07-14,1.6058000087738038,1070.57,5.400000095367432,1053.0,84.0,76,8543,19,165.2,False,False,False,1000.8,309.0
87,B320,3,1995,1995-07-13,1.6586999893188477,1246.96,6.0,922.0,85.0,74,9189,20,165.2,False,False,False,1000.8,364.0
87,B320,3,1997,1997-05-22,2.1647499918937685,1390.2,4.900000095367432,914.0,94.0,78,11056,22,165.2,False,False,False,1000.8,679.0
87,B320,3,1998,1998-05-07,1.914499998092652,932.45,7.800000190734863,554.0,95.0,76,11960,23,165.2,False,False,False,1000.8,350.0
87,B330,1,1990,1990-06-18,1.232800006866455,1186.85,6.400000095367432,652.0,107.0,77,6177,15,142.20000000000002,False,False,False,977.8,0.0
87,B330,2,1991,1991-04-26,1.3690000057220455,1264.29,6.599999904632568,771.0,88.0,77,6780,16,142.2,False,False,False,977.8,312.0
87,B330,2,1992,1992-08-20,1.385800004005432,1332.11,4.699999809265137,938.0,101.0,78,7417,17,142.2,False,False,False,977.8,482.0
87,B330,2,1993,1993-09-08,1.496000015735626,1108.71,5.199999809265137,940.0,85.0,78,7934,18,142.2,False,False,False,977.8,384.0
87,B330,2,1994,1994-07-14,1.4188000202178954,1070.57,5.400000095367432,1053.0,84.0,76,8543,19,142.2,False,False,False,977.8,309.0
87,B330,2,1995,1995-07-13,1.4336999893188476,1246.96,6.0,922.0,85.0,74,9189,20,142.2,False,False,False,977.8,364.0
87,B330,2,1997,1997-05-22,1.8388499975204469,1390.2,4.900000095367432,914.0,94.0,78,11056,22,142.2,False,False,False,977.8,679.0
87,B330,2,1998,1998-05-07,1.7090999960899351,932.45,7.800000190734863,554.0,95.0,76,11960,23,142.2,False,False,False,977.8,350.0
87,B340,1,1990,1990-08-18,1.494049996137619,1186.85,6.400000095367432,652.0,107.0,77,6177,15,142.20000000000002,False,False,False,977.8,0.0
87,B340,1,1991,1991-04-26,1.6081000208854674,1264.29,6.599999904632568,771.0,88.0,77,6780,16,142.20000000000002,False,False,False,977.8,251.0
87,B340,1,1992,1992-08-20,1.6983999967575074,1332.11,4.699999809265137,938.0,101.0,78,7417,17,142.20000000000002,False,False,False,977.8,482.0
87,B340,1,1993,1993-09-08,1.8662999749183653,1108.71,5.199999809265137,940.0,85.0,78,7934,18,142.20000000000002,False,False,False,977.8,384.0
87,B340,1,1994,1994-07-14,1.829100012779236,1070.57,5.400000095367432,1053.0,84.0,76,8543,19,142.20000000000002,False,False,False,977.8,309.0
87,B340,1,1995,1995-07-13,1.833900010585785,1246.96,6.0,922.0,85.0,74,9189,20,142.20000000000002,False,False,False,977.8,364.0
87,B340,1,1997,1997-03-05,2.402699971199036,1390.2,4.900000095367432,914.0,94.0,78,11056,22,142.20000000000002,False,False,False,977.8,601.0
87,B340,2,1997,1997-08-08,2.1101999998092653,1390.2,4.900000095367432,914.0,94.0,78,11056,22,142.2,False,False,False,977.8,156.0
87,B340,2,1998,1998-05-07,2.3080999732017515,932.45,7.800000190734863,554.0,95.0,76,11960,23,142.2,False,False,False,977.8,272.0
87,B360,1,1990,1990-06-18,1.767899990081787,1186.85,6.400000095367432,652.0,107.0,77,6177,15,142.2,False,False,False,977.8,0.0
87,B360,2,1991,1991-04-26,1.92909996509552,1264.29,6.599999904632568,771.0,88.0,77,6780,16,154.9,False,False,False,990.5,312.0
87,B360,2,1992,1992-08-20,1.867699992656708,1332.11,4.699999809265137,938.0,101.0,78,7417,17,154.9,False,False,False,990.5,482.0
87,B360,2,1993,1993-09-08,2.0641000032424928,1108.71,5.199999809265137,940.0,85.0,78,7934,18,154.9,False,False,False,990.5,384.0
87,B360,2,1994,1994-07-14,2.13619999885559,1070.57,5.400000095367432,1053.0,84.0,76,8543,19,154.9,False,False,False,990.5,309.0
87,B360,2,1995,1995-07-14,2.252900004386902,1246.96,6.0,922.0,85.0,74,9189,20,154.9,False,False,False,990.5,365.0
87,B360,2,1997,1997-03-05,2.739799976348877,1390.2,4.900000095367432,914.0,94.0,78,11056,22,154.9,False,False,False,990.5,600.0
87,B360,3,1997,1997-08-08,2.532999992370605,1390.2,4.900000095367432,914.0,94.0,78,11056,22,154.9,False,False,False,990.5,156.0
87,B360,3,1998,1998-05-07,2.555299997329712,932.45,7.800000190734863,554.0,95.0,76,11960,23,154.9,False,False,False,990.5,272.0
87,B361,1,1990,1990-06-18,1.2627000033855438,1186.85,6.400000095367432,652.0,107.0,77,6177,15,142.2,False,False,False,977.8,0.0
87,B361,2,1991,1991-04-26,1.3704999923706054,1264.29,6.599999904632568,771.0,88.0,77,6780,16,154.9,False,False,False,990.5,312.0
87,B361,2,1992,1992-08-20,1.312999999523163,1332.11,4.699999809265137,938.0,101.0,78,7417,17,154.9,False,False,False,990.5,482.0
87,B361,2,1993,1993-09-08,1.51780002117157,1108.71,5.199999809265137,940.0,85.0,78,7934,18,154.9,False,False,False,990.5,384.0
87,B361,2,1994,1994-07-14,1.5167999863624573,1070.57,5.400000095367432,1053.0,84.0,76,8543,19,154.9,False,False,False,990.5,309.0
87,B361,2,1995,1995-07-13,1.4665000200271607,1246.96,6.0,922.0,85.0,74,9189,20,154.9,False,False,False,990.5,364.0
87,B361,2,1997,1997-05-22,1.7478499948978423,1390.2,4.900000095367432,914.0,94.0,78,11056,22,154.9,False,False,False,990.5,679.0
87,B361,2,1998,1998-05-07,1.7104999780654908,932.45,7.800000190734863,554.0,95.0,76,11960,23,154.9,False,False,False,990.5,350.0
87,B362,1,1990,1990-06-18,1.4841999769210816,1186.85,6.400000095367432,652.0,107.0,77,6177,15,142.2,False,False,False,977.8,0.0
87,B362,2,1991,1991-04-26,1.9156999945640565,1264.29,6.599999904632568,771.0,88.0,77,6780,16,154.9,False,False,False,990.5,312.0
87,B362,2,1992,1992-08-20,1.8245000004768368,1332.11,4.699999809265137,938.0,101.0,78,7417,17,154.9,False,False,False,990.5,482.0
87,B362,2,1993,1993-09-08,1.9041000008583069,1108.71,5.199999809265137,940.0,85.0,78,7934,18,154.9,False,False,False,990.5,384.0
87,B362,2,1994,1994-07-14,1.91340001821518,1070.57,5.400000095367432,1053.0,84.0,76,8543,19,154.9,False,False,False,990.5,309.0
87,B362,2,1995,1995-07-13,1.906499981880188,1246.96,6.0,922.0,85.0,74,9189,20,154.9,False,False,False,990.5,364.0
87,B362,2,1997,1997-03-05,2.053399980068207,1390.2,4.900000095367432,914.0,94.0,78,11056,22,154.9,False,False,False,990.5,601.0
87,B362,3,1997,1997-08-08,2.498600053787232,1390.2,4.900000095367432,914.0,94.0,78,11056,22,154.9,False,False,False,990.5,156.0
87,B362,3,1998,1998-05-07,2.0883999466896057,932.45,7.800000190734863,554.0,95.0,76,11960,23,154.9,False,False,False,990.5,272.0
88,1645,1,1989,1989-09-29,0.8712999999523163,1218.6,4.900000095367432,1010.0,60.0,83,722,3,162.5,False,False,True,548.6,0.0
88,1645,1,1990,1990-07-25,0.9196000039577484,1603.68,5.699999809265137,657.0,81.0,83,861,4,162.5,False,False,True,548.6,299.0
88,1645,1,1991,1991-08-21,0.9632999837398528,1217.33,5.5,722.0,76.0,83,1044,5,162.5,False,False,True,548.6,392.0
88,1645,1,1992,1992-09-21,0.963699996471405,1141.03,4.800000190734863,811.0,80.0,80,1267,6,162.5,False,False,True,548.6,397.0
88,1645,1,1993,1993-08-20,0.9887999951839448,1366.25,4.900000095367432,843.0,74.0,79,1446,7,162.5,False,False,True,548.6,333.0
88,1645,1,1995,1995-08-05,0.980100005865097,1325.26,5.800000190734863,645.0,76.0,79,1847,9,162.5,False,False,True,548.6,715.0
88,1645,1,1997,1997-07-25,0.9934000074863434,1135.75,4.900000095367432,754.0,78.0,80,2325,11,162.5,False,False,True,548.6,720.0
88,1645,1,1998,1998-12-03,0.9888999938964844,1572.89,6.599999904632568,483.0,80.0,81,2563,12,162.5,False,False,True,548.6,496.0
88,1645,1,1999,1999-08-03,1.0493000149726868,1262.6,7.300000190734863,450.0,79.0,80,2822,13,162.5,False,False,True,548.6,243.0
88,1645,1,2001,2001-09-07,1.0352000057697297,990.75,6.199999809265137,617.0,68.0,83,3297,15,162.5,False,False,True,548.6,766.0
88,1645,1,2003,2003-09-23,1.0765000104904174,1360.18,5.5,820.0,65.0,83,3786,17,162.5,False,False,True,548.6,746.0
88,1645,1,2005,2005-06-27,1.2272999942302705,1366.57,5.900000095367432,626.0,63.0,84,4289,19,162.5,False,False,True,548.6,643.0
88,1645,2,2010,2010-09-20,1.6899000108242035,1366.04,7.5,280.0,70.0,84,5611,24,162.5,False,False,True,548.6,1911.0
88,1645,2,2013,2013-10-18,1.3432999968528747,1324.1,6.099999904632568,645.0,75.0,82,6451,27,162.5,False,False,True,548.6,1124.0
88,1645,2,2015,2015-09-29,2.054200005531311,1398.61,5.099999904632568,939.0,58.0,84,7031,29,162.5,False,False,True,548.6,711.0
88,1646,1,1989,1989-09-29,1.8745000123977664,1218.6,4.900000095367432,1010.0,60.0,83,1121,10,243.8,False,True,False,528.3,0.0
88,1646,1,1990,1990-07-24,1.8323999881744384,1603.68,5.699999809265137,657.0,81.0,83,1252,11,243.8,False,True,False,528.3,298.0
88,1646,3,1991,1991-08-21,1.6921000123023986,1217.33,5.5,722.0,76.0,83,1384,12,243.8,False,True,False,528.3,393.0
88,1646,3,1992,1992-09-22,1.6625999927520752,1141.03,4.800000190734863,811.0,80.0,80,1515,13,243.8,False,True,False,528.3,398.0
88,1646,3,1993,1993-08-20,1.642400002479553,1366.25,4.900000095367432,843.0,74.0,79,1672,14,243.8,False,True,False,528.3,332.0
88,1646,3,1994,1994-08-09,1.7101999878883365,1311.03,5.599999904632568,795.0,66.0,79,1822,15,243.8,False,True,False,528.3,354.0
88,1646,3,1995,1995-08-05,1.6465000033378605,1325.26,5.800000190734863,645.0,76.0,79,1989,16,243.8,False,True,False,528.3,361.0
88,1646,4,1997,1997-07-25,1.7101999878883365,1135.75,4.900000095367432,754.0,78.0,80,2417,18,243.8,False,True,False,528.3,720.0
88,1646,5,1998,1998-12-03,1.726700019836426,1572.89,6.599999904632568,483.0,80.0,81,2636,19,243.8,False,True,False,528.3,496.0
88,1646,5,1999,1999-08-03,1.7860999822616577,1262.6,7.300000190734863,450.0,79.0,80,2816,20,243.8,False,True,False,528.3,243.0
88,1646,5,2001,2001-09-06,1.7597999930381776,990.75,6.199999809265137,617.0,68.0,83,3209,22,243.8,False,True,False,528.3,765.0
88,1646,5,2003,2003-09-23,1.86419997215271,1360.18,5.5,820.0,65.0,83,3650,24,243.8,False,True,False,528.3,747.0
88,1646,6,2005,2005-06-27,2.003799974918365,1366.57,5.900000095367432,626.0,63.0,84,4146,26,243.8,False,True,False,528.3,643.0
88,1647,1,1989,1989-09-29,1.2455999970436096,1221.45,5.199999809265137,892.0,54.0,82,561,4,38.1,False,True,True,508.1,0.0
88,1647,1,1990,1990-07-25,1.3991999864578246,1706.8,5.800000190734863,624.0,73.0,83,664,5,38.1,False,True,True,508.1,299.0
88,1647,2,1991,1991-08-22,1.4988000035285949,1218.0,5.599999904632568,663.0,68.0,82,797,6,38.1,False,True,True,508.1,393.0
88,1647,3,1992,1992-09-21,1.545699989795685,1192.82,4.900000095367432,756.0,72.0,81,930,7,38.1,False,True,True,508.1,396.0
88,1647,3,1993,1993-08-20,1.5819000005722046,1386.7,4.800000190734863,817.0,61.0,81,1047,8,38.1,False,True,True,508.1,333.0
88,1647,3,1994,1994-08-09,1.548200011253357,1316.51,5.599999904632568,753.0,65.0,81,1236,9,38.1,False,True,True,508.1,354.0
88,1647,3,1995,1995-08-05,1.6105999946594238,1286.05,5.800000190734863,588.0,65.0,80,1390,10,38.1,False,True,True,508.1,361.0
88,1647,4,1997,1997-07-26,1.8742999792099,1094.28,5.0,686.0,73.0,81,1732,12,38.1,False,True,True,508.1,721.0
88,1647,5,1998,1998-12-02,1.8162999749183653,1454.85,6.599999904632568,429.0,67.0,82,1918,13,38.1,False,True,True,508.1,494.0
88,1647,5,1999,1999-08-03,1.903599989414215,1272.87,7.300000190734863,407.0,73.0,81,2094,14,38.1,False,True,True,508.1,244.0
88,1647,5,2001,2001-09-06,2.041699969768524,1002.84,6.400000095367432,514.0,63.0,82,2490,16,38.1,False,True,True,508.1,765.0
88,1647,6,2003,2003-09-24,1.9657999992370605,1271.05,5.599999904632568,734.0,50.0,83,2910,18,38.1,False,True,True,508.1,748.0
88,1647,7,2005,2005-06-28,2.255299961566925,1252.19,6.0,580.0,55.0,83,3355,20,38.1,False,True,True,508.1,643.0
89,0901,1,1997,1997-04-04,1.3496999979019164,1073.34,0.6000000238418579,2051.0,55.0,81,742,2,132.1,False,False,False,2794.0,0.0
89,0901,1,1999,1999-05-18,1.5534000039100646,1108.78,2.900000095367432,1596.0,90.0,81,1615,4,132.1,False,False,False,2794.0,774.0
89,0901,1,2001,2001-09-12,1.8509999871253968,1047.79,2.900000095367432,1548.0,67.0,82,2778,6,132.1,False,False,False,2794.0,848.0
89,0901,1,2003,2003-06-25,2.1450999975204468,1156.75,1.2000000476837158,2041.0,71.0,80,4166,8,132.1,False,False,False,2794.0,651.0
89,0901,2,2004,2004-05-20,0.9024000048637392,1241.83,0.800000011920929,2025.0,70.0,83,4946,9,208.3,False,False,False,2870.2,330.0
89,0901,2,2007,2007-08-27,2.4342999815940853,1024.46,1.7000000476837158,1881.0,72.0,80,7815,12,208.3,False,False,False,2870.2,1194.0
89,0901,3,2010,2010-09-18,0.5321000039577484,1077.93,3.700000047683716,1276.0,87.0,81,11692,15,208.3,False,False,False,2870.2,1118.0
89,0901,3,2011,2011-08-08,0.5804999887943267,1288.26,2.5,1665.0,70.0,82,13266,16,208.3,False,False,False,2870.2,324.0
89,0901,3,2015,2015-10-26,0.6347000002861023,1174.9,1.5,1960.0,72.0,81,21410,20,208.3,False,False,False,2870.2,1540.0
89,0902,1,1997,1997-04-04,1.2156000077724456,1073.34,0.6000000238418579,2051.0,55.0,81,742,2,139.7,False,False,False,1013.5,0.0
89,0902,1,1999,1999-05-18,1.5495999932289122,1108.78,2.900000095367432,1596.0,90.0,81,1615,4,139.7,False,False,False,1013.5,774.0
89,0902,1,2001,2001-09-12,2.040700006484985,1047.79,2.900000095367432,1548.0,67.0,82,2778,6,139.7,False,False,False,1013.5,848.0
89,0902,1,2003,2003-06-25,2.3966000318527225,1156.75,1.2000000476837158,2041.0,71.0,80,4166,8,139.7,False,False,False,1013.5,651.0
89,0902,2,2004,2004-05-20,0.9107999920845032,1241.83,0.800000011920929,2025.0,70.0,83,4946,9,215.9,False,False,False,1089.7,330.0
89,0902,2,2007,2007-08-27,1.988900005817413,1024.46,1.7000000476837158,1881.0,72.0,80,7815,12,215.9,False,False,False,1089.7,1194.0
89,0902,3,2010,2010-09-18,0.6479000091552735,1077.93,3.700000047683716,1276.0,87.0,81,11692,15,208.2,False,False,False,1082.0,1118.0
89,0902,3,2011,2011-08-08,0.6732999980449677,1288.26,2.5,1665.0,70.0,82,13266,16,208.2,False,False,False,1082.0,324.0
89,0902,3,2015,2015-10-26,0.6963000118732452,1174.9,1.5,1960.0,72.0,81,21410,20,208.2,False,False,False,1082.0,1540.0
89,0903,1,1997,1997-04-04,1.282199990749359,1073.34,0.6000000238418579,2051.0,55.0,81,742,2,134.7,False,False,False,3266.5,0.0
89,0903,1,1999,1999-05-18,1.3901999950408936,1108.78,2.900000095367432,1596.0,90.0,81,1615,4,134.7,False,False,False,3266.5,774.0
89,0903,1,2001,2001-09-12,1.5852999925613402,1047.79,2.900000095367432,1548.0,67.0,82,2778,6,134.7,False,False,False,3266.5,848.0
89,0903,1,2003,2003-06-25,1.7782999873161316,1156.75,1.2000000476837158,2041.0,71.0,80,4166,8,134.7,False,False,False,3266.5,651.0
89,0903,2,2004,2004-05-20,0.9856000065803528,1241.83,0.800000011920929,2025.0,70.0,83,4946,9,208.4,False,False,False,3340.2,330.0
89,0903,2,2007,2007-08-27,2.7348999977111816,1024.46,1.7000000476837158,1881.0,72.0,80,7815,12,208.4,False,False,False,3340.2,1194.0
89,0903,3,2010,2010-09-18,0.7231000006198883,1077.93,3.700000047683716,1276.0,87.0,81,11692,15,200.7,False,False,False,3332.5,1118.0
89,0903,3,2011,2011-08-08,0.7662999987602235,1288.26,2.5,1665.0,70.0,82,13266,16,200.7,False,False,False,3332.5,324.0
89,0903,3,2015,2015-10-26,0.8470000088214874,1174.9,1.5,1960.0,72.0,81,21410,20,200.7,False,False,False,3332.5,1540.0
89,1021,1,1989,1989-09-23,1.411300003528595,1160.04,2.299999952316284,1919.0,60.0,83,4250,7,127.0,False,False,False,2418.1,0.0
89,1021,1,1990,1990-08-23,1.453900009393692,1431.97,3.799999952316284,1314.0,80.0,85,4934,8,127.0,False,False,False,2418.1,334.0
89,1021,1,1991,1991-07-16,1.555999994277954,1346.95,3.700000047683716,1420.0,77.0,83,5639,9,127.0,False,False,False,2418.1,327.0
89,1021,1,1992,1992-08-25,1.745699977874756,1303.24,2.5,1563.0,90.0,83,6214,10,127.0,False,False,False,2418.1,406.0
89,1021,1,1993,1993-08-12,1.824799990653992,1374.49,2.900000095367432,1639.0,84.0,82,6939,11,127.0,False,False,False,2418.1,352.0
89,1021,1,1994,1994-07-19,2.144599997997284,1186.0,3.299999952316284,1587.0,74.0,82,7719,12,127.0,False,False,False,2418.1,341.0
89,1021,1,1995,1995-05-17,2.0966999888420106,1513.67,3.799999952316284,1453.0,70.0,81,8435,13,127.0,False,False,False,2418.1,302.0
89,1021,2,1995,1995-07-19,2.139199995994568,1513.67,3.799999952316284,1453.0,70.0,81,8435,13,127.0,False,False,False,2418.1,63.0
89,1021,3,1997,1997-07-16,0.9724000215530396,1189.57,2.900000095367432,1618.0,66.0,81,9942,15,287.0,False,False,False,2578.1,728.0
89,1021,3,1999,1999-05-12,0.9781999945640564,1413.42,5.0,1228.0,91.0,81,11663,17,287.0,False,False,False,2578.1,665.0
89,1021,3,2001,2001-09-18,0.9702000081539154,1019.5,4.699999809265137,1233.0,82.0,83,13377,19,287.0,False,False,False,2578.1,860.0
89,1021,3,2003,2003-06-23,0.9752000033855438,1683.31,3.299999952316284,1627.0,75.0,81,15163,21,287.0,False,False,False,2578.1,643.0
89,1021,3,2005,2005-07-26,1.036000007390976,1443.54,4.5,1310.0,67.0,83,17021,23,287.0,False,False,False,2578.1,764.0
89,1021,4,2011,2011-08-07,1.0570000052452089,1609.49,4.800000190734863,1256.0,66.0,84,23031,29,287.0,False,False,False,2578.1,2203.0
89,1021,5,2015,2015-10-27,0.9321000039577484,1378.12,3.5999999046325684,1594.0,71.0,83,27399,33,378.5,False,False,False,2669.6,1542.0
89,1125,1,1989,1989-09-25,2.0236999869346617,1244.92,2.400000095367432,1884.0,57.0,83,7020,12,132.1,False,False,False,1092.2,0.0
89,1125,1,1990,1990-06-22,2.1526000261306764,1482.4,4.0,1248.0,78.0,84,7784,13,132.1,False,False,False,1092.2,270.0
89,1125,1,1991,1991-09-04,2.561500012874604,1361.86,3.900000095367432,1366.0,75.0,83,8628,14,132.1,False,False,False,1092.2,439.0
89,1125,1,1992,1992-08-27,2.8259999990463256,1263.73,2.700000047683716,1503.0,88.0,83,9494,15,132.1,False,False,False,1092.2,358.0
89,1125,1,1994,1994-07-20,3.44740002155304,1231.35,3.400000095367432,1563.0,75.0,83,10799,17,132.1,False,False,False,1092.2,692.0
89,1125,1,1995,1995-07-20,3.817099976539612,1502.7,3.799999952316284,1430.0,65.0,82,11534,18,132.1,False,False,False,1092.2,365.0
89,1125,1,1996,1996-05-07,3.885299992561341,1607.91,4.0,1267.0,95.0,82,12269,19,132.1,False,False,False,1092.2,292.0
89,1125,2,1997,1997-07-17,1.691199994087219,1254.55,2.799999952316284,1599.0,64.0,83,13078,20,180.4,False,False,False,1140.5,436.0
89,1125,2,1999,1999-05-13,1.7909999966621395,1400.91,5.199999809265137,1172.0,94.0,82,14859,22,180.4,False,False,False,1140.5,665.0
89,1125,2,2001,2001-09-11,1.8692000031471248,1013.43,4.800000190734863,1199.0,76.0,83,16918,24,180.4,False,False,False,1140.5,852.0
89,1125,2,2003,2003-06-23,2.018900012969971,1636.73,3.5999999046325684,1563.0,74.0,81,19200,26,180.4,False,False,False,1140.5,650.0
89,1125,2,2005,2005-07-27,2.388000011444092,1563.43,4.800000190734863,1233.0,61.0,83,21426,28,180.4,False,False,False,1140.5,765.0
89,1125,2,2007,2007-08-28,2.810400009155273,1427.08,3.700000047683716,1486.0,72.0,82,23880,30,180.4,False,False,False,1140.5,762.0
89,1127,1,1989,1989-09-25,2.58340003490448,1187.54,2.299999952316284,1844.0,67.0,83,5943,12,124.5,False,False,False,1135.5,0.0
89,1127,1,1990,1990-06-21,2.647400045394898,1388.9,3.900000095367432,1214.0,84.0,84,6522,13,124.5,False,False,False,1135.5,269.0
89,1127,1,1991,1991-09-04,2.786399984359741,1227.78,3.700000047683716,1339.0,77.0,83,7112,14,124.5,False,False,False,1135.5,440.0
89,1127,1,1992,1992-08-27,2.813999962806702,1165.71,2.5999999046325684,1463.0,87.0,82,7448,15,124.5,False,False,False,1135.5,358.0
89,1127,1,1993,1993-08-15,2.97110002040863,1271.91,2.700000047683716,1605.0,85.0,83,7992,16,124.5,False,False,False,1135.5,353.0
89,1127,1,1994,1994-04-27,3.7311999082565306,1189.22,3.200000047683716,1549.0,80.0,83,8618,17,124.5,False,False,False,1135.5,255.0
89,1127,2,1994,1994-07-20,2.866600012779236,1189.22,3.200000047683716,1549.0,80.0,83,8618,17,124.5,False,False,False,1135.5,84.0
89,1127,3,1994,1994-10-21,1.0212999999523162,1189.22,3.200000047683716,1549.0,80.0,83,8618,17,188.0,False,False,False,1199.0,93.0
89,1127,3,1995,1995-07-20,1.060999995470047,1326.53,3.5999999046325684,1404.0,70.0,82,9257,18,188.0,False,False,False,1199.0,272.0
89,1127,3,1997,1997-07-17,1.235099995136261,1170.09,2.5,1588.0,73.0,83,10543,20,188.0,False,False,False,1199.0,728.0
89,1127,3,1999,1999-05-13,1.2556999921798706,1222.85,4.800000190734863,1153.0,101.0,83,11546,22,188.0,False,False,False,1199.0,665.0
89,1127,3,2001,2001-09-11,1.3634999990463257,939.65,4.599999904632568,1186.0,76.0,84,12968,24,188.0,False,False,False,1199.0,852.0
89,1127,3,2003,2003-06-24,1.4334000110626222,1459.97,3.299999952316284,1538.0,76.0,82,14475,26,188.0,False,False,False,1199.0,651.0
89,2011,1,1989,1989-09-21,1.107799994945526,1526.6,2.0999999046325684,1751.0,66.0,84,1196,11,76.2,False,True,False,1148.1,0.0
89,2011,1,1990,1990-06-21,1.096999990940094,1636.79,4.0,1089.0,90.0,86,1329,12,76.2,False,True,False,1148.1,273.0
89,2011,1,1991,1991-07-13,1.158399987220764,1443.01,3.700000047683716,1228.0,79.0,84,1473,13,76.2,False,True,False,1148.1,387.0
89,2011,1,1992,1992-08-27,1.1654999911785129,1286.74,2.5,1359.0,95.0,84,1532,14,76.2,False,True,False,1148.1,411.0
89,2011,1,1993,1993-08-11,1.2936000108718873,1391.12,2.5999999046325684,1473.0,82.0,84,1599,15,76.2,False,True,False,1148.1,349.0
89,2011,1,1994,1994-07-22,1.15450000166893,1458.59,2.900000095367432,1472.0,77.0,85,1661,16,76.2,False,True,False,1148.1,345.0
89,2011,1,1995,1995-07-16,1.1659000158309936,1369.15,3.5,1316.0,70.0,83,1723,17,76.2,False,True,False,1148.1,359.0
89,2011,1,1997,1997-07-14,1.2805999994277957,1410.37,2.5,1432.0,75.0,84,1888,19,76.2,False,True,False,1148.1,729.0
89,2011,1,1999,1999-05-11,1.525599980354309,1339.8,4.699999809265137,1038.0,94.0,83,2039,21,76.2,False,True,False,1148.1,666.0
89,2011,2,2001,2001-09-19,1.7509999752044676,1134.9,4.199999809265137,1168.0,66.0,84,2207,23,76.2,False,True,False,1148.1,862.0
89,2011,3,2003,2003-06-19,2.2068999886512755,1561.92,3.0999999046325684,1491.0,70.0,84,2374,25,76.2,False,True,False,1148.1,638.0
89,2011,3,2004,2004-05-25,2.518199992179871,1424.18,3.0,1440.0,87.0,84,2459,26,76.2,False,True,False,1148.1,341.0
89,2011,3,2005,2005-06-10,3.21760003566742,1661.73,4.0,1246.0,70.0,85,2545,27,76.2,False,True,False,1148.1,381.0
89,A310,2,1992,1992-08-25,1.2789999842643738,1303.24,2.5,1563.0,90.0,83,6214,10,170.2,False,False,False,2461.3,0.0
89,A310,2,1995,1995-06-17,1.558899986743927,1513.67,3.799999952316284,1453.0,70.0,81,8435,13,170.2,False,False,False,2461.3,1026.0
89,A320,1,1990,1990-06-24,1.399999988079071,1431.97,3.799999952316284,1314.0,80.0,85,4934,8,124.4,False,False,False,2415.5,0.0
89,A320,3,1992,1992-08-25,1.7584999918937685,1303.24,2.5,1563.0,90.0,83,6214,10,126.9,False,False,False,2418.0,793.0
89,A320,3,1995,1995-06-17,2.0366000115871428,1513.67,3.799999952316284,1453.0,70.0,81,8435,13,126.9,False,False,False,2418.0,1026.0
89,A330,1,1990,1990-06-24,1.222099983692169,1431.97,3.799999952316284,1314.0,80.0,85,4934,8,124.4,False,False,False,2415.5,0.0
89,A330,2,1992,1992-08-25,1.4023000001907349,1303.24,2.5,1563.0,90.0,83,6214,10,124.4,False,False,False,2415.5,793.0
89,A330,2,1995,1995-06-17,2.031249976158142,1513.67,3.799999952316284,1453.0,70.0,81,8435,13,124.4,False,False,False,2415.5,1026.0
89,A340,1,1990,1990-06-24,1.5195000052452086,1431.97,3.799999952316284,1314.0,80.0,85,4934,8,116.8,False,False,False,2407.9,0.0
89,A340,1,1992,1992-08-25,1.8111999869346616,1303.24,2.5,1563.0,90.0,83,6214,10,116.8,False,False,False,2407.9,793.0
89,A340,1,1994,1994-07-19,2.43219997882843,1186.0,3.299999952316284,1587.0,74.0,82,7719,12,116.8,False,False,False,2407.9,693.0
89,A340,1,1995,1995-06-17,2.6062000155448914,1513.67,3.799999952316284,1453.0,70.0,81,8435,13,116.8,False,False,False,2407.9,333.0
89,A350,1,1990,1990-06-24,1.5371999979019164,1431.97,3.799999952316284,1314.0,80.0,85,4934,8,122.0,False,False,False,2413.1,0.0
89,A350,2,1992,1992-08-25,1.90699999332428,1303.24,2.5,1563.0,90.0,83,6214,10,127.1,False,False,False,2418.2,793.0
89,A350,2,1995,1995-06-17,2.446649980545044,1513.67,3.799999952316284,1453.0,70.0,81,8435,13,127.1,False,False,False,2418.2,1026.0
89,A901,1,1997,1997-04-04,1.846900010108948,1073.34,0.6000000238418579,2051.0,55.0,81,738,2,134.6,False,False,True,1610.4,0.0
89,A901,1,1999,1999-05-18,1.9319000124931336,1108.78,2.900000095367432,1596.0,90.0,81,1606,4,134.6,False,False,True,1610.4,774.0
89,A901,1,2001,2001-09-12,2.341099977493286,1047.79,2.900000095367432,1548.0,67.0,82,2715,6,134.6,False,False,True,1610.4,848.0
89,A901,1,2003,2003-06-25,2.5204999685287475,1156.75,1.2000000476837158,2041.0,71.0,80,4103,8,134.6,False,False,True,1610.4,651.0
89,A901,2,2004,2004-05-20,0.906199997663498,1241.83,0.800000011920929,2025.0,70.0,83,4871,9,203.2,False,False,True,1679.0,330.0
89,A901,2,2007,2007-08-27,2.155900001525879,1024.46,1.7000000476837158,1881.0,72.0,80,7694,12,203.2,False,False,True,1679.0,1194.0
89,A901,3,2010,2010-09-18,0.581300002336502,1077.93,3.700000047683716,1276.0,87.0,81,11508,15,203.2,False,False,True,1679.0,1118.0
89,A901,3,2011,2011-08-08,0.6378000020980835,1288.26,2.5,1665.0,70.0,82,13057,16,203.2,False,False,True,1679.0,324.0
89,A901,3,2015,2015-10-26,0.7660999953746797,1174.9,1.5,1960.0,72.0,81,21067,20,203.2,False,False,True,1679.0,1540.0
89,A902,1,1997,1997-04-04,1.6064999938011169,1073.34,0.6000000238418579,2051.0,55.0,81,738,2,129.5,False,False,True,5755.5,0.0
89,A902,1,1999,1999-05-18,2.0286000251770018,1108.78,2.900000095367432,1596.0,90.0,81,1606,4,129.5,False,False,True,5755.5,774.0
89,A902,1,2001,2001-09-12,2.654199981689453,1047.79,2.900000095367432,1548.0,67.0,82,2715,6,129.5,False,False,True,5755.5,848.0
89,A902,1,2003,2003-06-25,3.040600037574768,1156.75,1.2000000476837158,2041.0,71.0,80,4103,8,129.5,False,False,True,5755.5,651.0
89,A902,2,2004,2004-05-20,0.7626000046730042,1241.83,0.800000011920929,2025.0,70.0,83,4871,9,205.7,False,False,True,5831.700000000001,330.0
89,A902,2,2007,2007-08-27,1.925099992752076,1024.46,1.7000000476837158,1881.0,72.0,80,7694,12,205.7,False,False,True,5831.700000000001,1194.0
89,A902,3,2010,2010-09-18,0.580300009250641,1077.93,3.700000047683716,1276.0,87.0,81,11508,15,203.2,False,False,True,5829.2,1118.0
89,A902,3,2011,2011-08-08,0.6068999946117402,1288.26,2.5,1665.0,70.0,82,13057,16,203.2,False,False,True,5829.2,324.0
89,A902,3,2015,2015-10-26,0.6823000013828278,1174.9,1.5,1960.0,72.0,81,21067,20,203.2,False,False,True,5829.2,1540.0
89,A903,1,1997,1997-04-04,1.781500017642975,1073.34,0.6000000238418579,2051.0,55.0,81,738,2,127.0,False,False,True,2730.5,0.0
89,A903,1,1999,1999-05-18,1.9009000062942505,1108.78,2.900000095367432,1596.0,90.0,81,1606,4,127.0,False,False,True,2730.5,774.0
89,A903,1,2001,2001-09-12,2.7335000038146973,1047.79,2.900000095367432,1548.0,67.0,82,2715,6,127.0,False,False,True,2730.5,848.0
89,A903,1,2003,2003-06-25,3.3412999629974367,1156.75,1.2000000476837158,2041.0,71.0,80,4103,8,127.0,False,False,True,2730.5,651.0
89,A903,2,2004,2004-05-20,0.8858999967575074,1241.83,0.800000011920929,2025.0,70.0,83,4871,9,190.5,False,False,True,2794.0,330.0
89,A903,2,2007,2007-08-27,2.8227999925613405,1024.46,1.7000000476837158,1881.0,72.0,80,7694,12,190.5,False,False,True,2794.0,1194.0
89,A903,3,2010,2010-09-18,0.5731999933719635,1077.93,3.700000047683716,1276.0,87.0,81,11508,15,190.5,False,False,True,2794.0,1118.0
89,A903,3,2011,2011-08-08,0.6463999927043915,1288.26,2.5,1665.0,70.0,82,13057,16,190.5,False,False,True,2794.0,324.0
89,A903,3,2015,2015-10-26,0.7134999871253968,1174.9,1.5,1960.0,72.0,81,21067,20,190.5,False,False,True,2794.0,1540.0
90,6400,1,1989,1989-10-21,1.1932999968528748,424.22,2.299999952316284,2038.0,78.0,64,2304,18,256.6,False,False,False,256.6,0.0
90,6400,1,1990,1990-06-01,1.2693000078201293,456.56,3.200000047683716,1612.0,107.0,66,2363,19,256.6,False,False,False,256.6,223.0
90,6400,1,1991,1991-07-17,1.435699987411499,574.91,3.5,1591.0,79.0,69,2419,20,256.6,False,False,False,256.6,411.0
90,6400,1,1992,1992-08-28,1.4884000182151795,506.42,3.200000047683716,1312.0,97.0,70,2484,21,256.6,False,False,False,256.6,408.0
90,6400,1,1993,1993-06-14,1.540999984741211,530.06,2.700000047683716,1455.0,99.0,70,2543,22,256.6,False,False,False,256.6,290.0
90,6400,1,1994,1994-07-19,1.7484000086784364,437.72,2.900000095367432,1723.0,86.0,68,2611,23,256.6,False,False,False,256.6,400.0
90,6400,1,1995,1995-06-25,1.954199993610382,667.31,1.899999976158142,1920.0,80.0,71,2674,24,256.6,False,False,False,256.6,341.0
90,6400,1,1997,1997-07-14,2.7049000024795533,513.89,3.5,1543.0,88.0,68,2786,26,256.6,False,False,False,256.6,750.0
90,6400,2,1998,1998-08-28,2.783499956130981,604.86,4.300000190734863,1383.0,82.0,71,2825,27,269.3,False,False,False,269.3,410.0
90,6400,2,1999,1999-07-10,2.706399989128113,593.06,4.0,1175.0,108.0,72,2862,28,269.3,False,False,False,269.3,316.0
90,6400,2,2000,2000-06-25,2.7799999952316288,539.17,2.5999999046325684,1763.0,79.0,70,2907,29,269.3,False,False,False,269.3,351.0
90,6400,3,2001,2001-06-20,1.736900007724762,421.79,4.199999809265137,1290.0,76.0,69,2962,30,269.3,False,False,False,269.3,360.0
90,6400,3,2002,2002-05-14,1.6908000111579895,534.92,2.900000095367432,1445.0,112.0,69,3009,31,269.3,False,False,False,269.3,328.0
90,6400,3,2004,2004-10-15,2.36659996509552,614.45,2.5999999046325684,1500.0,111.0,70,3105,33,269.3,False,False,False,269.3,885.0
90,6405,1,1989,1989-10-22,1.1140000104904175,438.79,1.7000000476837158,2113.0,68.0,67,2235,21,71.1,False,False,True,363.2,0.0
90,6405,1,1990,1990-05-29,1.356499981880188,538.72,2.5999999046325684,1741.0,94.0,66,2380,22,71.1,False,False,True,363.2,219.0
90,6405,1,1991,1991-07-18,1.2970999836921693,489.4,3.0,1792.0,76.0,68,2517,23,71.1,False,False,True,363.2,415.0
90,6405,1,1992,1992-08-29,1.137599986791611,419.74,3.0999999046325684,1395.0,88.0,68,2653,24,71.1,False,False,True,363.2,408.0
90,6405,1,1993,1993-08-30,1.546050000190735,609.37,2.400000095367432,1512.0,89.0,70,2803,25,71.1,False,False,True,363.2,366.0
90,6405,1,1994,1994-04-29,1.6028333266576131,470.59,2.400000095367432,1866.0,80.0,68,2972,26,71.1,False,False,True,363.2,242.0
90,6405,1,1995,1995-03-15,1.7083888914850025,575.21,1.7999999523162842,1966.0,71.0,68,3153,27,71.1,False,False,True,363.2,320.0
90,6405,2,1995,1995-06-24,1.6807000041007996,575.21,1.7999999523162842,1966.0,71.0,68,3153,27,71.1,False,False,True,363.2,101.0
90,6405,2,1997,1997-03-08,2.1441500186920166,502.27,3.299999952316284,1596.0,87.0,68,3556,29,71.1,False,False,True,363.2,623.0
90,6405,3,1997,1997-07-13,2.2242999911308288,502.27,3.299999952316284,1596.0,87.0,68,3556,29,71.1,False,False,True,363.2,127.0
90,6405,4,1997,1997-09-15,2.2347999930381777,502.27,3.299999952316284,1596.0,87.0,68,3556,29,71.1,False,False,True,363.2,64.0
90,6405,4,1998,1998-08-28,2.0628000140190124,558.62,4.0,1486.0,77.0,68,3741,30,71.1,False,False,True,363.2,347.0
90,6405,4,1999,1999-07-11,2.2703999876976013,517.38,3.799999952316284,1229.0,95.0,70,3921,31,71.1,False,False,True,363.2,317.0
90,6405,5,2000,2000-06-26,0.7194000005722045,398.74,2.200000047683716,1840.0,74.0,68,4144,32,154.89999999999998,False,False,True,447.0,351.0
90,6405,5,2001,2001-06-19,0.7575999975204468,273.55,4.099999904632568,1362.0,87.0,66,4373,33,154.89999999999998,False,False,True,447.0,358.0
90,6405,5,2002,2002-05-16,0.746399998664856,443.81,2.400000095367432,1583.0,94.0,68,4637,34,154.89999999999998,False,False,True,447.0,331.0
90,6405,6,2004,2004-10-14,0.816699993610382,675.5,2.0999999046325684,1593.0,108.0,72,5114,36,154.89999999999998,False,False,True,447.0,882.0
90,6405,6,2007,2007-10-03,0.9194000065326692,523.65,2.5,1775.0,63.0,72,5835,39,154.89999999999998,False,False,True,447.0,1084.0
90,6410,1,1989,1989-10-17,1.9241666595141087,348.95,2.799999952316284,1867.0,76.0,64,6823,22,116.8,False,False,False,355.6,0.0
90,6410,2,1990,1990-05-30,1.4146000027656556,463.75,3.5,1605.0,102.0,64,7168,23,172.70000000000002,False,False,False,411.5,225.0
90,6410,2,1991,1991-07-18,1.0478999614715576,527.04,4.0,1573.0,77.0,66,7561,24,172.70000000000002,False,False,False,411.5,414.0
90,6410,3,1992,1992-08-29,0.8203000068664551,394.98,3.700000047683716,1311.0,101.0,67,7968,25,172.7,False,False,False,411.5,408.0
90,6410,3,1993,1993-06-13,1.1944000005722046,543.33,3.200000047683716,1443.0,81.0,68,8333,26,172.7,False,False,False,411.5,288.0
90,6410,3,1994,1994-07-20,1.0972000122070311,427.15,3.299999952316284,1739.0,83.0,65,8710,27,172.7,False,False,False,411.5,402.0
90,6410,3,1995,1995-06-24,1.208900010585785,480.38,2.700000047683716,1783.0,78.0,65,9122,28,172.7,False,False,False,411.5,339.0
90,6410,3,1997,1997-07-12,1.1705000042915343,346.21,4.099999904632568,1444.0,89.0,66,10126,30,172.7,False,False,False,411.5,749.0
90,6410,3,1998,1998-08-26,1.1864999890327457,447.11,4.599999904632568,1430.0,74.0,66,10644,31,172.7,False,False,False,411.5,410.0
90,6410,3,1999,1999-07-12,1.2730000257492065,434.7,4.699999809265137,1100.0,96.0,68,11172,32,172.7,False,False,False,411.5,320.0
90,6410,3,2000,2000-06-27,1.2549999833106993,400.29,2.900000095367432,1749.0,79.0,66,11721,33,172.7,False,False,False,411.5,351.0
90,6410,3,2001,2001-06-18,1.247700023651123,219.87,4.900000095367432,1273.0,85.0,64,12263,34,172.7,False,False,False,411.5,356.0
90,6410,4,2002,2002-05-15,1.16489999294281,363.97,3.0999999046325684,1432.0,108.0,66,12820,35,172.7,False,False,False,411.5,331.0
90,6410,5,2004,2004-10-14,1.4547999978065491,666.42,3.299999952316284,1341.0,120.0,70,13936,37,172.7,False,False,False,411.5,883.0
90,6412,1,1989,1989-10-17,1.7517500122388203,348.95,2.799999952316284,1867.0,76.0,64,6823,22,111.8,False,False,False,360.7,0.0
90,6412,2,1990,1990-05-30,1.0399000108242036,463.75,3.5,1605.0,102.0,64,7168,23,213.4,False,False,False,462.3,225.0
90,6412,2,1991,1991-07-18,0.8459999978542327,527.04,4.0,1573.0,77.0,66,7561,24,213.4,False,False,False,462.3,414.0
90,6412,2,1992,1992-08-29,0.8203000068664551,394.98,3.700000047683716,1311.0,101.0,67,7968,25,213.4,False,False,False,462.3,408.0
90,6412,2,1993,1993-06-13,0.9756999909877776,543.33,3.200000047683716,1443.0,81.0,68,8333,26,213.4,False,False,False,462.3,288.0
90,6412,2,1994,1994-07-20,0.871799999475479,427.15,3.299999952316284,1739.0,83.0,65,8710,27,213.4,False,False,False,462.3,402.0
90,6412,2,1995,1995-06-24,0.9110999882221222,480.38,2.700000047683716,1783.0,78.0,65,9122,28,213.4,False,False,False,462.3,339.0
90,6412,2,1997,1997-07-12,1.013699996471405,346.21,4.099999904632568,1444.0,89.0,66,10126,30,213.4,False,False,False,462.3,749.0
90,6412,2,1998,1998-08-26,1.0474000036716462,447.11,4.599999904632568,1430.0,74.0,66,10644,31,213.4,False,False,False,462.3,410.0
90,6412,2,1999,1999-07-12,1.0342000007629395,434.7,4.699999809265137,1100.0,96.0,68,11172,32,213.4,False,False,False,462.3,320.0
90,6412,2,2000,2000-06-27,1.0417000114917756,400.29,2.900000095367432,1749.0,79.0,66,11721,33,213.4,False,False,False,462.3,351.0
90,6412,2,2001,2001-06-18,1.0989999711513518,219.87,4.900000095367432,1273.0,85.0,64,12263,34,213.4,False,False,False,462.3,356.0
90,6412,3,2002,2002-05-15,1.093500018119812,363.97,3.0999999046325684,1432.0,108.0,66,12820,35,213.4,False,False,False,462.3,331.0
90,6412,4,2004,2004-10-14,1.1766000032424926,666.42,3.299999952316284,1341.0,120.0,70,13936,37,213.4,False,False,False,462.3,883.0
90,6420,1,1990,1990-05-31,2.8768999576568604,423.54,3.400000095367432,1535.0,106.0,65,1625,20,185.4,False,False,False,185.4,0.0
90,6420,1,1991,1991-07-17,2.91080002784729,564.39,3.5999999046325684,1505.0,87.0,69,1678,21,185.4,False,False,False,185.4,412.0
90,6420,2,1992,1992-08-28,3.347899985313416,503.52,3.299999952316284,1267.0,98.0,70,1734,22,185.4,False,False,False,185.4,408.0
90,6420,3,1993,1993-06-12,3.790099954605103,579.55,2.5999999046325684,1431.0,98.0,70,1790,23,185.4,False,False,False,185.4,288.0
90,6420,4,1993,1993-11-19,5.538000011444092,579.55,2.5999999046325684,1431.0,98.0,70,1790,23,185.4,False,False,False,185.4,160.0
90,6420,4,1994,1994-07-19,4.457499980926514,486.97,2.799999952316284,1697.0,88.0,68,1844,24,185.4,False,False,False,185.4,242.0
90,6420,4,1995,1995-06-25,4.0645999193191535,636.98,2.0999999046325684,1836.0,82.0,71,1917,25,185.4,False,False,False,185.4,341.0
90,6420,6,1997,1997-04-28,5.48109998703003,588.52,3.5,1513.0,87.0,69,2047,27,210.8,False,False,False,210.8,673.0
90,6420,7,1998,1998-08-28,1.3318999767303468,615.04,4.199999809265137,1363.0,80.0,71,2086,28,274.3,False,False,False,274.3,487.0
90,6420,7,1999,1999-07-10,1.44889999628067,588.58,4.0,1130.0,106.0,72,2120,29,274.3,False,False,False,274.3,316.0
90,6420,7,2000,2000-06-25,1.4655999898910523,516.9,2.5999999046325684,1717.0,77.0,69,2157,30,274.3,False,False,False,274.3,351.0
90,6420,7,2001,2001-06-20,1.6338000059127809,427.17,4.199999809265137,1282.0,78.0,69,2210,31,274.3,False,False,False,274.3,360.0
90,6420,7,2002,2002-05-14,1.7358999848365784,520.69,2.900000095367432,1412.0,115.0,69,2270,32,274.3,False,False,False,274.3,328.0
90,6420,7,2004,2004-10-15,1.7151000142097472,639.32,2.5999999046325684,1455.0,106.0,71,2389,34,274.3,False,False,False,274.3,885.0
90,6801,1,1989,1989-10-21,1.4666999936103822,424.22,2.299999952316284,2038.0,78.0,64,2304,18,284.5,False,False,False,284.5,0.0
90,6801,1,1990,1990-05-31,1.6866999983787536,456.56,3.200000047683716,1612.0,107.0,66,2363,19,284.5,False,False,False,284.5,222.0
90,6801,1,1991,1991-07-17,1.751300001144409,574.91,3.5,1591.0,79.0,69,2419,20,284.5,False,False,False,284.5,412.0
90,6801,1,1992,1992-08-28,1.7911999940872194,506.42,3.200000047683716,1312.0,97.0,70,2484,21,284.5,False,False,False,284.5,408.0
90,6801,1,1993,1993-06-14,2.0769999980926515,530.06,2.700000047683716,1455.0,99.0,70,2543,22,284.5,False,False,False,284.5,290.0
90,6801,1,1994,1994-07-19,2.160800039768219,437.72,2.900000095367432,1723.0,86.0,68,2611,23,284.5,False,False,False,284.5,400.0
90,6801,1,1995,1995-06-25,2.2583999633789062,667.31,1.899999976158142,1920.0,80.0,71,2674,24,284.5,False,False,False,284.5,341.0
90,6801,1,1997,1997-07-14,2.636800003051758,513.89,3.5,1543.0,88.0,68,2786,26,284.5,False,False,False,284.5,750.0
90,6801,1,1998,1998-08-28,2.780699992179871,604.86,4.300000190734863,1383.0,82.0,71,2825,27,284.5,False,False,False,284.5,410.0
90,6801,1,1999,1999-07-10,2.804599976539612,593.06,4.0,1175.0,108.0,72,2862,28,284.5,False,False,False,284.5,316.0
90,6801,1,2000,2000-06-25,2.8026000022888184,539.17,2.5999999046325684,1763.0,79.0,70,2907,29,284.5,False,False,False,284.5,351.0
90,6801,2,2001,2001-06-20,1.8209999918937685,421.79,4.199999809265137,1290.0,76.0,69,2962,30,284.5,False,False,False,284.5,360.0
90,6801,2,2002,2002-05-14,2.064199995994568,534.92,2.900000095367432,1445.0,112.0,69,3009,31,284.5,False,False,False,284.5,328.0
90,6801,2,2004,2004-10-15,2.296800017356873,614.45,2.5999999046325684,1500.0,111.0,70,3105,33,284.5,False,False,False,284.5,885.0
90,A310,1,1990,1990-05-31,2.8727999925613403,423.54,3.400000095367432,1535.0,106.0,65,1625,20,203.2,False,False,False,203.2,0.0
90,A310,2,1991,1991-07-17,1.1490000128746032,564.39,3.5999999046325684,1505.0,87.0,69,1678,21,231.1,False,False,False,231.1,412.0
90,A310,2,1992,1992-08-28,1.246299993991852,503.52,3.299999952316284,1267.0,98.0,70,1734,22,231.1,False,False,False,231.1,408.0
90,A310,2,1993,1993-08-31,1.9826500058174128,579.55,2.5999999046325684,1431.0,98.0,70,1790,23,231.1,False,False,False,231.1,368.0
90,A310,2,1994,1994-07-19,1.5654999971389771,486.97,2.799999952316284,1697.0,88.0,68,1844,24,231.1,False,False,False,231.1,322.0
90,A310,2,1995,1995-06-25,1.5308000087738036,636.98,2.0999999046325684,1836.0,82.0,71,1917,25,231.1,False,False,False,231.1,341.0
90,A310,2,1997,1997-04-28,2.378000020980835,588.52,3.5,1513.0,87.0,69,2047,27,231.1,False,False,False,231.1,673.0
90,A320,1,1990,1990-05-31,3.617700004577637,423.54,3.400000095367432,1535.0,106.0,65,1625,20,170.2,False,False,False,170.2,0.0
90,A320,2,1991,1991-07-17,2.895199990272522,564.39,3.5999999046325684,1505.0,87.0,69,1678,21,172.7,False,False,False,172.7,412.0
90,A320,2,1992,1992-08-28,2.8411000013351444,503.52,3.299999952316284,1267.0,98.0,70,1734,22,172.7,False,False,False,172.7,408.0
90,A320,2,1993,1993-08-31,4.122299993038178,579.55,2.5999999046325684,1431.0,98.0,70,1790,23,172.7,False,False,False,172.7,368.0
90,A320,3,1995,1995-06-25,3.310899996757508,636.98,2.0999999046325684,1836.0,82.0,71,1917,25,172.7,False,False,False,172.7,663.0
90,A320,3,1997,1997-04-28,4.55920000076294,588.52,3.5,1513.0,87.0,69,2047,27,172.7,False,False,False,172.7,673.0
90,A330,1,1990,1990-05-31,3.638899993896485,423.54,3.400000095367432,1535.0,106.0,65,1625,20,185.4,False,False,False,185.4,0.0
90,A330,2,1991,1991-07-17,3.4712999820709225,564.39,3.5999999046325684,1505.0,87.0,69,1678,21,185.4,False,False,False,185.4,412.0
90,A330,2,1992,1992-08-28,3.518899989128113,503.52,3.299999952316284,1267.0,98.0,70,1734,22,185.4,False,False,False,185.4,408.0
90,A330,2,1993,1993-06-12,3.8985999822616577,579.55,2.5999999046325684,1431.0,98.0,70,1790,23,185.4,False,False,False,185.4,288.0
90,A340,1,1990,1990-05-31,2.681000018119812,423.54,3.400000095367432,1535.0,106.0,65,1625,20,208.3,False,False,False,208.3,0.0
90,A340,2,1991,1991-07-17,2.869000017642975,564.39,3.5999999046325684,1505.0,87.0,69,1678,21,208.3,False,False,False,208.3,412.0
90,A340,2,1992,1992-08-28,3.068599963188172,503.52,3.299999952316284,1267.0,98.0,70,1734,22,208.3,False,False,False,208.3,408.0
90,A340,3,1993,1993-06-12,4.2105000734329225,579.55,2.5999999046325684,1431.0,98.0,70,1790,23,208.3,False,False,False,208.3,288.0
90,A340,4,1993,1993-11-19,4.60120005607605,579.55,2.5999999046325684,1431.0,98.0,70,1790,23,208.3,False,False,False,208.3,160.0
90,A340,5,1994,1994-07-19,4.081800055503845,486.97,2.799999952316284,1697.0,88.0,68,1844,24,208.3,False,False,False,208.3,242.0
90,A340,5,1995,1995-06-25,4.0657000064849855,636.98,2.0999999046325684,1836.0,82.0,71,1917,25,208.3,False,False,False,208.3,341.0
90,A340,6,1997,1997-04-28,4.2711000680923465,588.52,3.5,1513.0,87.0,69,2047,27,221.0,False,False,False,221.0,673.0
90,A350,1,1990,1990-05-31,3.0645999908447266,423.54,3.400000095367432,1535.0,106.0,65,1625,20,180.3,False,False,False,180.3,0.0
90,A350,2,1991,1991-07-17,3.1810000419616697,564.39,3.5999999046325684,1505.0,87.0,69,1678,21,190.5,False,False,False,190.5,412.0
90,A350,3,1992,1992-08-28,3.4858999490737914,503.52,3.299999952316284,1267.0,98.0,70,1734,22,190.5,False,False,False,190.5,408.0
90,A350,3,1993,1993-08-31,4.366449999809265,579.55,2.5999999046325684,1431.0,98.0,70,1790,23,190.5,False,False,False,190.5,368.0
90,A350,3,1994,1994-07-19,4.007100057601929,486.97,2.799999952316284,1697.0,88.0,68,1844,24,190.5,False,False,False,190.5,322.0
90,A350,3,1995,1995-06-25,4.12189998626709,636.98,2.0999999046325684,1836.0,82.0,71,1917,25,190.5,False,False,False,190.5,341.0
90,A350,4,1997,1997-04-28,5.047200012207031,588.52,3.5,1513.0,87.0,69,2047,27,190.5,False,False,False,190.5,673.0
90,A351,1,1990,1990-05-31,3.4066999912261964,423.54,3.400000095367432,1535.0,106.0,65,1625,20,182.9,False,False,False,182.9,0.0
90,A351,2,1991,1991-07-17,3.226999998092652,564.39,3.5999999046325684,1505.0,87.0,69,1678,21,193.1,False,False,False,193.1,412.0
90,A351,2,1992,1992-08-28,3.380900001525879,503.52,3.299999952316284,1267.0,98.0,70,1734,22,193.1,False,False,False,193.1,408.0
90,A351,2,1993,1993-08-31,4.064850008487701,579.55,2.5999999046325684,1431.0,98.0,70,1790,23,193.1,False,False,False,193.1,368.0
90,A351,2,1994,1994-07-19,3.535599994659424,486.97,2.799999952316284,1697.0,88.0,68,1844,24,193.1,False,False,False,193.1,322.0
90,A351,2,1995,1995-06-25,3.821500015258789,636.98,2.0999999046325684,1836.0,82.0,71,1917,25,193.1,False,False,False,193.1,341.0
90,A351,2,1997,1997-04-28,4.362400031089782,588.52,3.5,1513.0,87.0,69,2047,27,193.1,False,False,False,193.1,673.0
90,A352,1,1990,1990-05-31,2.02720000743866,423.54,3.400000095367432,1535.0,106.0,65,1625,20,185.4,False,False,False,185.4,0.0
90,A352,2,1991,1991-07-17,2.146900010108948,564.39,3.5999999046325684,1505.0,87.0,69,1678,21,190.5,False,False,False,190.5,412.0
90,A352,2,1993,1993-08-31,2.241250014305115,579.55,2.5999999046325684,1431.0,98.0,70,1790,23,190.5,False,False,False,190.5,776.0
90,A352,2,1994,1994-07-19,2.3288999915122988,486.97,2.799999952316284,1697.0,88.0,68,1844,24,190.5,False,False,False,190.5,322.0
90,A352,2,1995,1995-06-25,2.516899991035461,636.98,2.0999999046325684,1836.0,82.0,71,1917,25,190.5,False,False,False,190.5,341.0
90,A352,2,1997,1997-04-28,3.4603999853134155,588.52,3.5,1513.0,87.0,69,2047,27,190.5,False,False,False,190.5,673.0
90,B310,1,1990,1990-05-29,1.170300006866455,538.72,2.5999999046325684,1741.0,94.0,66,2380,22,71.1,False,True,False,330.2,0.0
90,B310,2,1991,1991-07-18,0.7174999952316283,489.4,3.0,1792.0,76.0,68,2517,23,99.0,False,True,False,358.1,415.0
90,B310,2,1992,1992-08-29,0.7367999970912933,419.74,3.0999999046325684,1395.0,88.0,68,2653,24,99.0,False,True,False,358.1,408.0
90,B310,2,1993,1993-06-12,0.7504000008106232,609.37,2.400000095367432,1512.0,89.0,70,2803,25,99.0,False,True,False,358.1,287.0
90,B310,2,1994,1994-07-19,0.7468999922275543,470.59,2.400000095367432,1866.0,80.0,68,2972,26,99.0,False,True,False,358.1,402.0
90,B310,2,1995,1995-05-25,0.8990999966859818,575.21,1.7999999523162842,1966.0,71.0,68,3153,27,99.0,False,True,False,358.1,310.0
90,B310,2,1997,1997-04-29,1.057499998807907,502.27,3.299999952316284,1596.0,87.0,68,3556,29,99.0,False,True,False,358.1,705.0
90,B310,2,1998,1998-08-28,0.975499987602234,558.62,4.0,1486.0,77.0,68,3741,30,99.0,False,True,False,358.1,486.0
90,B310,2,1999,1999-07-11,0.9884999930858612,517.38,3.799999952316284,1229.0,95.0,70,3921,31,99.0,False,True,False,358.1,317.0
90,B320,1,1990,1990-05-29,1.1392000019550323,538.72,2.5999999046325684,1741.0,94.0,66,2380,22,78.7,False,True,False,337.8,0.0
90,B320,2,1991,1991-07-18,1.2583000183105468,489.4,3.0,1792.0,76.0,68,2517,23,81.2,False,True,False,340.3,415.0
90,B320,2,1992,1992-08-29,1.1721249967813492,419.74,3.0999999046325684,1395.0,88.0,68,2653,24,81.2,False,True,False,340.3,408.0
90,B320,2,1993,1993-06-12,1.424499976634979,609.37,2.400000095367432,1512.0,89.0,70,2803,25,81.2,False,True,False,340.3,287.0
90,B320,2,1994,1994-07-19,1.2769999980926514,470.59,2.400000095367432,1866.0,80.0,68,2972,26,81.2,False,True,False,340.3,402.0
90,B320,2,1995,1995-05-25,1.4838999927043914,575.21,1.7999999523162842,1966.0,71.0,68,3153,27,81.2,False,True,False,340.3,310.0
90,B320,3,1997,1997-04-29,1.9675000190734864,502.27,3.299999952316284,1596.0,87.0,68,3556,29,81.2,False,True,False,340.3,705.0
90,B320,3,1998,1998-08-28,2.1913999915122986,558.62,4.0,1486.0,77.0,68,3741,30,81.2,False,True,False,340.3,486.0
90,B320,3,1999,1999-07-11,2.363499987125397,517.38,3.799999952316284,1229.0,95.0,70,3921,31,81.2,False,True,False,340.3,317.0
90,B330,1,1990,1990-05-29,1.0166999995708466,538.72,2.5999999046325684,1741.0,94.0,66,2380,22,71.1,False,True,False,330.2,0.0
90,B330,2,1991,1991-07-18,0.9516000032424928,489.4,3.0,1792.0,76.0,68,2517,23,71.1,False,True,False,330.2,415.0
90,B330,2,1992,1992-08-29,0.9024999916553498,419.74,3.0999999046325684,1395.0,88.0,68,2653,24,71.1,False,True,False,330.2,408.0
90,B330,2,1993,1993-06-12,1.008100003004074,609.37,2.400000095367432,1512.0,89.0,70,2803,25,71.1,False,True,False,330.2,287.0
90,B330,2,1994,1994-07-19,1.075499987602234,470.59,2.400000095367432,1866.0,80.0,68,2972,26,71.1,False,True,False,330.2,402.0
90,B330,2,1995,1995-05-25,1.1750999957323074,575.21,1.7999999523162842,1966.0,71.0,68,3153,27,71.1,False,True,False,330.2,310.0
90,B330,3,1997,1997-04-29,1.6313999891281128,502.27,3.299999952316284,1596.0,87.0,68,3556,29,71.1,False,True,False,330.2,705.0
90,B330,3,1998,1998-08-28,2.0012999892234804,558.62,4.0,1486.0,77.0,68,3741,30,71.1,False,True,False,330.2,486.0
90,B330,3,1999,1999-07-11,2.2006999969482424,517.38,3.799999952316284,1229.0,95.0,70,3921,31,71.1,False,True,False,330.2,317.0
90,B331,1,1990,1990-05-29,1.2296000003814695,538.72,2.5999999046325684,1741.0,94.0,66,2380,22,71.1,False,True,False,330.2,0.0
90,B331,3,1991,1991-07-18,1.1969000101089478,489.4,3.0,1792.0,76.0,68,2517,23,71.1,False,True,False,330.2,415.0
90,B331,3,1992,1992-08-29,1.0681999981403352,419.74,3.0999999046325684,1395.0,88.0,68,2653,24,71.1,False,True,False,330.2,408.0
90,B331,3,1993,1993-06-12,1.2613999962806703,609.37,2.400000095367432,1512.0,89.0,70,2803,25,71.1,False,True,False,330.2,287.0
90,B331,3,1995,1995-05-25,1.5890499889850616,575.21,1.7999999523162842,1966.0,71.0,68,3153,27,71.1,False,True,False,330.2,712.0
90,B331,4,1997,1997-04-29,2.038600003719329,502.27,3.299999952316284,1596.0,87.0,68,3556,29,71.1,False,True,False,330.2,705.0
90,B331,4,1998,1998-08-28,2.281100010871887,558.62,4.0,1486.0,77.0,68,3741,30,71.1,False,True,False,330.2,486.0
90,B331,4,1999,1999-07-11,2.447399973869324,517.38,3.799999952316284,1229.0,95.0,70,3921,31,71.1,False,True,False,330.2,317.0
90,B340,1,1990,1990-05-29,1.7079999923706053,538.72,2.5999999046325684,1741.0,94.0,66,2380,22,86.4,False,True,False,345.5,0.0
90,B340,1,1991,1991-07-18,1.655299997329712,489.4,3.0,1792.0,76.0,68,2517,23,86.4,False,True,False,345.5,415.0
90,B340,1,1992,1992-08-29,1.448800003528595,419.74,3.0999999046325684,1395.0,88.0,68,2653,24,86.4,False,True,False,345.5,408.0
90,B340,2,1993,1993-06-12,1.8291000247001648,609.37,2.400000095367432,1512.0,89.0,70,2803,25,86.4,False,True,False,345.5,287.0
90,B340,2,1994,1994-07-19,1.8278000116348267,470.59,2.400000095367432,1866.0,80.0,68,2972,26,86.4,False,True,False,345.5,402.0
90,B340,2,1995,1995-05-25,2.0361999928951264,575.21,1.7999999523162842,1966.0,71.0,68,3153,27,86.4,False,True,False,345.5,310.0
90,B340,3,1997,1997-04-29,2.984600019454956,502.27,3.299999952316284,1596.0,87.0,68,3556,29,86.4,False,True,False,345.5,705.0
90,B340,3,1998,1998-08-28,2.526700043678284,558.62,4.0,1486.0,77.0,68,3741,30,86.4,False,True,False,345.5,486.0
90,B340,3,1999,1999-07-11,2.5641000509262084,517.38,3.799999952316284,1229.0,95.0,70,3921,31,86.4,False,True,False,345.5,317.0
90,B350,1,1990,1990-05-29,0.9754000008106232,538.72,2.5999999046325684,1741.0,94.0,66,2380,22,53.3,False,True,False,312.4,0.0
90,B350,2,1991,1991-07-18,1.116899973154068,489.4,3.0,1792.0,76.0,68,2517,23,60.9,False,True,False,320.0,415.0
90,B350,2,1992,1992-08-29,1.1086000084877017,419.74,3.0999999046325684,1395.0,88.0,68,2653,24,60.9,False,True,False,320.0,408.0
90,B350,2,1993,1993-06-12,1.2914999961853026,609.37,2.400000095367432,1512.0,89.0,70,2803,25,60.9,False,True,False,320.0,287.0
90,B350,2,1994,1994-05-05,1.2555499970912931,470.59,2.400000095367432,1866.0,80.0,68,2972,26,60.9,False,True,False,320.0,327.0
90,B350,2,1995,1995-05-25,1.40104997754097,575.21,1.7999999523162842,1966.0,71.0,68,3153,27,60.9,False,True,False,320.0,385.0
90,B350,3,1997,1997-04-29,1.8964000225067137,502.27,3.299999952316284,1596.0,87.0,68,3556,29,60.9,False,True,False,320.0,705.0
90,B350,3,1998,1998-08-28,2.0943000435829164,558.62,4.0,1486.0,77.0,68,3741,30,60.9,False,True,False,320.0,486.0
90,B350,4,1999,1999-07-11,2.1207000017166138,517.38,3.799999952316284,1229.0,95.0,70,3921,31,60.9,False,True,False,320.0,317.0
90,B351,1,1990,1990-05-29,1.4480999946594235,538.72,2.5999999046325684,1741.0,94.0,66,2380,22,78.7,False,True,False,337.79999999999995,0.0
90,B351,2,1991,1991-07-18,1.4530999898910522,489.4,3.0,1792.0,76.0,68,2517,23,83.8,False,True,False,342.9,415.0
90,B351,2,1992,1992-08-29,1.3223999977111816,419.74,3.0999999046325684,1395.0,88.0,68,2653,24,83.8,False,True,False,342.9,408.0
90,B351,2,1993,1993-06-12,1.5358999729156495,609.37,2.400000095367432,1512.0,89.0,70,2803,25,83.8,False,True,False,342.9,287.0
90,B351,2,1994,1994-07-19,1.644600009918213,470.59,2.400000095367432,1866.0,80.0,68,2972,26,83.8,False,True,False,342.9,402.0
90,B351,2,1995,1995-05-25,1.9259000182151795,575.21,1.7999999523162842,1966.0,71.0,68,3153,27,83.8,False,True,False,342.9,310.0
90,B351,3,1997,1997-04-29,2.495299983024597,502.27,3.299999952316284,1596.0,87.0,68,3556,29,83.8,False,True,False,342.9,705.0
90,B351,3,1998,1998-08-28,2.5330999851226808,558.62,4.0,1486.0,77.0,68,3741,30,83.8,False,True,False,342.9,486.0
90,B351,3,1999,1999-07-11,2.715700006484985,517.38,3.799999952316284,1229.0,95.0,70,3921,31,83.8,False,True,False,342.9,317.0
